Product_ID,Variant_ID,Company_ID,Company_Location_ID,Quantity,Contract_Price,Last_Purchase_Price,Template_Name,Template_Price
"018_300000003628279","","","","",,,"VMI",0
"050_300000003628279","","","","",,,"VMI",0
"051_300000003628279","","","","",,,"VMI",0
"053_300000003628227","","","","",,,"VMI",0
"057_300000003628227","","","","",,,"VMI",0
"060_300000003628227","","","","",,,"VMI",0
"064_300000003628227","","","","",,,"VMI",0
"066_300000003628227","","","","",,,"VMI",0
"067_300000003628227","","","","",,,"VMI",0
"070_300000003628227","","","","",,,"VMI",0
"071_300000003628227","","","","",,,"VMI",0
"072_300000003628227","","","","",,,"VMI",0
"072_300000003628419","","","","",,,"VMI",0
"073_300000003628227","","","","",,,"VMI",0
"074_300000003628227","","","","",,,"VMI",0
"074_300000003628419","","","","",,,"VMI",0
"075_300000003628227","","","","",,,"VMI",0
"076_300000003628227","","","","",,,"VMI",0
"077_300000003628227","","","","",,,"VMI",0
"078_300000003628227","","","","",,,"VMI",0
"078_300000003628419","","","","",,,"VMI",0
"080_300000003628227","","","","",,,"VMI",0
"082_300000003628279","","","","",,,"VMI",0
"083_300000003628279","","","","",,,"VMI",0
"084_300000003628279","","","","",,,"VMI",0
"088_300000003628227","","","","",,,"VMI",0
"090_300000003628279","","","","",,,"VMI",0
"096_300000003628227","","","","",,,"VMI",0
"097_300000003628227","","","","",,,"VMI",0
"155_300000003628279","","","","",,,"VMI",0
"018_300000003628279","","","","",,,"B2B",0
"050_300000003628279","","","","",,,"B2B",0
"051_300000003628279","","","","",,,"B2B",0
"053_300000003628227","","","","",,,"B2B",0
"057_300000003628227","","","","",,,"B2B",0
"060_300000003628227","","","","",,,"B2B",0
"064_300000003628227","","","","",,,"B2B",0
"066_300000003628227","","","","",,,"B2B",0
"067_300000003628227","","","","",,,"B2B",0
"070_300000003628227","","","","",,,"B2B",0
"071_300000003628227","","","","",,,"B2B",0
"072_300000003628227","","","","",,,"B2B",0
"072_300000003628419","","","","",,,"B2B",0
"073_300000003628227","","","","",,,"B2B",0
"074_300000003628227","","","","",,,"B2B",0
"074_300000003628419","","","","",,,"B2B",0
"075_300000003628227","","","","",,,"B2B",0
"076_300000003628227","","","","",,,"B2B",0
"077_300000003628227","","","","",,,"B2B",0
"078_300000003628227","","","","",,,"B2B",0
"078_300000003628419","","","","",,,"B2B",0
"080_300000003628227","","","","",,,"B2B",0
"082_300000003628279","","","","",,,"B2B",0
"083_300000003628279","","","","",,,"B2B",0
"084_300000003628279","","","","",,,"B2B",0
"088_300000003628227","","","","",,,"B2B",0
"090_300000003628279","","","","",,,"B2B",0
"096_300000003628227","","","","",,,"B2B",0
"097_300000003628227","","","","",,,"B2B",0
"155_300000003628279","","","","",,,"B2B",0
"","100000007923418","INN1","","",0.1779332,,"",
"","100000007923497","INN1","","",0.675015538,,"",
"","100000007923433","INN1","","",1.1375814,,"",
"","100000007923455","INN1","","",0.551439027,,"",
"","100000007923376","INN1","","",0.870496,,"",
"","100000007923286","INN1","","",0.8361372,,"",
"","100000007924144","INN1","","",0.653553064,,"",
"","100000007924085","INN1","","",0.673407486,,"",
"","100000007924123","INN1","","",0.8630988,,"",
"","100000007924169","INN1","","",0.8047184,,"",
"","100000007923739","INN1","","",0.449920381,,"",
"","100000007923769","INN1","","",0.7066948,,"",
"","100000007923674","INN1","","",0.308340077,,"",
"","100000007924023","INN1","","",0.61806,,"",
"","100000007924051","INN1","","",0.687881,,"",
"","100000007923860","INN1","","",0.4111742,,"",
"","100000007923900","INN1","","",0.493414,,"",
"","100000007924720","INN1","","",0.667931136,,"",
"","100000007905428","INN1","","",6.030860116,,"",
"","100000007905411","INN1","","",29.83236948,,"",
"","100000007904385","INN1","","",0.0360632,,"",
"","100000007904427","INN1","","",0.0538352,,"",
"","100000007904495","INN1","","",0.0538352,,"",
"","100000007904522","INN1","","",0.290346474,,"",
"","100000307474578","INN1","","",23.0968,,"",
"","100000307474579","INN1","","",21.4798,,"",
"","100000007904616","INN1","","",20.7800567,,"",
"","100000007904747","INN1","","",16.363998,,"",
"","100000007904798","INN1","","",17.19912963,,"",
"","100000007904864","INN1","","",5.0477212,,"",
"","100000007909326","INN1","","",33.99073144,,"",
"","100000007909005","INN1","","",54.18954816,,"",
"","100000007908879","INN1","","",20.54383063,,"",
"","100000007908902","INN1","","",7.4806848,,"",
"","100000007910197","INN1","","",10.63796285,,"",
"","100000007910020","INN1","","",6.212282256,,"",
"","100000007923483","INN1","","",0.702630903,,"",
"","100000007924723","INN1","","",0.483567329,,"",
"","100000007924250","INN1","","",0.395912781,,"",
"","100000007924261","INN1","","",0.300456,,"",
"","100000007924285","INN1","","",0.327322,,"",
"","100000007924220","INN1","","",0.846767723,,"",
"","100000007924208","INN1","","",0.59305,,"",
"","100000007924231","INN1","","",0.717224355,,"",
"","100000007924530","INN1","","",0.2784258,,"",
"","100000007924557","INN1","","",0.4946328,,"",
"","100000007924521","INN1","","",0.3523474,,"",
"","100000007924468","INN1","","",0.1628156,,"",
"","100000007923690","INN1","","",0.423032413,,"",
"","100000007925257","INN1","","",0.364348495,,"",
"","100000007925279","INN1","","",0.062648,,"",
"","100000007925292","INN1","","",0.067790434,,"",
"","100000007925315","INN1","","",0.139733,,"",
"","100000007925330","INN1","","",0.1404166,,"",
"","100000007925343","INN1","","",0.1780054,,"",
"","100000007924859","INN1","","",1.0542262,,"",
"","100000007924926","INN1","","",0.498103,,"",
"","100000007924853","INN1","","",0.911545174,,"",
"","100000007925091","INN1","","",0.0698386,,"",
"","100000007925113","INN1","","",0.0697768,,"",
"","100000007925070","INN1","","",0.2489616,,"",
"","100000007924982","INN1","","",0.0953598,,"",
"","100000007907802","INN1","","",14.07094608,,"",
"","100000007908013","INN1","","",9.837100512,,"",
"","100000007907457","INN1","","",44.58488141,,"",
"","100000007907480","INN1","","",4.4095888,,"",
"","100000007907481","INN1","","",27.44011923,,"",
"","100000007909761","INN1","","",106.2104957,,"",
"","100000007908517","INN1","","",22.76559312,,"",
"","100000007908571","INN1","","",9.32747886,,"",
"","100000007909233","INN1","","",78.348403,,"",
"","100000007909064","INN1","","",40.6768845,,"",
"","100000007909125","INN1","","",50.27944464,,"",
"","100000007909101","INN1","","",83.32020371,,"",
"","100000007910271","INN1","","",361.9128614,,"",
"","100000007924244","INN1","","",0.319335742,,"",
"","100000007924187","INN1","","",1.346523264,,"",
"","100000007924564","INN1","","",0.423605761,,"",
"","100000007924484","INN1","","",0.2506932,,"",
"","100000007924335","INN1","","",0.3984316,,"",
"","100000007924312","INN1","","",0.1768332,,"",
"","100000007924419","INN1","","",0.1055574,,"",
"","100000007924453","INN1","","",0.1106026,,"",
"","100000007924304","INN1","","",0.1470062,,"",
"","100000007924306","INN1","","",0.0905032,,"",
"","100000007924325","INN1","","",0.070832916,,"",
"","100000007924326","INN1","","",0.1192268,,"",
"","100000007925316","INN1","","",0.1051086,,"",
"","100000007925354","INN1","","",0.171913,,"",
"","100000007925258","INN1","","",0.1792164,,"",
"","100000007925271","INN1","","",0.185566154,,"",
"","100000007925293","INN1","","",0.3255858,,"",
"","100000007925269","INN1","","",0.18998358,,"",
"","100000007925285","INN1","","",1.1275964,,"",
"","100000007924875","INN1","","",0.459781,,"",
"","100000007924893","INN1","","",0.6267604,,"",
"","100000007924823","INN1","","",0.047415151,,"",
"","100000007925092","INN1","","",0.111828,,"",
"","100000007924958","INN1","","",0.196487,,"",
"","100000007925023","INN1","","",0.0883554,,"",
"","100000007925040","INN1","","",0.146127,,"",
"","100000007924948","INN1","","",0.3972834,,"",
"","100000007924974","INN1","","",0.428796,,"",
"","100000007924955","INN1","","",0.2143798,,"",
"","100000007925014","INN1","","",0.4345632,,"",
"","100000007925037","INN1","","",0.3290516,,"",
"","100000007924990","INN1","","",0.1024946,,"",
"","100000007908097","INN1","","",29.56740667,,"",
"","100000007907837","INN1","","",29.66091523,,"",
"","100000007907523","INN1","","",11.68857,,"",
"","100000007907620","INN1","","",13.0605066,,"",
"","100000007907524","INN1","","",69.068538,,"",
"","100000007909705","INN1","","",81.2636172,,"",
"","100000007909741","INN1","","",61.58055931,,"",
"","100000007909914","INN1","","",112.8282739,,"",
"","100000007908618","INN1","","",46.84778856,,"",
"","100000007908670","INN1","","",116.7921914,,"",
"","100000007908936","INN1","","",77.00811672,,"",
"","100000307430496","INN1","","",13.004,,"",
"","100000307430496","INN1","","",0.13,,"",
"","100000307430497","INN1","","",14.5024,,"",
"","100000307430497","INN1","","",0.145,,"",
"","100000307430498","INN1","","",17.0163,,"",
"","100000307430498","INN1","","",0.1702,,"",
"","100000307430499","INN1","","",21.189,,"",
"","100000307430499","INN1","","",0.2119,,"",
"","100000307430500","INN1","","",22.3095,,"",
"","100000007901002","INN1","","",140.0072087,,"",
"","100000007901005","INN1","","",140.5929776,,"",
"","100000307430527","INN1","","",88.7204,,"",
"","100000307430528","INN1","","",106.1768,,"",
"","100000307430529","INN1","","",128.7683,,"",
"","100000307430530","INN1","","",137.0288,,"",
"","100000307430531","INN1","","",141.7836,,"",
"","100000307430532","INN1","","",167.0577,,"",
"","100000007924232","INN1","","",0.117319,,"",
"","100000007924246","INN1","","",0.2189735,,"",
"","100000007925499","INN1","","",0.1326868,,"",
"","100000007925427","INN1","","",0.498557174,,"",
"","100000007925463","INN1","","",0.368206475,,"",
"","100000007926046","INN1","","",0.291498,,"",
"","100000007926085","INN1","","",0.28900208,,"",
"","100000007926037","INN1","","",0.4743236,,"",
"","100000007926055","INN1","","",0.151045,,"",
"","100000007924345","INN1","","",0.0493282,,"",
"","100000007926394","INN1","","",0.182528332,,"",
"","100000007926525","INN1","","",0.212003,,"",
"","100000007925531","INN1","","",0.0921148,,"",
"","100000007925547","INN1","","",0.454722156,,"",
"","100000007925571","INN1","","",0.3644692,,"",
"","100000007925587","INN1","","",0.2087424,,"",
"","100000007925614","INN1","","",0.2686116,,"",
"","100000007925520","INN1","","",0.426996,,"",
"","100000007922470","INN1","","",0.256845563,,"",
"","100000007922161","INN1","","",0.242132207,,"",
"","100000007922150","INN1","","",0.511259169,,"",
"","100000007922167","INN1","","",0.6563208,,"",
"","100000007910706","INN1","","",3.152881152,,"",
"","100000007912177","INN1","","",13.63354805,,"",
"","100000007912268","INN1","","",26.23543992,,"",
"","100000307430500","INN1","","",0.2231,,"",
"","100000307430501","INN1","","",24.5468,,"",
"","100000307430501","INN1","","",0.2455,,"",
"","100000307430502","INN1","","",26.5836,,"",
"","100000307430502","INN1","","",0.2658,,"",
"","100000307430533","INN1","","",87.7946,,"",
"","100000307430534","INN1","","",95.7334,,"",
"","100000307430535","INN1","","",101.499,,"",
"","100000307430536","INN1","","",109.0532,,"",
"","100000007902855","INN1","","",22.40465098,,"",
"","100000007902779","INN1","","",43.5750444,,"",
"","100000007903625","INN1","","",5.166625872,,"",
"","100000307438739","INN1","","",7.4964,,"",
"","100000307438740","INN1","","",9.3249,,"",
"","100000307438741","INN1","","",8.7971,,"",
"","100000307438742","INN1","","",10.2867,,"",
"","100000007926073","INN1","","",0.144172219,,"",
"","100000007925986","INN1","","",0.263663267,,"",
"","100000007925581","INN1","","",0.3309438,,"",
"","100000007925512","INN1","","",0.2222818,,"",
"","100000007922105","INN1","","",0.46958,,"",
"","100000007922151","INN1","","",0.3078812,,"",
"","100000007922125","INN1","","",0.3591788,,"",
"","100000007910788","INN1","","",6.245555754,,"",
"","100000007910838","INN1","","",4.417946928,,"",
"","100000307430554","INN1","","",62.8372,,"",
"","100000007910573","INN1","","",7.34106682,,"",
"","100000007912483","INN1","","",23.56415712,,"",
"","100000307438641","INN1","","",13.2085,,"",
"","100000307438708","INN1","","",16.2942,,"",
"","100000307438708","INN1","","",0.1629,,"",
"","100000307438710","INN1","","",18.2436,,"",
"","100000307438710","INN1","","",0.1824,,"",
"","100000307438712","INN1","","",19.158,,"",
"","100000307438712","INN1","","",0.1916,,"",
"","100000307438713","INN1","","",19.9938,,"",
"","100000307438713","INN1","","",0.1999,,"",
"","100000007903717","INN1","","",11.09479064,,"",
"","100000007903741","INN1","","",440.061182,,"",
"","100000007903911","INN1","","",208.1908234,,"",
"","100000007903627","INN1","","",496.1253142,,"",
"","100000007922245","INN1","","",0.227733,,"",
"","100000007922202","INN1","","",0.4055996,,"",
"","100000007922223","INN1","","",0.2070984,,"",
"","100000007926041","INN1","","",0.4045696,,"",
"","100000007923095","INN1","","",0.2623028,,"",
"","100000007926494","INN1","","",0.3840664,,"",
"","100000007922614","INN1","","",0.783333019,,"",
"","100000007922628","INN1","","",0.687938,,"",
"","100000007922647","INN1","","",0.5889548,,"",
"","100000007922554","INN1","","",0.4998356,,"",
"","100000007922572","INN1","","",1.013688142,,"",
"","100000007922589","INN1","","",0.4431988,,"",
"","100000007922607","INN1","","",0.947501174,,"",
"","100000007922858","INN1","","",0.28029,,"",
"","100000007923555","INN1","","",0.64071278,,"",
"","100000007923578","INN1","","",0.613925343,,"",
"","100000007923575","INN1","","",0.678488431,,"",
"","100000007923628","INN1","","",0.382327692,,"",
"","100000007923569","INN1","","",1.2565084,,"",
"","100000007923588","INN1","","",0.924172994,,"",
"","100000007901533","INN1","","",37.1518735,,"",
"","100000007901300","INN1","","",42.630098,,"",
"","100000007901350","INN1","","",303.8799747,,"",
"","100000307430568","INN1","","",6.7685,,"",
"","100000307430569","INN1","","",9.8465,,"",
"","100000307430570","INN1","","",14.0957,,"",
"","100000307430571","INN1","","",17.7748,,"",
"","100000307430572","INN1","","",22.5043,,"",
"","100000307430573","INN1","","",24.4224,,"",
"","100000307430574","INN1","","",31.4103,,"",
"","100000307430575","INN1","","",34.8438,,"",
"","100000307430576","INN1","","",40.3204,,"",
"","100000307430577","INN1","","",41.4255,,"",
"","100000307438613","INN1","","",15.8658,,"",
"","100000307438614","INN1","","",19.8986,,"",
"","100000307438615","INN1","","",26.1366,,"",
"","100000307438617","INN1","","",35.6256,,"",
"","100000307438645","INN1","","",21.9885,,"",
"","100000307438645","INN1","","",0.2199,,"",
"","100000307438714","INN1","","",21.3175,,"",
"","100000307438714","INN1","","",0.2132,,"",
"","100000307438717","INN1","","",9.6876,,"",
"","100000307438718","INN1","","",12.6253,,"",
"","100000007908263","INN1","","",22.420314,,"",
"","100000007908397","INN1","","",24.80470282,,"",
"","100000007908305","INN1","","",7.4806848,,"",
"","100000008030542","INN1","","",53.21334502,,"",
"","100000007922309","INN1","","",0.0886514,,"",
"","100000007922348","INN1","","",0.3330372,,"",
"","100000007922236","INN1","","",0.4921176,,"",
"","100000007922183","INN1","","",0.210595,,"",
"","100000007922197","INN1","","",0.780175,,"",
"","100000007922216","INN1","","",0.343826,,"",
"","100000007922230","INN1","","",0.3230568,,"",
"","100000007923012","INN1","","",0.594197988,,"",
"","100000007922573","INN1","","",1.0236934,,"",
"","100000007922608","INN1","","",0.2893302,,"",
"","100000007922561","INN1","","",0.491188261,,"",
"","100000007922769","INN1","","",0.519409798,,"",
"","100000007922791","INN1","","",0.6852812,,"",
"","100000007922686","INN1","","",0.5594812,,"",
"","100000007923611","INN1","","",0.667573911,,"",
"","100000007923602","INN1","","",2.8460552,,"",
"","100000007923205","INN1","","",0.5132034,,"",
"","100000007923147","INN1","","",0.228747,,"",
"","100000007923163","INN1","","",0.1055902,,"",
"","100000307430578","INN1","","",45.3063,,"",
"","100000307438586","INN1","","",100.5204,,"",
"","100000307438587","INN1","","",97.9814,,"",
"","100000307438624","INN1","","",7.7349,,"",
"","100000007905846","INN1","","",5.34140784,,"",
"","100000007906528","INN1","","",36.4683384,,"",
"","100000007906571","INN1","","",36.4683384,,"",
"","100000007908250","INN1","","",17.88347451,,"",
"","100000008030166","INN1","","",7.84593401,,"",
"","100000008030543","INN1","","",47.39975452,,"",
"","100000008030322","INN1","","",23.1631596,,"",
"","100000008030544","INN1","","",37.78586254,,"",
"","100000008030473","INN1","","",35.3680542,,"",
"","100000008030614","INN1","","",15.45400296,,"",
"","100000008030474","INN1","","",8.79516963,,"",
"","100000007923534","INN1","","",0.346343,,"",
"","100000007923399","INN1","","",0.607576,,"",
"","100000007923426","INN1","","",0.5459004,,"",
"","100000007923273","INN1","","",0.376636,,"",
"","100000007923295","INN1","","",0.428849733,,"",
"","100000007924133","INN1","","",0.7749308,,"",
"","100000007924057","INN1","","",0.83755542,,"",
"","100000007923668","INN1","","",0.410535,,"",
"","100000007923684","INN1","","",0.483927,,"",
"","100000007923731","INN1","","",0.7488396,,"",
"","100000007923760","INN1","","",0.6446134,,"",
"","100000007923777","INN1","","",0.493414,,"",
"","100000007923677","INN1","","",0.3509178,,"",
"","100000007923703","INN1","","",0.2913688,,"",
"","100000007923766","INN1","","",0.795808529,,"",
"","100000007923998","INN1","","",0.682436241,,"",
"","100000007922780","INN1","","",0.90602321,,"",
"","100000007923929","INN1","","",0.933324953,,"",
"","100000007923920","INN1","","",0.7370716,,"",
"","100000007923948","INN1","","",1.569159288,,"",
"","100000007923893","INN1","","",0.4775196,,"",
"","100000007923891","INN1","","",0.5214736,,"",
"","100000007923805","INN1","","",0.576388702,,"",
"","100000007923187","INN1","","",0.4289866,,"",
"","100000007905393","INN1","","",63.21613486,,"",
"","100000007905447","INN1","","",4.597426944,,"",
"","100000007905548","INN1","","",14.08238914,,"",
"","100000007904515","INN1","","",13.00053885,,"",
"","100000007904328","INN1","","",1.5312174,,"",
"","100000007904965","INN1","","",1.043950045,,"",
"","100000007905050","INN1","","",1.428684048,,"",
"","100000007905105","INN1","","",1.22857157,,"",
"","100000007905176","INN1","","",0.806869135,,"",
"","100000007905218","INN1","","",1.137348057,,"",
"","100000007904903","INN1","","",1.362930071,,"",
"","100000007907095","INN1","","",22.89089549,,"",
"","100000007907074","INN1","","",16.32659458,,"",
"","100000007906573","INN1","","",3.053676698,,"",
"","100000007906042","INN1","","",3.476290468,,"",
"","100000007906148","INN1","","",4.610652,,"",
"","100000007906191","INN1","","",4.6122172,,"",
"","100000007906264","INN1","","",7.269728,,"",
"","100000008025377","INN1","","",8.687813328,,"",
"","100000008025613","INN1","","",8.904663683,,"",
"","100000008022679","INN1","","",0.41116,,"",
"","100000008023061","INN1","","",0.3322536,,"",
"","100000008023424","INN1","","",0.2910118,,"",
"","100000008022440","INN1","","",0.3492188,,"",
"","100000008022600","INN1","","",0.3052556,,"",
"","100000007951843","B4U1","","",0.351285714,,"",
"","100000007951859","B4U1","","",0.417714286,,"",
"","100000007951880","B4U1","","",0.385142857,,"",
"","100000007951818","B4U1","","",0.464714286,,"",
"","100000007952117","B4U1","","",0.203,,"",
"","100000007951907","B4U1","","",0.186142857,,"",
"","100000007940558","B4U1","","",0.655714286,,"",
"","100000007940421","B4U1","","",0.597857143,,"",
"","100000007940443","B4U1","","",0.534,,"",
"","100000007940515","B4U1","","",0.406285714,,"",
"","100000007940539","B4U1","","",0.485428571,,"",
"","100000007940402","B4U1","","",0.526571429,,"",
"","100000007940422","B4U1","","",0.550571429,,"",
"","100000007940452","B4U1","","",0.580714286,,"",
"","100000007940505","B4U1","","",0.689142857,,"",
"","100000007940881","B4U1","","",0.352714286,,"",
"","100000007940908","B4U1","","",0.432428571,,"",
"","100000007940769","B4U1","","",0.133428571,,"",
"","100000007940770","B4U1","","",0.156571429,,"",
"","100000007940757","B4U1","","",0.179714286,,"",
"","100000007940795","B4U1","","",0.193428571,,"",
"","100000007940821","B4U1","","",0.213285714,,"",
"","100000007940885","B4U1","","",0.257,,"",
"","100000007940691","B4U1","","",0.324714286,,"",
"","100000007941633","B4U1","","",0.086714286,,"",
"","100000007941657","B4U1","","",0.082714286,,"",
"","100000007941674","B4U1","","",0.087142857,,"",
"","100000007941565","B4U1","","",0.104571429,,"",
"","100000007941584","B4U1","","",0.121857143,,"",
"","100000007941608","B4U1","","",0.108714286,,"",
"","100000007941650","B4U1","","",0.174857143,,"",
"","100000007941199","B4U1","","",0.618714286,,"",
"","100000007941224","B4U1","","",0.569428571,,"",
"","100000007941111","B4U1","","",0.447428571,,"",
"","100000007941136","B4U1","","",0.449428571,,"",
"","100000007941152","B4U1","","",0.475857143,,"",
"","100000007941173","B4U1","","",0.736857143,,"",
"","100000007941191","B4U1","","",0.821428571,,"",
"","100000007941235","B4U1","","",1.204142857,,"",
"","100000007941137","B4U1","","",0.314714286,,"",
"","100000007941159","B4U1","","",0.390285714,,"",
"","100000007941441","B4U1","","",0.907714286,,"",
"","100000007941480","B4U1","","",1.107714286,,"",
"","100000007941431","B4U1","","",0.860142857,,"",
"","100000007941472","B4U1","","",0.895714286,,"",
"","100000007942202","B4U1","","",3.228142857,,"",
"","100000007942233","B4U1","","",0.039142857,,"",
"","100000007942142","B4U1","","",0.030714286,,"",
"","100000007942160","B4U1","","",0.034428571,,"",
"","100000007942203","B4U1","","",0.055857143,,"",
"","100000007942218","B4U1","","",0.057142857,,"",
"","100000007942108","B4U1","","",0.059142857,,"",
"","100000007942124","B4U1","","",0.067857143,,"",
"","100000007942152","B4U1","","",0.069285714,,"",
"","100000007942169","B4U1","","",0.076714286,,"",
"","100000007941698","B4U1","","",0.193571429,,"",
"","100000007941725","B4U1","","",0.194857143,,"",
"","100000007941766","B4U1","","",0.272,,"",
"","100000007940954","AMP1","","",117.7600122,,"",
"","100000007941008","AMP1","","",134.7992537,,"",
"","100000007940449","AMP1","","",102.1737637,,"",
"","100000007940471","AMP1","","",88.27432082,,"",
"","100000007951832","B4U1","","",0.492285714,,"",
"","100000007951851","B4U1","","",0.561571429,,"",
"","100000007952099","B4U1","","",0.617857143,,"",
"","100000007952123","B4U1","","",0.797571429,,"",
"","100000007952031","B4U1","","",0.678142857,,"",
"","100000007952039","B4U1","","",4.568428571,,"",
"","100000007952058","B4U1","","",0.898571429,,"",
"","100000007952125","B4U1","","",0.952571429,,"",
"","100000007952032","B4U1","","",1.268571429,,"",
"","100000007951927","B4U1","","",0.190857143,,"",
"","100000007951941","B4U1","","",0.232,,"",
"","100000007951967","B4U1","","",0.254,,"",
"","100000007951979","B4U1","","",0.218571429,,"",
"","100000007952007","B4U1","","",0.288285714,,"",
"","100000007951908","B4U1","","",0.347142857,,"",
"","100000007952790","B4U1","","",0.289,,"",
"","100000007952685","B4U1","","",0.081142857,,"",
"","100000007952708","B4U1","","",0.302,,"",
"","100000007952758","B4U1","","",0.381714286,,"",
"","100000007952698","B4U1","","",0.747714286,,"",
"","100000007952338","B4U1","","",0.266285714,,"",
"","100000007952351","B4U1","","",0.228285714,,"",
"","100000007952373","B4U1","","",0.250285714,,"",
"","100000007952325","B4U1","","",0.334571429,,"",
"","100000007940453","B4U1","","",0.083571429,,"",
"","100000007941877","B4U1","","",0.326571429,,"",
"","100000007941903","B4U1","","",0.355,,"",
"","100000007941875","B4U1","","",0.360571429,,"",
"","100000007941901","B4U1","","",0.360571429,,"",
"","100000007941916","B4U1","","",0.499571429,,"",
"","100000007940608","B4U1","","",0.173142857,,"",
"","100000007941634","B4U1","","",0.441857143,,"",
"","100000007941658","B4U1","","",0.519285714,,"",
"","100000007941174","B4U1","","",0.398428571,,"",
"","100000007942434","B4U1","","",0.091428571,,"",
"","100000007942446","B4U1","","",0.123285714,,"",
"","100000007942470","B4U1","","",0.116714286,,"",
"","100000007942473","B4U1","","",0.060285714,,"",
"","100000007942394","B4U1","","",0.176571429,,"",
"","100000007942406","B4U1","","",0.228285714,,"",
"","100000007942428","B4U1","","",0.191714286,,"",
"","100000007943284","B4U1","","",0.148285714,,"",
"","100000007943310","B4U1","","",0.194571429,,"",
"","100000007943337","B4U1","","",0.172,,"",
"","100000007942193","B4U1","","",0.074714286,,"",
"","100000007943048","B4U1","","",0.037142857,,"",
"","100000007943852","B4U1","","",0.074285714,,"",
"","100000007943872","B4U1","","",0.098285714,,"",
"","100000007943905","B4U1","","",0.079857143,,"",
"","100000007943812","B4U1","","",0.133714286,,"",
"","100000007952044","B4U1","","",0.954857143,,"",
"","100000007952066","B4U1","","",1.093857143,,"",
"","100000007952100","B4U1","","",1.830714286,,"",
"","100000007952046","B4U1","","",0.584857143,,"",
"","100000007952082","B4U1","","",1.248857143,,"",
"","100000007951958","B4U1","","",0.087,,"",
"","100000007951980","B4U1","","",0.411571429,,"",
"","100000007951997","B4U1","","",0.459428571,,"",
"","100000007951899","B4U1","","",0.531142857,,"",
"","100000007952715","B4U1","","",5.093285714,,"",
"","100000007952759","B4U1","","",0.491142857,,"",
"","100000007952780","B4U1","","",0.603285714,,"",
"","100000007952808","B4U1","","",0.519285714,,"",
"","100000007952678","B4U1","","",0.721571429,,"",
"","100000007952699","B4U1","","",0.694571429,,"",
"","100000007952727","B4U1","","",0.674,,"",
"","100000007952752","B4U1","","",0.994285714,,"",
"","100000007952339","B4U1","","",0.434428571,,"",
"","100000007952303","B4U1","","",0.546571429,,"",
"","100000007952340","B4U1","","",0.684857143,,"",
"","100000007942674","B4U1","","",0.507857143,,"",
"","100000007942690","B4U1","","",0.502285714,,"",
"","100000007942728","B4U1","","",0.458285714,,"",
"","100000007942768","B4U1","","",0.224142857,,"",
"","100000007942487","B4U1","","",0.080285714,,"",
"","100000007943267","B4U1","","",0.280571429,,"",
"","100000007943258","B4U1","","",0.124857143,,"",
"","100000007942977","B4U1","","",0.031428571,,"",
"","100000007943813","B4U1","","",0.061571429,,"",
"","100000007950148","B4U1","","",0.418285714,,"",
"","100000007950249","B4U1","","",0.530142857,,"",
"","100000007950171","B4U1","","",0.576285714,,"",
"","100000007950413","B4U1","","",0.458714286,,"",
"","100000007951062","B4U1","","",1.020428571,,"",
"","100000007951077","B4U1","","",0.923714286,,"",
"","100000007951099","B4U1","","",1.204857143,,"",
"","100000007951115","B4U1","","",1.298,,"",
"","100000007951138","B4U1","","",1.56,,"",
"","100000007951078","B4U1","","",1.806714286,,"",
"","100000007951100","B4U1","","",2.016428571,,"",
"","100000007952633","B4U1","","",5.300142857,,"",
"","100000007952517","B4U1","","",11.90985714,,"",
"","100000007940366","B4U1","","",0.129857143,,"",
"","100000007940245","B4U1","","",0.146142857,,"",
"","100000007940291","B4U1","","",0.161571429,,"",
"","100000007940310","B4U1","","",0.177428571,,"",
"","100000007940338","B4U1","","",0.257714286,,"",
"","100000007940385","B4U1","","",0.224142857,,"",
"","100000007940282","B4U1","","",0.249857143,,"",
"","100000007940158","B4U1","","",0.017428571,,"",
"","100000007940185","B4U1","","",0.019,,"",
"","100000007940223","B4U1","","",0.019571429,,"",
"","100000007940177","B4U1","","",0.057,,"",
"","100000007939944","B4U1","","",0.133,,"",
"","100000007940550","B4U1","","",0.351285714,,"",
"","100000007940433","B4U1","","",0.442,,"",
"","100000007940463","B4U1","","",0.550428571,,"",
"","100000007940488","B4U1","","",0.724857143,,"",
"","100000007940516","B4U1","","",0.789285714,,"",
"","100000007940403","B4U1","","",0.844714286,,"",
"","100000007940454","B4U1","","",0.105428571,,"",
"","100000007949470","B4U1","","",0.459857143,,"",
"","100000007949391","B4U1","","",0.496285714,,"",
"","100000007949402","B4U1","","",0.158,,"",
"","100000007949427","B4U1","","",0.477571429,,"",
"","100000007951111","B4U1","","",3.673857143,,"",
"","100000007949378","B4U1","","",1.051857143,,"",
"","100000007950934","B4U1","","",0.380857143,,"",
"","100000007950949","B4U1","","",0.505857143,,"",
"","100000007950970","B4U1","","",0.476428571,,"",
"","100000007951008","B4U1","","",0.650714286,,"",
"","100000007951023","B4U1","","",0.655142857,,"",
"","100000007939459","B4U1","","",0.060571429,,"",
"","100000007939374","B4U1","","",0.069,,"",
"","100000007939411","B4U1","","",0.072142857,,"",
"","100000007939432","B4U1","","",0.056285714,,"",
"","100000007940328","B4U1","","",0.301,,"",
"","100000007940346","B4U1","","",0.320428571,,"",
"","100000007940117","B4U1","","",0.02,,"",
"","100000007940142","B4U1","","",0.024428571,,"",
"","100000007940167","B4U1","","",0.026285714,,"",
"","100000007940233","B4U1","","",0.020285714,,"",
"","100000007940118","B4U1","","",0.017,,"",
"","100000007940153","B4U1","","",0.017857143,,"",
"","100000007940168","B4U1","","",0.021,,"",
"","100000007940206","B4U1","","",0.022428571,,"",
"","100000007939971","B4U1","","",0.211857143,,"",
"","100000007940012","B4U1","","",0.054571429,,"",
"","100000007940032","B4U1","","",0.050142857,,"",
"","100000007940083","B4U1","","",0.054285714,,"",
"","100000007939972","B4U1","","",0.068714286,,"",
"","100000007940004","B4U1","","",0.076142857,,"",
"","100000007940478","B4U1","","",0.106857143,,"",
"","100000007940507","B4U1","","",0.125857143,,"",
"","100000007940529","B4U1","","",0.141857143,,"",
"","100000007940561","B4U1","","",0.16,,"",
"","100000007940414","B4U1","","",0.168285714,,"",
"","100000007940496","B4U1","","",0.269571429,,"",
"","100000007939342","AMP1","","",67.75764864,,"",
"","100000007939213","AMP1","","",153.0439854,,"",
"","100000007939624","AMP1","","",113.8000321,,"",
"","100000007949448","B4U1","","",0.531285714,,"",
"","100000007949482","B4U1","","",0.592142857,,"",
"","100000007949495","B4U1","","",0.649428571,,"",
"","100000007949403","B4U1","","",0.715142857,,"",
"","100000007949322","B4U1","","",1.183,,"",
"","100000007949333","B4U1","","",1.401285714,,"",
"","100000007949355","B4U1","","",1.584857143,,"",
"","100000007949279","B4U1","","",1.751857143,,"",
"","100000007949300","B4U1","","",1.702285714,,"",
"","100000007949315","B4U1","","",2.488714286,,"",
"","100000007949365","B4U1","","",0.392857143,,"",
"","100000007949298","B4U1","","",0.383285714,,"",
"","100000007949034","B4U1","","",0.058714286,,"",
"","100000007949071","B4U1","","",0.078857143,,"",
"","100000007949957","B4U1","","",0.440571429,,"",
"","100000007949993","B4U1","","",0.539571429,,"",
"","100000007950065","B4U1","","",0.638571429,,"",
"","100000007950106","B4U1","","",0.606857143,,"",
"","100000007949920","B4U1","","",0.709,,"",
"","100000007949613","B4U1","","",0.652857143,,"",
"","100000007938581","B4U1","","",0.032,,"",
"","100000007938161","B4U1","","",0.076428571,,"",
"","100000007938185","B4U1","","",0.092571429,,"",
"","100000007938200","B4U1","","",0.103571429,,"",
"","100000007938225","B4U1","","",0.080714286,,"",
"","100000007939449","B4U1","","",0.088857143,,"",
"","100000007939475","B4U1","","",0.097,,"",
"","100000007940224","B4U1","","",0.028857143,,"",
"","100000007939118","B4U1","","",0.267,,"",
"","100000007940022","B4U1","","",0.071571429,,"",
"","100000007939564","AMP1","","",74.48868974,,"",
"","100000007937700","AMP1","","",77.92834687,,"",
"","100000007949394","B4U1","","",0.039571429,,"",
"","100000007949408","B4U1","","",0.052571429,,"",
"","100000007951663","B4U1","","",5.411,,"",
"","100000007949307","B4U1","","",0.081857143,,"",
"","100000007949327","B4U1","","",0.111142857,,"",
"","100000007949971","B4U1","","",0.066857143,,"",
"","100000007950020","B4U1","","",0.038142857,,"",
"","100000007950067","B4U1","","",0.089142857,,"",
"","100000007950096","B4U1","","",0.104714286,,"",
"","100000007949923","B4U1","","",0.121285714,,"",
"","100000007949959","B4U1","","",0.105428571,,"",
"","100000007950018","B4U1","","",0.795428571,,"",
"","100000007950066","B4U1","","",0.862714286,,"",
"","100000007950093","B4U1","","",0.953571429,,"",
"","100000007949921","B4U1","","",0.94,,"",
"","100000007949945","B4U1","","",1.097142857,,"",
"","100000007949557","B4U1","","",1.184428571,,"",
"","100000007949623","B4U1","","",1.490571429,,"",
"","100000007949542","B4U1","","",1.436285714,,"",
"","100000007949606","B4U1","","",1.718714286,,"",
"","100000007949514","B4U1","","",2.539571429,,"",
"","100000007938978","B4U1","","",4.121,,"",
"","100000007939741","B4U1","","",0.044,,"",
"","100000007937887","AMP1","","",360.8254644,,"",
"","100000007937788","AMP1","","",66.37664265,,"",
"","100000007938541","AMP1","","",69.08614444,,"",
"","100000007938558","AMP1","","",72.54758762,,"",
"","100000007938631","AMP1","","",93.7972677,,"",
"","100000007938654","AMP1","","",94.2069201,,"",
"","100000007951655","B4U1","","",11.522,,"",
"","100000007951670","B4U1","","",12.20814286,,"",
"","100000007950021","B4U1","","",0.207571429,,"",
"","100000007939760","B4U1","","",0.049285714,,"",
"","100000007938606","B4U1","","",0.029714286,,"",
"","100000007940506","B4U1","","",0.087857143,,"",
"","100000007940560","B4U1","","",0.552428571,,"",
"","100000007940412","B4U1","","",0.106571429,,"",
"","100000007940432","B4U1","","",0.617142857,,"",
"","100000007940423","B4U1","","",0.105285714,,"",
"","100000007940793","B4U1","","",0.67,,"",
"","100000007940818","B4U1","","",0.105714286,,"",
"","100000007938223","B4U1","","",0.175142857,,"",
"","100000007938117","B4U1","","",0.150857143,,"",
"","100000007940629","B4U1","","",0.255142857,,"",
"","100000007940661","B4U1","","",0.247142857,,"",
"","100000007940682","B4U1","","",0.301857143,,"",
"","100000007940714","B4U1","","",0.359571429,,"",
"","100000007940601","B4U1","","",0.409,,"",
"","100000007940651","B4U1","","",0.375142857,,"",
"","100000007941675","B4U1","","",0.551571429,,"",
"","100000007941227","B4U1","","",0.128714286,,"",
"","100000007941122","B4U1","","",0.137428571,,"",
"","100000007941140","B4U1","","",0.197,,"",
"","100000007941162","B4U1","","",0.217571429,,"",
"","100000007941177","B4U1","","",0.190571429,,"",
"","100000007941203","B4U1","","",0.189857143,,"",
"","100000007941218","B4U1","","",0.218142857,,"",
"","100000007941114","B4U1","","",0.269142857,,"",
"","100000007941200","B4U1","","",0.429857143,,"",
"","100000007941215","B4U1","","",0.478285714,,"",
"","100000007941112","B4U1","","",0.456,,"",
"","100000007941185","B4U1","","",0.550857143,,"",
"","100000007941225","B4U1","","",0.614857143,,"",
"","100000007941120","B4U1","","",0.685,,"",
"","100000007941138","B4U1","","",0.743714286,,"",
"","100000007941128","B4U1","","",1.089142857,,"",
"","100000007941407","B4U1","","",1.894142857,,"",
"","100000007941281","B4U1","","",2.424714286,,"",
"","100000007942209","B4U1","","",0.099714286,,"",
"","100000007942227","B4U1","","",0.223714286,,"",
"","100000007942153","B4U1","","",0.264428571,,"",
"","100000007942194","B4U1","","",0.311714286,,"",
"","100000007942219","B4U1","","",0.072142857,,"",
"","100000007942114","B4U1","","",0.079142857,,"",
"","100000007942128","B4U1","","",0.085142857,,"",
"","100000007942129","B4U1","","",0.100714286,,"",
"","100000007941758","B4U1","","",0.419857143,,"",
"","100000007939681","AMP1","","",123.4334723,,"",
"","100000007939707","AMP1","","",63.02871839,,"",
"","100000007938549","AMP1","","",80.15804632,,"",
"","100000007915969","DTR1","","",0.29427,,"",
"","100000007916023","DTR1","","",0.31118,,"",
"","100000007918033","DTR1","","",0.05209,,"",
"","100000007917908","DTR1","","",0.08236,,"",
"","100000007917245","DTR1","","",0.32973,,"",
"","100000007917260","DTR1","","",0.48873,,"",
"","100000007917209","DTR1","","",0.43555,,"",
"","100000007917246","DTR1","","",0.29182,,"",
"","100000007917952","DTR1","","",0.08755,,"",
"","100000007917980","DTR1","","",0.09355,,"",
"","100000007917900","DTR1","","",0.11782,,"",
"","100000007917916","DTR1","","",0.171,,"",
"","100000007917941","DTR1","","",0.12736,,"",
"","100000007917994","DTR1","","",0.22282,,"",
"","100000007918028","DTR1","","",0.38236,,"",
"","100000007917286","DTR1","","",0.89973,,"",
"","100000007917304","DTR1","","",0.69327,,"",
"","100000007917330","DTR1","","",0.981,,"",
"","100000007917231","DTR1","","",0.21,,"",
"","100000007917242","DTR1","","",0.24545,,"",
"","100000007917328","DTR1","","",1.40536,,"",
"","100000007917164","DTR1","","",0.28827,,"",
"","100000007918046","DTR1","","",0.37036,,"",
"","100000007917917","DTR1","","",0.39818,,"",
"","100000007917963","DTR1","","",0.35591,,"",
"","100000007918255","DTR1","","",0.32045,,"",
"","100000007917169","DTR1","","",0.19036,,"",
"","100000007917303","DTR1","","",0.55309,,"",
"","100000007918360","DTR1","","",1.03445,,"",
"","100000007918280","DTR1","","",0.44973,,"",
"","100000007918121","DTR1","","",0.084,,"",
"","100000007918106","DTR1","","",0.16882,,"",
"","100000007918129","DTR1","","",0.21164,,"",
"","100000007918402","DTR1","","",0.36355,,"",
"","100000007918412","DTR1","","",0.60709,,"",
"","100000007916779","DTR1","","",0.1161,,"",
"","100000007917924","DTR1","","",0.63355,,"",
"","100000007917945","DTR1","","",0.576,,"",
"","100000007918322","DTR1","","",0.12191,,"",
"","100000007918374","DTR1","","",0.07745,,"",
"","100000007916472","DTR1","","",0.16118,,"",
"","100000007916439","DTR1","","",0.48845,,"",
"","100000007916451","DTR1","","",0.44318,,"",
"","100000007916830","DTR1","","",0.1524,,"",
"","100000007916689","DTR1","","",0.1737,,"",
"","100000007916719","DTR1","","",0.1893,,"",
"","100000007916610","DTR1","","",0.0264,,"",
"","100000007916837","DTR1","","",0.2394,,"",
"","100000007916707","DTR1","","",0.3075,,"",
"","100000007916619","DTR1","","",0.0381,,"",
"","100000007916635","DTR1","","",0.0303,,"",
"","100000007916539","DTR1","","",0.0654,,"",
"","100000007916000","DTR1","","",0.13909,,"",
"","100000007916025","DTR1","","",0.19445,,"",
"","100000007916052","DTR1","","",0.24573,,"",
"","100000007916308","DTR1","","",0.29318,,"",
"","100000007916226","DTR1","","",0.39573,,"",
"","100000007916806","DTR1","","",0.0354,,"",
"","100000007916819","DTR1","","",0.0501,,"",
"","100000007916838","DTR1","","",0.0417,,"",
"","100000007916708","DTR1","","",0.054,,"",
"","100000007916697","DTR1","","",0.0591,,"",
"","100000007916688","DTR1","","",0.0729,,"",
"","100000007917236","DTR1","","",1.60718,,"",
"","100000007916050","DTR1","","",0.58445,,"",
"","100000007916068","DTR1","","",0.37527,,"",
"","100000007915944","DTR1","","",0.50945,,"",
"","100000007915970","DTR1","","",0.84545,,"",
"","100000007915999","DTR1","","",0.59073,,"",
"","100000007916069","DTR1","","",0.83918,,"",
"","100000007917155","DTR1","","",0.17973,,"",
"","100000007917384","DTR1","","",0.72464,,"",
"","100000007917220","DTR1","","",7.86818,,"",
"","100000007917256","DTR1","","",9.58582,,"",
"","100000007917168","DTR1","","",25.45145,,"",
"","100000007917221","DTR1","","",14.77473,,"",
"","100000007917243","DTR1","","",21.69845,,"",
"","100000007917347","DTR1","","",0.39027,,"",
"","100000007917370","DTR1","","",0.50455,,"",
"","100000007917389","DTR1","","",0.38591,,"",
"","100000007917283","DTR1","","",0.39109,,"",
"","100000007917335","DTR1","","",0.55582,,"",
"","100000007917353","DTR1","","",0.507,,"",
"","100000007917295","DTR1","","",0.891,,"",
"","100000007917320","DTR1","","",1.536,,"",
"","100000007917161","DTR1","","",20.53882,,"",
"","100000007918335","DTR1","","",0.12273,,"",
"","100000007918329","DTR1","","",0.14727,,"",
"","100000007917356","DTR1","","",0.63464,,"",
"","100000007917371","DTR1","","",0.74236,,"",
"","100000007917267","DTR1","","",0.88691,,"",
"","100000007917284","DTR1","","",3.25936,,"",
"","100000007917308","DTR1","","",1.04755,,"",
"","100000007917326","DTR1","","",1.14136,,"",
"","100000007918401","DTR1","","",0.11564,,"",
"","100000007918148","DTR1","","",1.78609,,"",
"","100000007918153","DTR1","","",0.26291,,"",
"","100000007918168","DTR1","","",0.37391,,"",
"","100000007916524","DTR1","","",0.07773,,"",
"","100000007916534","DTR1","","",0.22473,,"",
"","100000007916461","DTR1","","",0.08373,,"",
"","100000007916483","DTR1","","",0.09082,,"",
"","100000007916496","DTR1","","",0.10882,,"",
"","100000007916455","DTR1","","",0.08373,,"",
"","100000007918112","DTR1","","",0.05645,,"",
"","100000007918279","DTR1","","",1.67645,,"",
"","100000007916567","DTR1","","",0.0156,,"",
"","100000007916620","DTR1","","",0.6672,,"",
"","100000007918120","DTR1","","",0.43364,,"",
"","100000007918128","DTR1","","",0.10445,,"",
"","100000007918146","DTR1","","",0.132,,"",
"","100000007916756","DTR1","","",0.1248,,"",
"","100000007916478","DTR1","","",0.14318,,"",
"","100000007916492","DTR1","","",0.10609,,"",
"","100000007916511","DTR1","","",0.12055,,"",
"","100000007916448","DTR1","","",0.07473,,"",
"","100000007916486","DTR1","","",0.06218,,"",
"","100000007916438","DTR1","","",0.22718,,"",
"","100000007916508","DTR1","","",0.1005,,"",
"","100000007916521","DTR1","","",0.1722,,"",
"","100000007916467","DTR1","","",0.3465,,"",
"","100000007916696","DTR1","","",0.2715,,"",
"","100000007916776","DTR1","","",0.3069,,"",
"","100000007916450","DTR1","","",0.24327,,"",
"","100000007915749","DTR1","","",0.10336,,"",
"","100000007915804","DTR1","","",0.14045,,"",
"","100000007915729","DTR1","","",0.11018,,"",
"","100000007915762","DTR1","","",0.14345,,"",
"","100000007916490","DTR1","","",0.4401,,"",
"","100000007916433","DTR1","","",0.0834,,"",
"","100000007916453","DTR1","","",0.1668,,"",
"","100000007916557","DTR1","","",0.0633,,"",
"","100000007916015","DTR1","","",0.11727,,"",
"","100000007915968","DTR1","","",0.138,,"",
"","100000007915985","DTR1","","",0.10773,,"",
"","100000007916744","DTR1","","",0.0162,,"",
"","100000007915777","DTR1","","",0.13145,,"",
"","100000007915796","DTR1","","",0.144,,"",
"","100000007915701","DTR1","","",0.16173,,"",
"","100000007915720","DTR1","","",0.19609,,"",
"","100000007916022","DTR1","","",0.16964,,"",
"","100000007916043","DTR1","","",0.19991,,"",
"","100000007916067","DTR1","","",0.24545,,"",
"","100000007916085","DTR1","","",0.24573,,"",
"","100000007915957","DTR1","","",0.273,,"",
"","100000007915977","DTR1","","",0.33818,,"",
"","100000007916011","DTR1","","",0.73664,,"",
"","100000007916059","DTR1","","",0.46609,,"",
"","100000007916079","DTR1","","",0.14073,,"",
"","100000007915943","DTR1","","",0.33736,,"",
"","100000007915543","DTR1","","",0.06627,,"",
"","100000007915459","DTR1","","",0.13745,,"",
"","100000007915763","DTR1","","",0.13827,,"",
"","100000007918941","DTR1","","",6.89155,,"",
"","100000007917072","DTR1","","",0.1014,,"",
"","100000007917089","DTR1","","",0.0993,,"",
"","100000007917098","DTR1","","",0.1239,,"",
"","100000007917129","DTR1","","",0.129,,"",
"","100000007917024","DTR1","","",0.0498,,"",
"","100000008007134","DTR1","","",0.50591,,"",
"","100000007916229","DTR1","","",0.40609,,"",
"","100000007916199","DTR1","","",0.70036,,"",
"","100000007916220","DTR1","","",0.90136,,"",
"","100000007916234","DTR1","","",1.24309,,"",
"","100000007916259","DTR1","","",1.98491,,"",
"","100000007916272","DTR1","","",1.91918,,"",
"","100000007917465","DTR1","","",0.0387,,"",
"","100000007917483","DTR1","","",0.0543,,"",
"","100000007917498","DTR1","","",0.0468,,"",
"","100000007917523","DTR1","","",0.0618,,"",
"","100000007917408","DTR1","","",0.0705,,"",
"","100000007917417","DTR1","","",0.0738,,"",
"","100000007917448","DTR1","","",0.09,,"",
"","100000007917025","DTR1","","",0.0504,,"",
"","100000007916292","DTR1","","",2.20745,,"",
"","100000007916305","DTR1","","",0.44509,,"",
"","100000007916214","DTR1","","",2.68909,,"",
"","100000007916293","DTR1","","",1.947,,"",
"","100000007916200","DTR1","","",2.24727,,"",
"","100000007917491","DTR1","","",0.066,,"",
"","100000007917499","DTR1","","",0.1122,,"",
"","100000007917409","DTR1","","",0.1341,,"",
"","100000007917426","DTR1","","",0.1602,,"",
"","100000007917449","DTR1","","",0.1968,,"",
"","100000007916261","DTR1","","",3.94691,,"",
"","100000007916885","DTR1","","",1.60064,,"",
"","100000007916477","DTR1","","",0.03764,,"",
"","100000007916510","DTR1","","",0.03136,,"",
"","100000007916528","DTR1","","",0.04118,,"",
"","100000007916491","DTR1","","",0.05864,,"",
"","100000007918211","DTR1","","",6.61445,,"",
"","100000007919005","DTR1","","",13.38709,,"",
"","100000007916279","DTR1","","",13.84609,,"",
"","100000007916215","DTR1","","",1.00145,,"",
"","100000007916202","DTR1","","",9.42545,,"",
"","100000007916096","DTR1","","",0.02427,,"",
"","100000007916111","DTR1","","",0.03,,"",
"","100000007916132","DTR1","","",0.03545,,"",
"","100000007916145","DTR1","","",0.04173,,"",
"","100000007916166","DTR1","","",0.05482,,"",
"","100000007916501","DTR1","","",0.05564,,"",
"","100000007915764","DTR1","","",0.31418,,"",
"","100000007915785","DTR1","","",0.43173,,"",
"","100000007915767","DTR1","","",0.09,,"",
"","100000007918923","DTR1","","",42.16145,,"",
"","100000007915789","DTR1","","",0.30055,,"",
"","100000007915802","DTR1","","",0.08782,,"",
"","100000007915727","DTR1","","",0.25145,,"",
"","100000007915748","DTR1","","",0.10855,,"",
"","100000007915090","DTR1","","",0.01718,,"",
"","100000007915106","DTR1","","",0.02455,,"",
"","100000007915141","DTR1","","",0.03082,,"",
"","100000007915161","DTR1","","",0.03464,,"",
"","100000007917073","DTR1","","",0.0603,,"",
"","100000007917112","DTR1","","",0.0306,,"",
"","100000007917130","DTR1","","",0.0375,,"",
"","100000007915175","DTR1","","",0.03709,,"",
"","100000007915084","DTR1","","",0.04473,,"",
"","100000007915101","DTR1","","",0.04555,,"",
"","100000007915120","DTR1","","",0.05864,,"",
"","100000007915133","DTR1","","",0.27627,,"",
"","100000007915155","DTR1","","",0.07091,,"",
"","100000007915079","DTR1","","",0.07882,,"",
"","100000007915732","DTR1","","",0.08155,,"",
"","100000007916569","DTR1","","",0.0798,,"",
"","100000007916600","DTR1","","",0.0918,,"",
"","100000007916613","DTR1","","",0.1002,,"",
"","100000007916629","DTR1","","",0.1086,,"",
"","100000007917460","DTR1","","",0.0177,,"",
"","100000007917470","DTR1","","",0.0288,,"",
"","100000007917463","DTR1","","",0.0246,,"",
"","100000007917489","DTR1","","",0.0324,,"",
"","100000007917505","DTR1","","",0.048,,"",
"","100000007917516","DTR1","","",0.0189,,"",
"","100000007917508","DTR1","","",0.0384,,"",
"","100000007917518","DTR1","","",0.0525,,"",
"","100000007917412","DTR1","","",0.0459,,"",
"","100000007917404","DTR1","","",0.0582,,"",
"","100000007917462","DTR1","","",0.3474,,"",
"","100000007917473","DTR1","","",0.4011,,"",
"","100000007917487","DTR1","","",0.2757,,"",
"","100000007917514","DTR1","","",0.5772,,"",
"","100000007917423","DTR1","","",0.0672,,"",
"","100000007917047","DTR1","","",0.0822,,"",
"","100000007917440","DTR1","","",0.066,,"",
"","100000007917456","DTR1","","",0.1923,,"",
"","100000007917490","DTR1","","",0.249,,"",
"","100000007917506","DTR1","","",0.2742,,"",
"","100000007917522","DTR1","","",0.3297,,"",
"","100000007917416","DTR1","","",0.4017,,"",
"","100000007917430","DTR1","","",0.0321,,"",
"","100000007917486","DTR1","","",0.6954,,"",
"","100000007917513","DTR1","","",0.7827,,"",
"","100000008001494","DTR1","","",1.91064,,"",
"","100000008001670","DTR1","","",2.08512,,"",
"","100000008001946","DTR1","","",2.47704,,"",
"","100000008002131","DTR1","","",2.73264,,"",
"","100000008002411","DTR1","","",2.36088,,"",
"","100000008001409","DTR1","","",2.74152,,"",
"","100000008001578","DTR1","","",0.93552,,"",
"","100000008001858","DTR1","","",0.88536,,"",
"","100000008002319","DTR1","","",1.14192,,"",
"","100000007918993","DTR1","","",29.57618,,"",
"","100000007919746","B4U1","","",0.066857143,,"",
"","100000007919836","B4U1","","",0.044857143,,"",
"","100000007919914","B4U1","","",0.091571429,,"",
"","100000007919870","B4U1","","",0.024857143,,"",
"","100000007919894","B4U1","","",0.030428571,,"",
"","100000007920762","B4U1","","",0.063857143,,"",
"","100000007918121","B4U1","","",0.040714286,,"",
"","100000007918335","B4U1","","",0.064285714,,"",
"","100000007918329","B4U1","","",0.077142857,,"",
"","100000007918401","B4U1","","",0.060571429,,"",
"","100000007918106","B4U1","","",0.082857143,,"",
"","100000007918129","B4U1","","",0.098714286,,"",
"","100000007918402","B4U1","","",0.163428571,,"",
"","100000007918322","B4U1","","",0.060142857,,"",
"","100000007918148","B4U1","","",0.863142857,,"",
"","100000007918153","B4U1","","",0.112857143,,"",
"","100000007918168","B4U1","","",0.186,,"",
"","100000007918120","B4U1","","",0.207428571,,"",
"","100000007918374","B4U1","","",0.040571429,,"",
"","100000007917155","B4U1","","",0.088714286,,"",
"","100000007920815","B4U1","","",0.037428571,,"",
"","100000007920834","B4U1","","",0.024857143,,"",
"","100000007920728","B4U1","","",0.116571429,,"",
"","100000007920748","B4U1","","",0.065714286,,"",
"","100000007920764","B4U1","","",0.035428571,,"",
"","100000007920725","B4U1","","",0.902285714,,"",
"","100000007918128","B4U1","","",0.050142857,,"",
"","100000007918146","B4U1","","",0.069142857,,"",
"","100000007917245","B4U1","","",0.172714286,,"",
"","100000007917260","B4U1","","",0.256,,"",
"","100000007917209","B4U1","","",0.228142857,,"",
"","100000007917246","B4U1","","",0.152857143,,"",
"","100000007917164","B4U1","","",0.151,,"",
"","100000007917952","B4U1","","",0.045857143,,"",
"","100000007917980","B4U1","","",0.049,,"",
"","100000007917900","B4U1","","",0.054857143,,"",
"","100000007917916","B4U1","","",0.089571429,,"",
"","100000007917941","B4U1","","",0.066714286,,"",
"","100000007917994","B4U1","","",0.116714286,,"",
"","100000007918028","B4U1","","",0.200285714,,"",
"","100000007918046","B4U1","","",0.194,,"",
"","100000007917917","B4U1","","",0.208571429,,"",
"","100000007917286","B4U1","","",0.443285714,,"",
"","100000007917304","B4U1","","",0.363142857,,"",
"","100000007917330","B4U1","","",0.484142857,,"",
"","100000007917231","B4U1","","",0.11,,"",
"","100000007917242","B4U1","","",0.128571429,,"",
"","100000007917328","B4U1","","",0.736142857,,"",
"","100000007917303","B4U1","","",0.273571429,,"",
"","100000007917169","B4U1","","",0.099714286,,"",
"","100000007918655","B4U1","","",0.564285714,,"",
"","100000007918033","B4U1","","",0.025142857,,"",
"","100000007917908","B4U1","","",0.043142857,,"",
"","100000007918717","B4U1","","",0.459714286,,"",
"","100000007918647","B4U1","","",0.418857143,,"",
"","100000007918664","B4U1","","",0.487142857,,"",
"","100000007918734","B4U1","","",36.65828571,,"",
"","100000007919892","B4U1","","",0.065857143,,"",
"","100000007917073","B4U1","","",0.028714286,,"",
"","100000007918360","B4U1","","",0.541857143,,"",
"","100000007918412","B4U1","","",0.318,,"",
"","100000007917112","B4U1","","",0.014571429,,"",
"","100000007917130","B4U1","","",0.017857143,,"",
"","100000007917025","B4U1","","",0.024,,"",
"","100000007917236","B4U1","","",0.841857143,,"",
"","100000007918112","B4U1","","",0.029571429,,"",
"","100000007917384","B4U1","","",0.351571429,,"",
"","100000007917353","B4U1","","",0.265571429,,"",
"","100000007917295","B4U1","","",0.438714286,,"",
"","100000007917220","B4U1","","",4.121428571,,"",
"","100000007917256","B4U1","","",5.021142857,,"",
"","100000007917168","B4U1","","",13.33171429,,"",
"","100000007917221","B4U1","","",7.169857143,,"",
"","100000007917243","B4U1","","",9.839857143,,"",
"","100000007917161","B4U1","","",9.739428571,,"",
"","100000007917347","B4U1","","",0.204428571,,"",
"","100000007917370","B4U1","","",0.264285714,,"",
"","100000007917389","B4U1","","",0.202142857,,"",
"","100000007917283","B4U1","","",0.204857143,,"",
"","100000007917335","B4U1","","",0.291142857,,"",
"","100000007917356","B4U1","","",0.332428571,,"",
"","100000007917371","B4U1","","",0.388857143,,"",
"","100000007918893","B4U1","","",0.685428571,,"",
"","100000007917320","B4U1","","",0.724571429,,"",
"","100000007918769","B4U1","","",0.597,,"",
"","100000007917267","B4U1","","",0.435571429,,"",
"","100000007917284","B4U1","","",1.518714286,,"",
"","100000007917308","B4U1","","",0.548714286,,"",
"","100000007917326","B4U1","","",0.652571429,,"",
"","100000007934027","B4U1","","",0.320714286,,"",
"","100000007934042","B4U1","","",0.320714286,,"",
"","100000007934067","B4U1","","",0.339571429,,"",
"","100000007933982","B4U1","","",0.301714286,,"",
"","100000007934020","B4U1","","",0.301714286,,"",
"","100000007934044","B4U1","","",0.301714286,,"",
"","100000007934060","B4U1","","",0.339571429,,"",
"","100000007934100","B4U1","","",1.037142857,,"",
"","100000007934000","B4U1","","",1.037142857,,"",
"","100000007934035","B4U1","","",1.263428571,,"",
"","100000007934053","B4U1","","",1.263428571,,"",
"","100000007934076","B4U1","","",0.773142857,,"",
"","100000007929501","B4U1","","",0.505571429,,"",
"","100000007929470","B4U1","","",1.194285714,,"",
"","100000007929482","B4U1","","",1.199571429,,"",
"","100000007929502","B4U1","","",1.207428571,,"",
"","100000007929517","B4U1","","",1.226285714,,"",
"","100000007929536","B4U1","","",1.194285714,,"",
"","100000007929444","B4U1","","",1.206857143,,"",
"","100000007920238","B4U1","","",1.558714286,,"",
"","100000007920291","B4U1","","",1.652,,"",
"","100000007920352","B4U1","","",1.710285714,,"",
"","100000007917462","B4U1","","",0.165428571,,"",
"","100000007917473","B4U1","","",0.191,,"",
"","100000007917487","B4U1","","",0.131285714,,"",
"","100000007917514","B4U1","","",0.274857143,,"",
"","100000007917423","B4U1","","",0.032,,"",
"","100000007917047","B4U1","","",0.039142857,,"",
"","100000007917072","B4U1","","",0.048285714,,"",
"","100000007917089","B4U1","","",0.047285714,,"",
"","100000007917098","B4U1","","",0.059,,"",
"","100000007917129","B4U1","","",0.061428571,,"",
"","100000007930635","B4U1","","",1.551142857,,"",
"","100000007930697","B4U1","","",1.521285714,,"",
"","100000007917465","B4U1","","",0.018428571,,"",
"","100000007917483","B4U1","","",0.025857143,,"",
"","100000007917498","B4U1","","",0.022285714,,"",
"","100000007917523","B4U1","","",0.029428571,,"",
"","100000007917408","B4U1","","",0.033571429,,"",
"","100000007917417","B4U1","","",0.035142857,,"",
"","100000007917448","B4U1","","",0.042857143,,"",
"","100000007917024","B4U1","","",0.023714286,,"",
"","100000007917491","B4U1","","",0.031428571,,"",
"","100000007917499","B4U1","","",0.053428571,,"",
"","100000007917409","B4U1","","",0.063857143,,"",
"","100000007917426","B4U1","","",0.076285714,,"",
"","100000007917449","B4U1","","",0.093714286,,"",
"","100000007918564","B4U1","","",0.587,,"",
"","100000007918608","B4U1","","",7.061857143,,"",
"","100000007918628","B4U1","","",2.529428571,,"",
"","100000007918553","B4U1","","",1.560428571,,"",
"","100000007918606","B4U1","","",6.954428571,,"",
"","100000007918624","B4U1","","",3.011142857,,"",
"","100000007918993","B4U1","","",13.46371429,,"",
"","100000007932438","B4U1","","",0.083142857,,"",
"","100000007932459","B4U1","","",0.083714286,,"",
"","100000007934092","B4U1","","",0.773142857,,"",
"","100000007933990","B4U1","","",0.773142857,,"",
"","100000007934006","B4U1","","",0.773142857,,"",
"","100000007934045","B4U1","","",0.622428571,,"",
"","100000007934099","B4U1","","",0.694142857,,"",
"","100000007933999","B4U1","","",0.622428571,,"",
"","100000007933660","B4U1","","",0.490285714,,"",
"","100000007933679","B4U1","","",0.490285714,,"",
"","100000007933692","B4U1","","",0.490285714,,"",
"","100000007933724","B4U1","","",0.471714286,,"",
"","100000007933641","B4U1","","",0.471714286,,"",
"","100000007933655","B4U1","","",0.471714286,,"",
"","100000007933672","B4U1","","",0.716714286,,"",
"","100000007933703","B4U1","","",0.339571429,,"",
"","100000007933717","B4U1","","",0.339571429,,"",
"","100000007933633","B4U1","","",0.339571429,,"",
"","100000007933666","B4U1","","",0.283,,"",
"","100000007933680","B4U1","","",0.283,,"",
"","100000007929411","B4U1","","",0.076428571,,"",
"","100000007929379","B4U1","","",0.087142857,,"",
"","100000007931643","B4U1","","",0.047714286,,"",
"","100000007931688","B4U1","","",0.022,,"",
"","100000007931733","B4U1","","",0.021571429,,"",
"","100000007929413","B4U1","","",0.398857143,,"",
"","100000007929319","B4U1","","",0.655142857,,"",
"","100000007929332","B4U1","","",0.275,,"",
"","100000007929353","B4U1","","",0.168285714,,"",
"","100000007929871","B4U1","","",0.386285714,,"",
"","100000007929885","B4U1","","",0.239142857,,"",
"","100000007929902","B4U1","","",0.363714286,,"",
"","100000007929810","B4U1","","",0.187571429,,"",
"","100000007929842","B4U1","","",0.219,,"",
"","100000007930192","B4U1","","",1.909142857,,"",
"","100000007917460","B4U1","","",0.008428571,,"",
"","100000007917470","B4U1","","",0.013714286,,"",
"","100000007917463","B4U1","","",0.011714286,,"",
"","100000007917489","B4U1","","",0.015428571,,"",
"","100000007917505","B4U1","","",0.022857143,,"",
"","100000007917516","B4U1","","",0.009,,"",
"","100000007917440","B4U1","","",0.031428571,,"",
"","100000007917456","B4U1","","",0.091571429,,"",
"","100000007917508","B4U1","","",0.018285714,,"",
"","100000007917518","B4U1","","",0.025,,"",
"","100000007917412","B4U1","","",0.021857143,,"",
"","100000007917404","B4U1","","",0.027714286,,"",
"","100000007929803","B4U1","","",1.509142857,,"",
"","100000007930262","B4U1","","",1.455285714,,"",
"","100000007917490","B4U1","","",0.127,,"",
"","100000007917506","B4U1","","",0.130571429,,"",
"","100000007917522","B4U1","","",0.157,,"",
"","100000007917416","B4U1","","",0.191285714,,"",
"","100000007917430","B4U1","","",0.015285714,,"",
"","100000007917486","B4U1","","",0.331142857,,"",
"","100000007917513","B4U1","","",0.351571429,,"",
"","100000007932306","B4U1","","",0.165,,"",
"","100000007932330","B4U1","","",0.228285714,,"",
"","100000007932343","B4U1","","",0.204857143,,"",
"","100000007932220","B4U1","","",0.158428571,,"",
"","100000007932272","B4U1","","",0.084,,"",
"","100000007932281","B4U1","","",0.089285714,,"",
"","100000007932298","B4U1","","",0.116,,"",
"","100000007932307","B4U1","","",0.119857143,,"",
"","100000007932314","B4U1","","",0.155857143,,"",
"","100000007918211","B4U1","","",3.464714286,,"",
"","100000007919005","B4U1","","",7.012285714,,"",
"","100000007918923","B4U1","","",22.08457143,,"",
"","100000007918941","B4U1","","",3.15,,"",
"","100000007918978","B4U1","","",1.093857143,,"",
"","100000007918915","B4U1","","",1.660571429,,"",
"","100000007932077","AMP1","","",0.255570757,,"",
"","100000007932100","AMP1","","",0.25519551,,"",
"","100000007932002","AMP1","","",0.253337671,,"",
"","100000007932034","AMP1","","",0.336261087,,"",
"","100000007931956","AMP1","","",0.178456866,,"",
"","100000007932271","AMP1","","",0.333146647,,"",
"","100000007932312","AMP1","","",0.29516058,,"",
"","100000007932219","AMP1","","",0.281867378,,"",
"","100000007932265","AMP1","","",0.242996963,,"",
"","100000007931994","AMP1","","",0.422883883,,"",
"","100000007931901","AMP1","","",0.280427956,,"",
"","100000007931915","AMP1","","",0.368032678,,"",
"","100000007931936","AMP1","","",0.31155167,,"",
"","100000007931893","AMP1","","",0.207331365,,"",
"","100000007931909","AMP1","","",0.265530604,,"",
"","100000007932111","AMP1","","",0.21421268,,"",
"","100000007934424","AMP1","","",0.156982148,,"",
"","100000007932350","AMP1","","",42.05331257,,"",
"","100000007934273","AMP1","","",0.44246899,,"",
"","100000007931921","AMP1","","",0.31155167,,"",
"","100000007931986","AMP1","","",0.369996867,,"",
"","100000007934524","AMP1","","",0.182963553,,"",
"","100000007934544","AMP1","","",0.156107477,,"",
"","100000007934578","AMP1","","",0.148130854,,"",
"","100000007934483","AMP1","","",0.163224695,,"",
"","100000007934501","AMP1","","",0.143236211,,"",
"","100000007934449","AMP1","","",0.173314281,,"",
"","100000007934469","AMP1","","",0.258824348,,"",
"","100000007934352","AMP1","","",0.274673434,,"",
"","100000007934398","AMP1","","",0.32250094,,"",
"","100000007934414","AMP1","","",0.35618375,,"",
"","100000007934460","AMP1","","",0.149221018,,"",
"","100000007934115","AMP1","","",0.341930704,,"",
"","100000007934167","AMP1","","",0.106985133,,"",
"","100000007934180","AMP1","","",0.384462731,,"",
"","100000007934405","AMP1","","",0.250403903,,"",
"","100000007934423","AMP1","","",0.215155916,,"",
"","100000007934448","AMP1","","",0.165094333,,"",
"","100000007934468","AMP1","","",0.209808385,,"",
"","100000007934489","AMP1","","",0.169710898,,"",
"","100000007934517","AMP1","","",0.238091002,,"",
"","100000007934535","AMP1","","",0.152578246,,"",
"","100000007934548","AMP1","","",0.173207067,,"",
"","100000007934582","AMP1","","",0.242306271,,"",
"","100000007934345","AMP1","","",0.329888827,,"",
"","100000007934399","AMP1","","",0.180267861,,"",
"","100000007934381","AMP1","","",0.307289495,,"",
"","100000007934406","AMP1","","",0.354387306,,"",
"","100000007936054","AMP1","","",7.280822322,,"",
"","100000007932272","AMP1","","",0.123428347,,"",
"","100000007932281","AMP1","","",0.150280527,,"",
"","100000007932298","AMP1","","",0.194158019,,"",
"","100000007932307","AMP1","","",0.166528212,,"",
"","100000007932314","AMP1","","",0.226784309,,"",
"","100000007933362","AMP1","","",0.83313839,,"",
"","100000007934081","AMP1","","",0.83313839,,"",
"","100000007932845","AMP1","","",1.210225491,,"",
"","100000007932860","AMP1","","",0.85882944,,"",
"","100000007932880","AMP1","","",0.860371617,,"",
"","100000007932893","AMP1","","",1.274627735,,"",
"","100000007932913","AMP1","","",0.952801496,,"",
"","100000007932820","AMP1","","",0.652576148,,"",
"","100000007932839","AMP1","","",0.754082385,,"",
"","100000007932856","AMP1","","",0.736147327,,"",
"","100000007933460","AMP1","","",0.177721902,,"",
"","100000007933480","AMP1","","",0.087042591,,"",
"","100000007933440","AMP1","","",0.074768268,,"",
"","100000007933472","AMP1","","",0.918305577,,"",
"","100000007933424","AMP1","","",0.678412341,,"",
"","100000007932289","AMP1","","",0.916653877,,"",
"","100000007932306","AMP1","","",0.242794518,,"",
"","100000007932330","AMP1","","",0.356033667,,"",
"","100000007932343","AMP1","","",0.264681428,,"",
"","100000007932220","AMP1","","",0.230573384,,"",
"","100000007933228","AMP1","","",0.369419962,,"",
"","100000007933248","AMP1","","",0.403157547,,"",
"","100000007933534","AMP1","","",0.856029103,,"",
"","100000007933454","AMP1","","",0.36660177,,"",
"","100000007931836","AMP1","","",0.451848659,,"",
"","100000007931858","AMP1","","",0.248247763,,"",
"","100000007931850","AMP1","","",0.403059427,,"",
"","100000007931866","AMP1","","",0.398917486,,"",
"","100000007934106","AMP1","","",0.83313839,,"",
"","100000007934033","AMP1","","",0.611178541,,"",
"","100000007934059","AMP1","","",0.611178541,,"",
"","100000007934074","AMP1","","",0.619931638,,"",
"","100000007932048","AMP1","","",0.343862317,,"",
"","100000007932067","AMP1","","",0.329068311,,"",
"","100000007932083","AMP1","","",0.415132242,,"",
"","100000007934244","AMP1","","",0.336694935,,"",
"","100000007934215","AMP1","","",0.686018733,,"",
"","100000007931973","AMP1","","",0.222118559,,"",
"","100000007931928","AMP1","","",0.355005781,,"",
"","100000007931940","AMP1","","",0.135212413,,"",
"","100000007931964","AMP1","","",0.21056845,,"",
"","100000007931978","AMP1","","",1.138345849,,"",
"","100000007931884","AMP1","","",0.366962237,,"",
"","100000007931920","AMP1","","",0.31312598,,"",
"","100000007931942","AMP1","","",0.298866869,,"",
"","100000007931958","AMP1","","",0.324790601,,"",
"","100000007934510","AMP1","","",0.398484333,,"",
"","100000007934537","AMP1","","",0.292022932,,"",
"","100000007934577","AMP1","","",0.266931014,,"",
"","100000007932104","AMP1","","",0.520665469,,"",
"","100000007934495","AMP1","","",0.261957455,,"",
"","100000007934529","AMP1","","",0.16247304,,"",
"","100000007934541","AMP1","","",0.194587121,,"",
"","100000007934490","AMP1","","",0.214175475,,"",
"","100000007934286","AMP1","","",0.205214694,,"",
"","100000007934304","AMP1","","",0.139551544,,"",
"","100000007934325","AMP1","","",0.1416777,,"",
"","100000007934222","AMP1","","",0.142950363,,"",
"","100000007934258","AMP1","","",0.447903446,,"",
"","100000007934282","AMP1","","",0.478874105,,"",
"","100000007934120","AMP1","","",0.2510278,,"",
"","100000007934133","AMP1","","",0.222957812,,"",
"","100000007934154","AMP1","","",0.300231425,,"",
"","100000007934193","AMP1","","",0.22351126,,"",
"","100000007934114","AMP1","","",0.22515198,,"",
"","100000007934128","AMP1","","",0.214527238,,"",
"","100000007934147","AMP1","","",0.500478805,,"",
"","100000007934552","AMP1","","",0.270468659,,"",
"","100000007934132","AMP1","","",0.431749465,,"",
"","100000007934153","AMP1","","",0.32921954,,"",
"","100000007934165","AMP1","","",0.320350645,,"",
"","100000007934186","AMP1","","",0.332928902,,"",
"","100000007934216","AMP1","","",0.226271155,,"",
"","100000007934234","AMP1","","",0.282835429,,"",
"","100000007934250","AMP1","","",1.110126194,,"",
"","100000007934194","AMP1","","",0.644460868,,"",
"","100000007934107","AMP1","","",0.604800693,,"",
"","100000007934121","AMP1","","",1.051471988,,"",
"","100000007934140","AMP1","","",0.24512231,,"",
"","100000007934155","AMP1","","",0.536221244,,"",
"","100000007934198","AMP1","","",0.223545982,,"",
"","100000007935379","AMP1","","",0.167138962,,"",
"","100000007935393","AMP1","","",0.114792514,,"",
"","100000007935419","AMP1","","",0.100301723,,"",
"","100000007934205","AMP1","","",0.158369963,,"",
"","100000007932827","AMP1","","",0.860792695,,"",
"","100000007932843","AMP1","","",0.85882944,,"",
"","100000007932873","AMP1","","",0.752944004,,"",
"","100000007932898","AMP1","","",0.915656265,,"",
"","100000007933477","AMP1","","",2.076873863,,"",
"","100000007933490","AMP1","","",2.027303416,,"",
"","100000007933401","AMP1","","",2.054917726,,"",
"","100000007935304","AMP1","","",4.38099302,,"",
"","100000007932865","AMP1","","",0.412936588,,"",
"","100000007932892","AMP1","","",0.79572912,,"",
"","100000007932912","AMP1","","",0.805822779,,"",
"","100000007932819","AMP1","","",0.855341068,,"",
"","100000007932838","AMP1","","",0.932447663,,"",
"","100000007932899","AMP1","","",0.991155963,,"",
"","100000007933519","AMP1","","",0.169466705,,"",
"","100000007933391","AMP1","","",1.277478865,,"",
"","100000007933233","AMP1","","",0.925709322,,"",
"","100000007932920","AMP1","","",1.048671453,,"",
"","100000007932211","AMP1","","",0.838728145,,"",
"","100000007932136","AMP1","","",0.486505727,,"",
"","100000007932169","AMP1","","",1.585115664,,"",
"","100000007933552","AMP1","","",0.139434334,,"",
"","100000007933382","AMP1","","",1.027747736,,"",
"","100000007933212","AMP1","","",0.630092583,,"",
"","100000007933227","AMP1","","",0.579903452,,"",
"","100000007999892","AMP1","","",47.74399262,,"",
"","100000008000761","AMP1","","",6.847513936,,"",
"","100000007931643","AMP1","","",0.048409997,,"",
"","100000007933077","AMP1","","",0.698425837,,"",
"","100000007933142","AMP1","","",0.117998115,,"",
"","100000007933056","AMP1","","",0.204015618,,"",
"","100000007933877","AMP1","","",0.254940092,,"",
"","100000007933893","AMP1","","",0.173925175,,"",
"","100000007933927","AMP1","","",0.190762923,,"",
"","100000007933959","AMP1","","",0.177818125,,"",
"","100000007931688","AMP1","","",0.037872781,,"",
"","100000007931733","AMP1","","",0.041631156,,"",
"","100000007931359","AMP1","","",0.044530852,,"",
"","100000007931288","AMP1","","",0.03854334,,"",
"","100000007931333","AMP1","","",0.06908576,,"",
"","100000007931351","AMP1","","",0.102986607,,"",
"","100000007933886","AMP1","","",0.173547236,,"",
"","100000007933898","AMP1","","",0.23826562,,"",
"","100000007933917","AMP1","","",0.212975985,,"",
"","100000007933753","AMP1","","",0.199819627,,"",
"","100000007933771","AMP1","","",0.153713979,,"",
"","100000007933798","AMP1","","",0.153713979,,"",
"","100000007933817","AMP1","","",0.194010302,,"",
"","100000007931330","AMP1","","",0.587441312,,"",
"","100000007931346","AMP1","","",0.483047495,,"",
"","100000007931363","AMP1","","",0.681962917,,"",
"","100000007931298","AMP1","","",0.484888513,,"",
"","100000007934027","AMP1","","",0.483061647,,"",
"","100000007934042","AMP1","","",0.512106059,,"",
"","100000007934067","AMP1","","",0.52147099,,"",
"","100000007931569","AMP1","","",0.154467732,,"",
"","100000007931522","AMP1","","",0.434804269,,"",
"","100000007931536","AMP1","","",1.549654742,,"",
"","100000007933698","AMP1","","",0.554606232,,"",
"","100000007933844","AMP1","","",0.257932948,,"",
"","100000007933861","AMP1","","",0.22094746,,"",
"","100000008017113","AMP1","","",8.517812529,,"",
"","100000007933982","AMP1","","",0.472602488,,"",
"","100000007934020","AMP1","","",0.470240514,,"",
"","100000007934044","AMP1","","",0.543778717,,"",
"","100000007934060","AMP1","","",0.505449694,,"",
"","100000007934100","AMP1","","",1.621342573,,"",
"","100000007935563","AMP1","","",0.193332255,,"",
"","100000007934000","AMP1","","",1.686454712,,"",
"","100000007934035","AMP1","","",1.952922483,,"",
"","100000007934053","AMP1","","",1.925091888,,"",
"","100000007934076","AMP1","","",1.388912831,,"",
"","100000007934928","AMP1","","",0.259850152,,"",
"","100000007934943","AMP1","","",0.507555354,,"",
"","100000007934966","AMP1","","",0.349471133,,"",
"","100000007934850","AMP1","","",0.361424,,"",
"","100000007934867","AMP1","","",0.355251898,,"",
"","100000007935181","AMP1","","",0.111877723,,"",
"","100000007935210","AMP1","","",0.098354439,,"",
"","100000008030051","AMP1","","",2.468730976,,"",
"","100000007934933","AMP1","","",0.269245547,,"",
"","100000007934951","AMP1","","",0.401047774,,"",
"","100000007934975","AMP1","","",0.349928406,,"",
"","100000007934741","AMP1","","",0.352415027,,"",
"","100000007932985","AMP1","","",0.856548735,,"",
"","100000007932998","AMP1","","",0.668103957,,"",
"","100000007933020","AMP1","","",0.668103957,,"",
"","100000007932932","AMP1","","",0.58733117,,"",
"","100000007932945","AMP1","","",0.563003494,,"",
"","100000008029806","AMP1","","",6.785990818,,"",
"","100000008030052","AMP1","","",2.070449107,,"",
"","100000008030211","AMP1","","",3.100159648,,"",
"","100000007934716","AMP1","","",0.212527855,,"",
"","100000007933097","AMP1","","",0.68613951,,"",
"","100000008000701","AMP1","","",33.48080231,,"",
"","100000007936132","AMP1","","",41.14616278,,"",
"","100000007933045","AMP1","","",1.700546535,,"",
"","100000007932731","AMP1","","",1.410787448,,"",
"","100000007932802","AMP1","","",0.178770749,,"",
"","100000007932167","AMP1","","",0.273369827,,"",
"","100000007932183","AMP1","","",0.309362375,,"",
"","100000007932217","AMP1","","",0.39557022,,"",
"","100000007932151","AMP1","","",0.203055765,,"",
"","100000008000207","AMP1","","",116.4304585,,"",
"","100000008000454","AMP1","","",113.998368,,"",
"","100000008020667","AMP1","","",29.86444875,,"",
"","100000007936158","AMP1","","",31.02523856,,"",
"","100000007936174","AMP1","","",26.83025733,,"",
"","100000007936191","AMP1","","",19.69105457,,"",
"","100000007931331","AMP1","","",0.063133215,,"",
"","100000007931347","AMP1","","",0.089846762,,"",
"","100000007931364","AMP1","","",0.660844395,,"",
"","100000007932709","AMP1","","",0.060821539,,"",
"","100000007932178","AMP1","","",0.305498394,,"",
"","100000007931278","AMP1","","",0.658986517,,"",
"","100000007931290","AMP1","","",1.008133939,,"",
"","100000007931310","AMP1","","",1.079374094,,"",
"","100000007931466","AMP1","","",0.300543035,,"",
"","100000007931377","AMP1","","",0.139696819,,"",
"","100000007934092","AMP1","","",1.379044614,,"",
"","100000007933990","AMP1","","",1.37764021,,"",
"","100000007934006","AMP1","","",1.565441924,,"",
"","100000007931389","AMP1","","",0.082328476,,"",
"","100000007932135","AMP1","","",0.168283462,,"",
"","100000007932149","AMP1","","",0.353463851,,"",
"","100000007933883","AMP1","","",0.273645039,,"",
"","100000007934045","AMP1","","",1.395589926,,"",
"","100000007934099","AMP1","","",1.155524994,,"",
"","100000007933999","AMP1","","",1.010406988,,"",
"","100000007933660","AMP1","","",0.807366323,,"",
"","100000007933679","AMP1","","",0.805469088,,"",
"","100000007933692","AMP1","","",0.872472808,,"",
"","100000007933724","AMP1","","",0.811518648,,"",
"","100000007933641","AMP1","","",0.831112787,,"",
"","100000007933655","AMP1","","",0.811518648,,"",
"","100000007933672","AMP1","","",1.139022851,,"",
"","100000007933703","AMP1","","",0.610827351,,"",
"","100000007933717","AMP1","","",0.618051276,,"",
"","100000007933633","AMP1","","",0.700989981,,"",
"","100000007933666","AMP1","","",0.46556889,,"",
"","100000007933680","AMP1","","",0.461705129,,"",
"","100000007933903","AMP1","","",0.26576581,,"",
"","100000007933936","AMP1","","",0.246028145,,"",
"","100000007933957","AMP1","","",0.347303039,,"",
"","100000007933969","AMP1","","",0.25501453,,"",
"","100000007935558","AMP1","","",0.566500531,,"",
"","100000007935583","AMP1","","",0.351919404,,"",
"","100000007935597","AMP1","","",0.392452527,,"",
"","100000007935490","AMP1","","",0.207517685,,"",
"","100000007935507","AMP1","","",0.511035064,,"",
"","100000007935529","AMP1","","",0.207056692,,"",
"","100000008030270","AMP1","","",1.34059541,,"",
"","100000007934754","AMP1","","",0.326074095,,"",
"","100000007935584","AMP1","","",0.44554984,,"",
"","100000007935598","AMP1","","",0.367734716,,"",
"","100000007935491","AMP1","","",0.362296458,,"",
"","100000007935549","AMP1","","",0.43850983,,"",
"","100000007935592","AMP1","","",0.411604681,,"",
"","100000007999986","AMP1","","",5.453269463,,"",
"","100000008000265","AMP1","","",24.5565439,,"",
"","100000008000838","AMP1","","",145.420519,,"",
"","100000007994490","INN1","","",10.36298598,,"",
"","100000007919435","HWM1","","",10.899,,"",
"","100000007919384","HWM1","","",2.51486,,"",
"","100000007919398","HWM1","","",81.5033,,"",
"","100000007919454","HWM1","","",36.7349,,"",
"","100000007919346","HWM1","","",36.69871,,"",
"","100000008035194","HWM1","","",211.58771,,"",
"","100000008035548","HWM1","","",20.20229,,"",
"","100000008035015","HWM1","","",19.21629,,"",
"","100000008035484","HWM1","","",162.47257,,"",
"","100000008035845","HWM1","","",78.99229,,"",
"","100000008034914","HWM1","","",54.15657,,"",
"","100000007975143","HWM1","","",6.4853,,"",
"","100000007975186","HWM1","","",12.76386,,"",
"","100000007977250","HWM1","","",2.72886,,"",
"","100000007917729","HWM1","","",11.3509,,"",
"","100000007918058","HWM1","","",34.44571,,"",
"","100000007918115","HWM1","","",8.07971,,"",
"","100000007918133","HWM1","","",36.378,,"",
"","100000007918091","HWM1","","",11.32614,,"",
"","100000007918141","HWM1","","",3.95571,,"",
"","100000007918159","HWM1","","",5.33986,,"",
"","100000007918385","HWM1","","",25.447,,"",
"","100000007918355","HWM1","","",24.00671,,"",
"","100000007919514","HWM1","","",18.2051,,"",
"","100000007919537","HWM1","","",17.4329,,"",
"","100000007919554","HWM1","","",19.92343,,"",
"","100000007957721","INN1","","",0.0799136,,"",
"","100000007957737","INN1","","",0.2219674,,"",
"","100000007957769","INN1","","",0.0840894,,"",
"","100000007957667","INN1","","",0.219872,,"",
"","100000007994254","INN1","","",3.424114,,"",
"","100000007997602","INN1","","",0.647927774,,"",
"","100000007994703","INN1","","",2.016123845,,"",
"","100000007994791","INN1","","",1.968328,,"",
"","100000007919373","HWM1","","",35.01386,,"",
"","100000007919395","HWM1","","",37.56757,,"",
"","100000007919415","HWM1","","",40.9133,,"",
"","100000007918533","HWM1","","",7.70029,,"",
"","100000007918441","HWM1","","",7.2049,,"",
"","100000007918476","HWM1","","",20.43771,,"",
"","100000007918504","HWM1","","",23.34686,,"",
"","100000007918059","HWM1","","",15.36271,,"",
"","100000007918072","HWM1","","",46.9135,,"",
"","100000007919102","HWM1","","",11.28086,,"",
"","100000007919044","HWM1","","",2.43129,,"",
"","100000007919045","HWM1","","",39.85371,,"",
"","100000008007057","INN1","","",0.925158,,"",
"","100000008007147","INN1","","",1.2619212,,"",
"","100000008008000","INN1","","",2.461869875,,"",
"","100000008006913","INN1","","",1.788891872,,"",
"","100000008007174","INN1","","",2.7280664,,"",
"","100000008008134","INN1","","",1.0000534,,"",
"","100000008007134","INN1","","",0.7980574,,"",
"","100000008007774","INN1","","",0.8168802,,"",
"","100000007973958","HWM1","","",2.2039,,"",
"","100000007974009","HWM1","","",3.8305,,"",
"","100000007973781","HWM1","","",3.643,,"",
"","100000007975604","HWM1","","",4.504,,"",
"","100000007975717","HWM1","","",5.20543,,"",
"","100000007975761","HWM1","","",9.87071,,"",
"","100000007975917","HWM1","","",15.88943,,"",
"","100000007917800","HWM1","","",17.6972,,"",
"","100000007918517","HWM1","","",23.83414,,"",
"","100000007919433","HWM1","","",42.6796,,"",
"","100000007919455","HWM1","","",32.94614,,"",
"","100000007919441","HWM1","","",65.1953,,"",
"","100000007919457","HWM1","","",19.81471,,"",
"","100000007919339","HWM1","","",0.4981,,"",
"","100000007919357","HWM1","","",25.2415,,"",
"","100000007919071","HWM1","","",27.8596,,"",
"","100000007919103","HWM1","","",1.6503,,"",
"","100000007919109","HWM1","","",27.4888,,"",
"","100000007960978","INN1","","",0.297541,,"",
"","100000007961000","INN1","","",0.4461614,,"",
"","100000008007329","INN1","","",6.304422238,,"",
"","100000008007603","INN1","","",5.533963379,,"",
"","100000008007524","INN1","","",1.31993776,,"",
"","100000008006824","INN1","","",1.098045471,,"",
"","100000008007005","INN1","","",0.88693322,,"",
"","100000008007441","INN1","","",1.91028123,,"",
"","100000008004540","INN1","","",0.1731406,,"",
"","100000008004712","INN1","","",0.197942,,"",
"","100000008003190","INN1","","",2.9084646,,"",
"","100000008003588","INN1","","",2.954999,,"",
"","100000008003751","INN1","","",0.2364498,,"",
"","100000008002764","INN1","","",0.2992678,,"",
"","100000008002906","INN1","","",0.3200182,,"",
"","100000007975742","HWM1","","",11.4202,,"",
"","100000007975845","HWM1","","",27.27914,,"",
"","100000007975822","HWM1","","",22.38557,,"",
"","100000007917814","HWM1","","",31.2125,,"",
"","100000007917871","HWM1","","",26.4069,,"",
"","100000007917888","HWM1","","",17.29343,,"",
"","100000007917791","HWM1","","",38.68857,,"",
"","100000007917815","HWM1","","",22.31129,,"",
"","100000007917822","HWM1","","",33.40886,,"",
"","100000007917836","HWM1","","",29.39814,,"",
"","100000007917892","HWM1","","",34.374,,"",
"","100000007919390","HWM1","","",24.6793,,"",
"","100000007919396","HWM1","","",23.3814,,"",
"","100000007919411","HWM1","","",22.3239,,"",
"","100000007919417","HWM1","","",25.8493,,"",
"","100000007919434","HWM1","","",27.3416,,"",
"","100000007919442","HWM1","","",42.9073,,"",
"","100000007919458","HWM1","","",37.3267,,"",
"","100000007973342","HWM1","","",3.461,,"",
"","100000007973127","HWM1","","",8.482,,"",
"","100000007973196","HWM1","","",11.05343,,"",
"","100000007973038","HWM1","","",14.97429,,"",
"","100000007954542","INN1","","",0.1258698,,"",
"","100000007954632","INN1","","",0.221275,,"",
"","100000007955297","INN1","","",0.196753328,,"",
"","100000007955336","INN1","","",0.20878769,,"",
"","100000007955361","INN1","","",0.2967716,,"",
"","100000007955286","INN1","","",0.3342546,,"",
"","100000007955350","INN1","","",0.112787081,,"",
"","100000008004444","INN1","","",0.286085,,"",
"","100000008004710","INN1","","",0.3191176,,"",
"","100000008004967","INN1","","",0.3419156,,"",
"","100000008004185","INN1","","",0.4532128,,"",
"","100000008004445","INN1","","",0.4733132,,"",
"","100000008004019","INN1","","",0.2398364,,"",
"","100000008004189","INN1","","",0.314114,,"",
"","100000008000516","INN1","","",0.8756884,,"",
"","100000008003929","INN1","","",0.2366524,,"",
"","100000008036093","HWM1","","",52.64929,,"",
"","100000007974992","HWM1","","",3.92957,,"",
"","100000007974894","HWM1","","",6.517,,"",
"","100000007917638","HWM1","","",14.20514,,"",
"","100000007917561","HWM1","","",6.89671,,"",
"","100000007917577","HWM1","","",23.85886,,"",
"","100000007917630","HWM1","","",17.77857,,"",
"","100000007917632","HWM1","","",41.69071,,"",
"","100000007917647","HWM1","","",6.90086,,"",
"","100000007917548","HWM1","","",19.72314,,"",
"","100000007917808","HWM1","","",42.0556,,"",
"","100000007917732","HWM1","","",43.05571,,"",
"","100000007917747","HWM1","","",17.6239,,"",
"","100000007917769","HWM1","","",25.6265,,"",
"","100000007917679","HWM1","","",12.5468,,"",
"","100000007918731","HWM1","","",7.46,,"",
"","100000007918748","HWM1","","",7.57386,,"",
"","100000007971475","HWM1","","",2.9425,,"",
"","100000007971522","HWM1","","",4.0713,,"",
"","100000007971277","HWM1","","",6.07114,,"",
"","100000007971377","HWM1","","",9.19,,"",
"","100000007973070","HWM1","","",2.995,,"",
"","100000007973151","HWM1","","",3.257,,"",
"","100000007973222","HWM1","","",5.10671,,"",
"","100000007954532","INN1","","",0.074763,,"",
"","100000007955326","INN1","","",0.08,,"",
"","100000008003791","INN1","","",1.48576332,,"",
"","100000008003308","INN1","","",0.4518434,,"",
"","100000008004623","INN1","","",0.77411,,"",
"","100000008004794","INN1","","",1.1540106,,"",
"","100000008005058","INN1","","",0.1026672,,"",
"","100000008005230","INN1","","",0.1061152,,"",
"","100000007992522","INN1","","",0.281061,,"",
"","100000007991564","INN1","","",0.267152,,"",
"","100000007991660","INN1","","",0.264952,,"",
"","100000007897192","HWM1","","",13.89271,,"",
"","100000007897421","HWM1","","",9.80129,,"",
"","100000007917937","HWM1","","",8.1,,"",
"","100000007917545","HWM1","","",8.32471,,"",
"","100000008034891","HWM1","","",39.211,,"",
"","100000008035374","HWM1","","",22.32843,,"",
"","100000008036000","HWM1","","",21.69729,,"",
"","100000008035192","HWM1","","",18.49257,,"",
"","100000007918205","HWM1","","",6.42143,,"",
"","100000007917568","HWM1","","",34.6955,,"",
"","100000007917564","HWM1","","",16.03257,,"",
"","100000007917642","HWM1","","",39.31557,,"",
"","100000007917535","HWM1","","",10.89771,,"",
"","100000007917556","HWM1","","",51.4756,,"",
"","100000007917594","HWM1","","",15.88271,,"",
"","100000007917614","HWM1","","",12.09329,,"",
"","100000007918698","HWM1","","",7.60529,,"",
"","100000007919529","HWM1","","",6.9376,,"",
"","100000007971574","HWM1","","",1.07314,,"",
"","100000007971281","HWM1","","",1.5823,,"",
"","100000007971316","HWM1","","",1.3026,,"",
"","100000007971010","HWM1","","",2.03129,,"",
"","100000007970985","HWM1","","",3.55471,,"",
"","100000007971049","HWM1","","",6.8166,,"",
"","100000007971172","HWM1","","",6.9653,,"",
"","100000007976046","HWM1","","",0.32414,,"",
"","100000007976913","HWM1","","",0.48443,,"",
"","100000007976633","HWM1","","",0.43186,,"",
"","100000007976786","HWM1","","",0.2313,,"",
"","100000007976834","HWM1","","",0.22414,,"",
"","100000007976893","HWM1","","",0.3299,,"",
"","100000008003475","INN1","","",0.9091714,,"",
"","100000007993852","INN1","","",1.3438404,,"",
"","100000007991819","INN1","","",0.324461,,"",
"","100000007917607","HWM1","","",8.49186,,"",
"","100000007918725","HWM1","","",13.7934,,"",
"","100000007918285","HWM1","","",9.325,,"",
"","100000007918187","HWM1","","",35.46557,,"",
"","100000007918206","HWM1","","",39.14686,,"",
"","100000007918953","HWM1","","",11.19086,,"",
"","100000007917635","HWM1","","",6.97343,,"",
"","100000007917528","HWM1","","",17.55229,,"",
"","100000007977408","HWM1","","",3.35271,,"",
"","100000007977058","HWM1","","",4.4639,,"",
"","100000007977028","HWM1","","",4.92286,,"",
"","100000007977188","HWM1","","",7.69143,,"",
"","100000007977155","HWM1","","",1.9066,,"",
"","100000007976933","HWM1","","",0.9336,,"",
"","100000007976655","HWM1","","",1.0805,,"",
"","100000007976741","HWM1","","",1.4825,,"",
"","100000007976835","HWM1","","",2.6052,,"",
"","100000007976647","HWM1","","",0.41043,,"",
"","100000007976696","HWM1","","",0.64243,,"",
"","100000007976742","HWM1","","",0.5805,,"",
"","100000007976809","HWM1","","",0.877,,"",
"","100000007956488","INN1","","",0.047791552,,"",
"","100000007956382","INN1","","",0.050029775,,"",
"","100000007956414","INN1","","",0.06541235,,"",
"","100000007956451","INN1","","",0.072071433,,"",
"","100000007956467","INN1","","",0.0782052,,"",
"","100000007995155","INN1","","",0.327041003,,"",
"","100000007950573","HWM1","","",1.87329,,"",
"","100000007950598","HWM1","","",4.87786,,"",
"","100000007950612","HWM1","","",2.17243,,"",
"","100000007918930","HWM1","","",44.305,,"",
"","100000007918968","HWM1","","",27.363,,"",
"","100000007918986","HWM1","","",33.87129,,"",
"","100000007919009","HWM1","","",13.19186,,"",
"","100000007918903","HWM1","","",16.797,,"",
"","100000007918925","HWM1","","",14.79586,,"",
"","100000007918974","HWM1","","",10.4373,,"",
"","100000007949055","HWM1","","",22.516,,"",
"","100000007977315","HWM1","","",2.01157,,"",
"","100000007976965","HWM1","","",4.0545,,"",
"","100000007918117","HWM1","","",4.677,,"",
"","100000007918160","HWM1","","",196.6403,,"",
"","100000307474600","HWM1","","",17.454,,"",
"","100000307474601","HWM1","","",13.6414,,"",
"","100000007918092","HWM1","","",43.69086,,"",
"","100000007918078","HWM1","","",26.18771,,"",
"","100000007957715","INN1","","",0.209456,,"",
"","100000007957714","INN1","","",0.320546,,"",
"","100000007917039","NAT1","","",5.0068,,"",
"","100000007917064","NAT1","","",4.8228,,"",
"","100000007918209","NAT1","","",41.2081,,"",
"","100000007918204","NAT1","","",30.8862,,"",
"","100000007915309","NAT1","","",3.2437,,"",
"","100000007915198","NAT1","","",0.1724,,"",
"","100000007916413","NAT1","","",0.0939,,"",
"","100000007916421","NAT1","","",0.0827,,"",
"","100000007916309","NAT1","","",0.0944,,"",
"","100000007916425","NAT1","","",0.0825,,"",
"","100000007916312","NAT1","","",0.0938,,"",
"","100000007916326","NAT1","","",0.082,,"",
"","100000007916632","NAT1","","",5.2745,,"",
"","100000007916640","NAT1","","",6.6058,,"",
"","100000007916676","NAT1","","",5.7712,,"",
"","100000007916563","NAT1","","",6.8397,,"",
"","100000008012808","NAT1","","",0.8685,,"",
"","100000008013601","NAT1","","",1.2892,,"",
"","100000008012564","NAT1","","",0.7838,,"",
"","100000008012895","NAT1","","",1.8509,,"",
"","100000008012565","NAT1","","",1.3854,,"",
"","100000007918291","NAT1","","",29.1739,,"",
"","100000007918187","NAT1","","",34.2419,,"",
"","100000007918206","NAT1","","",36.8941,,"",
"","100000007918953","NAT1","","",10.3464,,"",
"","100000007918930","NAT1","","",42.8063,,"",
"","100000007918932","NAT1","","",5.4521,,"",
"","100000007918533","NAT1","","",7.7313,,"",
"","100000007918438","NAT1","","",54.3867,,"",
"","100000007918452","NAT1","","",12.7193,,"",
"","100000007918474","NAT1","","",39.6089,,"",
"","100000007918523","NAT1","","",45.8614,,"",
"","100000007918434","NAT1","","",20.8687,,"",
"","100000007918489","NAT1","","",10.9099,,"",
"","100000007958318","NGC1","","",2.78,,"",
"","100000007975086","NGC1","","",0.448,,"",
"","100000007975100","NGC1","","",0.617,,"",
"","100000007975123","NGC1","","",0.824,,"",
"","100000007975159","NGC1","","",0.729,,"",
"","100000007975208","NGC1","","",0.851,,"",
"","100000007977121","NGC1","","",0.88,,"",
"","100000007977184","NGC1","","",0.95,,"",
"","100000007977282","NGC1","","",1.1,,"",
"","100000007976020","NGC1","","",0.081,,"",
"","100000007976051","NGC1","","",0.101,,"",
"","100000007976175","NGC1","","",0.134,,"",
"","100000007976208","NGC1","","",0.29,,"",
"","100000007915503","NAT1","","",0.2525,,"",
"","100000007915442","NAT1","","",0.68,,"",
"","100000007915153","NAT1","","",1.6381,,"",
"","100000007915173","NAT1","","",1.5132,,"",
"","100000007915080","NAT1","","",0.5079,,"",
"","100000007915092","NAT1","","",211.3109,,"",
"","100000008013212","NAT1","","",1.1086,,"",
"","100000007918968","NAT1","","",25.9851,,"",
"","100000007918986","NAT1","","",32.8225,,"",
"","100000007918882","NAT1","","",19.9275,,"",
"","100000007918892","NAT1","","",11.4091,,"",
"","100000007918770","NAT1","","",10.2607,,"",
"","100000007918956","NAT1","","",5.5479,,"",
"","100000007918969","NAT1","","",5.5098,,"",
"","100000007918934","NAT1","","",5.4064,,"",
"","100000007918950","NAT1","","",5.9087,,"",
"","100000007918979","NAT1","","",3.9181,,"",
"","100000007915367","NAT1","","",31.8379,,"",
"","100000007915379","NAT1","","",32.2504,,"",
"","100000007915396","NAT1","","",32.2504,,"",
"","100000007915410","NAT1","","",38.9994,,"",
"","100000007918469","NAT1","","",25.3497,,"",
"","100000007918480","NAT1","","",27.0833,,"",
"","100000007918496","NAT1","","",61.6358,,"",
"","100000007958900","NGC1","","",0.639,,"",
"","100000007958374","NGC1","","",0.0965,,"",
"","100000007976006","NGC1","","",0.109,,"",
"","100000007976114","NGC1","","",0.1445,,"",
"","100000007976812","NGC1","","",0.2945,,"",
"","100000007976643","NGC1","","",0.3415,,"",
"","100000007976664","NGC1","","",0.396,,"",
"","100000007976665","NGC1","","",0.36,,"",
"","100000007917904","NAT1","","",2.4372,,"",
"","100000007917919","NAT1","","",71.6547,,"",
"","100000007917937","NAT1","","",7.8315,,"",
"","100000007917545","NAT1","","",8.3744,,"",
"","100000007916867","NAT1","","",25.4196,,"",
"","100000007916892","NAT1","","",24.5483,,"",
"","100000007916912","NAT1","","",27.7881,,"",
"","100000007916960","NAT1","","",9.2007,,"",
"","100000007916984","NAT1","","",14.2249,,"",
"","100000007918804","NAT1","","",8.8468,,"",
"","100000007918811","NAT1","","",9.4323,,"",
"","100000007918883","NAT1","","",15.5767,,"",
"","100000007918995","NAT1","","",4.283,,"",
"","100000007919012","NAT1","","",3.7681,,"",
"","100000007919020","NAT1","","",3.643,,"",
"","100000007918916","NAT1","","",4.2883,,"",
"","100000007917297","NAT1","","",21.8486,,"",
"","100000007915417","NAT1","","",38.9994,,"",
"","100000007915431","NAT1","","",30.7303,,"",
"","100000007915746","NAT1","","",0.2361,,"",
"","100000007915755","NAT1","","",0.9973,,"",
"","100000007915778","NAT1","","",1.057,,"",
"","100000007914954","NAT1","","",473.1191,,"",
"","100000007915027","NAT1","","",2.0139,,"",
"","100000007969736","NGC1","","",0.258,,"",
"","100000007969570","NGC1","","",0.1025,,"",
"","100000007958416","NGC1","","",0.1095,,"",
"","100000007956541","NGC1","","",0.123,,"",
"","100000007956606","NGC1","","",0.123,,"",
"","100000007959743","NGC1","","",0.2235,,"",
"","100000007976733","NGC1","","",0.261,,"",
"","100000007976826","NGC1","","",0.475,,"",
"","100000007976929","NGC1","","",0.2655,,"",
"","100000007957068","NGC1","","",1.99,,"",
"","100000007957109","NGC1","","",2.6,,"",
"","100000007917607","NAT1","","",8.4523,,"",
"","100000007917561","NAT1","","",7.2333,,"",
"","100000007918124","NAT1","","",7.4563,,"",
"","100000007918152","NAT1","","",7.3337,,"",
"","100000007916959","NAT1","","",5.6974,,"",
"","100000007916982","NAT1","","",7.2471,,"",
"","100000007916864","NAT1","","",7.5243,,"",
"","100000007916874","NAT1","","",6.3876,,"",
"","100000007916900","NAT1","","",4.7378,,"",
"","100000007916949","NAT1","","",16.2429,,"",
"","100000007915967","NAT1","","",0.5099,,"",
"","100000007916021","NAT1","","",0.4823,,"",
"","100000007916049","NAT1","","",0.5106,,"",
"","100000007916066","NAT1","","",0.5506,,"",
"","100000007915934","NAT1","","",0.326,,"",
"","100000007915993","NAT1","","",0.4255,,"",
"","100000007916268","NAT1","","",0.4823,,"",
"","100000007916281","NAT1","","",1.2962,,"",
"","100000008017113","NAT1","","",14.3337,,"",
"","100000007918795","NAT1","","",10.7136,,"",
"","100000007917614","NAT1","","",11.6276,,"",
"","100000007917635","NAT1","","",7.5916,,"",
"","100000007917528","NAT1","","",16.1499,,"",
"","100000007917366","NAT1","","",22.6178,,"",
"","100000007917388","NAT1","","",1.1333,,"",
"","100000007917275","NAT1","","",1.6154,,"",
"","100000007917289","NAT1","","",2.772,,"",
"","100000007917298","NAT1","","",1.9303,,"",
"","100000007917325","NAT1","","",1.9864,,"",
"","100000007915594","NAT1","","",0.0377,,"",
"","100000007915578","NAT1","","",0.2277,,"",
"","100000007969708","NGC1","","",0.145,,"",
"","100000007969797","NGC1","","",0.1475,,"",
"","100000007969858","NGC1","","",0.1585,,"",
"","100000007969952","NGC1","","",0.1695,,"",
"","100000007969547","NGC1","","",0.198,,"",
"","100000007969679","NGC1","","",0.228,,"",
"","100000007971768","NGC1","","",0.286,,"",
"","100000007916809","NAT1","","",59.0021,,"",
"","100000007916679","NAT1","","",70.5983,,"",
"","100000007918058","NAT1","","",35.752,,"",
"","100000007918115","NAT1","","",8.1084,,"",
"","100000007918133","NAT1","","",36.8182,,"",
"","100000007916865","NAT1","","",6.4014,,"",
"","100000007918325","NAT1","","",7.3739,,"",
"","100000007918348","NAT1","","",8.2245,,"",
"","100000007916962","NAT1","","",16.6319,,"",
"","100000007916850","NAT1","","",21.9968,,"",
"","100000007916262","NAT1","","",0.9773,,"",
"","100000007916295","NAT1","","",0.5681,,"",
"","100000007917643","NAT1","","",9.8931,,"",
"","100000007917573","NAT1","","",10.9838,,"",
"","100000007917590","NAT1","","",8.1792,,"",
"","100000007917839","NAT1","","",10.6571,,"",
"","100000007917270","NAT1","","",2.5497,,"",
"","100000007917318","NAT1","","",15.7201,,"",
"","100000007915602","NAT1","","",24.117,,"",
"","100000007915622","NAT1","","",0.0289,,"",
"","100000007915631","NAT1","","",19.323,,"",
"","100000007915652","NAT1","","",0.0607,,"",
"","100000007917251","NAT1","","",1.9389,,"",
"","100000007915587","NAT1","","",68.1197,,"",
"","100000007915670","NAT1","","",0.1089,,"",
"","100000007915549","NAT1","","",0.1574,,"",
"","100000007915595","NAT1","","",0.1979,,"",
"","100000007971900","NGC1","","",0.1335,,"",
"","100000007971713","NGC1","","",0.175,,"",
"","100000007971750","NGC1","","",0.185,,"",
"","100000007971808","NGC1","","",0.201,,"",
"","100000007971904","NGC1","","",0.226,,"",
"","100000007971640","NGC1","","",0.266,,"",
"","100000007971692","NGC1","","",0.301,,"",
"","100000007974434","NGC1","","",0.135,,"",
"","100000007970830","NGC1","","",0.317,,"",
"","100000007970507","NGC1","","",0.349,,"",
"","100000007960851","NGC1","","",1.2,,"",
"","100000007960915","NGC1","","",1.21,,"",
"","100000007961028","NGC1","","",1.57,,"",
"","100000007960776","NGC1","","",2.12,,"",
"","100000007957579","NGC1","","",0.3305,,"",
"","100000007916579","NAT1","","",8.0622,,"",
"","100000007916564","NAT1","","",36.6336,,"",
"","100000007916625","NAT1","","",56.1212,,"",
"","100000007916649","NAT1","","",57.6908,,"",
"","100000007916668","NAT1","","",84.792,,"",
"","100000007918091","NAT1","","",12.3047,,"",
"","100000007918101","NAT1","","",31.9305,,"",
"","100000007918141","NAT1","","",3.3508,,"",
"","100000007918159","NAT1","","",4.7489,,"",
"","100000007915186","NAT1","","",0.6361,,"",
"","100000007918406","NAT1","","",10.6646,,"",
"","100000007918326","NAT1","","",15.2059,,"",
"","100000007918349","NAT1","","",43.5167,,"",
"","100000007918385","NAT1","","",27.6456,,"",
"","100000007916479","NAT1","","",9.6139,,"",
"","100000007916530","NAT1","","",4.0029,,"",
"","100000007916436","NAT1","","",3.0759,,"",
"","100000007916470","NAT1","","",7.2082,,"",
"","100000007916493","NAT1","","",6.4122,,"",
"","100000007916227","NAT1","","",0.9591,,"",
"","100000007916717","NAT1","","",18.4421,,"",
"","100000007916778","NAT1","","",14.4285,,"",
"","100000008011083","NAT1","","",12.9289,,"",
"","100000008011228","NAT1","","",45.0823,,"",
"","100000008011650","NAT1","","",3.9647,,"",
"","100000008011841","NAT1","","",3.0927,,"",
"","100000008012248","NAT1","","",3.2749,,"",
"","100000008011084","NAT1","","",4.3304,,"",
"","100000008011229","NAT1","","",4.3304,,"",
"","100000007917774","NAT1","","",13.9407,,"",
"","100000007917790","NAT1","","",10.0849,,"",
"","100000007917808","NAT1","","",46.2404,,"",
"","100000007917732","NAT1","","",42.103,,"",
"","100000007917747","NAT1","","",16.6545,,"",
"","100000007917769","NAT1","","",24.217,,"",
"","100000007917679","NAT1","","",13.6308,,"",
"","100000007917261","NAT1","","",2.5948,,"",
"","100000007917156","NAT1","","",2.2864,,"",
"","100000007917180","NAT1","","",2.4388,,"",
"","100000007917191","NAT1","","",2.3869,,"",
"","100000007917204","NAT1","","",2.3809,,"",
"","100000007917262","NAT1","","",101.3189,,"",
"","100000007917157","NAT1","","",2.5385,,"",
"","100000007915603","NAT1","","",0.1754,,"",
"","100000007915624","NAT1","","",0.379,,"",
"","100000007915653","NAT1","","",0.4452,,"",
"","100000007915680","NAT1","","",0.4393,,"",
"","100000007915550","NAT1","","",0.4017,,"",
"","100000007975801","NGC1","","",0.3305,,"",
"","100000007975964","NGC1","","",0.444,,"",
"","100000007975734","NGC1","","",0.493,,"",
"","100000007975799","NGC1","","",0.524,,"",
"","100000007975865","NGC1","","",0.38,,"",
"","100000007975625","NGC1","","",0.57,,"",
"","100000007975674","NGC1","","",0.579,,"",
"","100000007971296","NGC1","","",0.101,,"",
"","100000007971354","NGC1","","",0.127,,"",
"","100000007966308","NGC1","","",0.208,,"",
"","100000007916617","NAT1","","",3.5024,,"",
"","100000007918355","NAT1","","",26.5469,,"",
"","100000007915169","NAT1","","",0.0896,,"",
"","100000007915093","NAT1","","",0.1144,,"",
"","100000007916502","NAT1","","",6.9893,,"",
"","100000007916581","NAT1","","",5.1149,,"",
"","100000007916607","NAT1","","",2.6692,,"",
"","100000007916720","NAT1","","",53.9395,,"",
"","100000007916767","NAT1","","",53.7283,,"",
"","100000007916690","NAT1","","",51.3083,,"",
"","100000007916710","NAT1","","",61.2337,,"",
"","100000008011464","NAT1","","",2.3881,,"",
"","100000007917695","NAT1","","",23.8117,,"",
"","100000007917726","NAT1","","",19.1295,,"",
"","100000007917681","NAT1","","",12.3317,,"",
"","100000007917252","NAT1","","",2.3778,,"",
"","100000007917149","NAT1","","",3.1643,,"",
"","100000007918441","NAT1","","",7.8274,,"",
"","100000007975938","NGC1","","",0.535,,"",
"","100000007974994","NGC1","","",0.2705,,"",
"","100000007975067","NGC1","","",0.304,,"",
"","100000007974805","NGC1","","",0.1765,,"",
"","100000007974871","NGC1","","",0.478,,"",
"","100000007975019","NGC1","","",0.246,,"",
"","100000007975130","NGC1","","",0.131,,"",
"","100000007975167","NGC1","","",0.3825,,"",
"","100000007975202","NGC1","","",0.47,,"",
"","100000007965350","NGC1","","",0.154,,"",
"","100000007963299","NGC1","","",0.272,,"",
"","100000007963398","NGC1","","",0.545,,"",
"","100000007962245","NGC1","","",0.514,,"",
"","100000007962295","NGC1","","",0.739,,"",
"","100000007962371","NGC1","","",0.938,,"",
"","100000007962414","NGC1","","",0.921,,"",
"","100000007962482","NGC1","","",0.97,,"",
"","100000007915567","NAT1","","",0.5857,,"",
"","100000007916336","NAT1","","",0.8709,,"",
"","100000007916344","NAT1","","",0.7934,,"",
"","100000007915107","NAT1","","",74.3046,,"",
"","100000007915127","NAT1","","",0.2465,,"",
"","100000007915164","NAT1","","",0.2834,,"",
"","100000007915160","NAT1","","",113.3658,,"",
"","100000007915181","NAT1","","",0.2875,,"",
"","100000007915083","NAT1","","",0.2938,,"",
"","100000007915105","NAT1","","",173.1296,,"",
"","100000007916669","NAT1","","",2.469,,"",
"","100000007916596","NAT1","","",18.6665,,"",
"","100000007916673","NAT1","","",20.2691,,"",
"","100000007916791","NAT1","","",3.3727,,"",
"","100000007916578","NAT1","","",5.398,,"",
"","100000007916589","NAT1","","",7.2649,,"",
"","100000007917478","NAT1","","",7.9591,,"",
"","100000007918251","NAT1","","",47.6653,,"",
"","100000007918267","NAT1","","",39.4454,,"",
"","100000007918297","NAT1","","",41.6772,,"",
"","100000007919009","NAT1","","",11.3445,,"",
"","100000007918476","NAT1","","",19.6592,,"",
"","100000007918504","NAT1","","",24.2093,,"",
"","100000007918517","NAT1","","",24.1876,,"",
"","100000007918534","NAT1","","",44.1038,,"",
"","100000007956488","NGC1","","",0.587,,"",
"","100000007956382","NGC1","","",0.62,,"",
"","100000007975073","NGC1","","",0.945,,"",
"","100000007975080","NGC1","","",0.627,,"",
"","100000007975106","NGC1","","",0.297,,"",
"","100000007975151","NGC1","","",0.301,,"",
"","100000007977374","NGC1","","",0.576,,"",
"","100000007977438","NGC1","","",1.35,,"",
"","100000007977376","NGC1","","",0.1705,,"",
"","100000007976995","NGC1","","",0.128,,"",
"","100000007977092","NGC1","","",0.1455,,"",
"","100000007917451","NAT1","","",3.4011,,"",
"","100000007917477","NAT1","","",6.6241,,"",
"","100000007917066","NAT1","","",45.9753,,"",
"","100000007917093","NAT1","","",25.6048,,"",
"","100000007917127","NAT1","","",16.4339,,"",
"","100000007917314","NAT1","","",44.6728,,"",
"","100000007917332","NAT1","","",48.1854,,"",
"","100000007914603","DTR1","","",66.53645,,"",
"","100000007914556","DTR1","","",0.02291,,"",
"","100000007914586","DTR1","","",0.02755,,"",
"","100000007914609","DTR1","","",0.03382,,"",
"","100000007914643","DTR1","","",0.04936,,"",
"","100000007914670","DTR1","","",0.04391,,"",
"","100000007914525","DTR1","","",0.39,,"",
"","100000007914546","DTR1","","",0.04718,,"",
"","100000007914575","DTR1","","",0.06791,,"",
"","100000007914597","DTR1","","",0.05318,,"",
"","100000007914630","DTR1","","",0.06682,,"",
"","100000007914659","DTR1","","",0.06545,,"",
"","100000007914515","DTR1","","",0.08182,,"",
"","100000007912933","DTR1","","",0.04173,,"",
"","100000007912955","DTR1","","",0.30764,,"",
"","100000007912969","DTR1","","",0.06627,,"",
"","100000007912974","DTR1","","",0.05591,,"",
"","100000007913000","DTR1","","",0.18982,,"",
"","100000007913015","DTR1","","",0.01173,,"",
"","100000007912779","DTR1","","",0.04909,,"",
"","100000007912801","DTR1","","",0.05427,,"",
"","100000007913041","DTR1","","",0.01145,,"",
"","100000007913057","DTR1","","",0.01555,,"",
"","100000007913084","DTR1","","",0.03791,,"",
"","100000007913098","DTR1","","",0.03518,,"",
"","100000007912941","DTR1","","",1.5951,,"",
"","100000007912911","DTR1","","",0.1593,,"",
"","100000007912914","DTR1","","",0.09982,,"",
"","100000007912951","DTR1","","",0.01309,,"",
"","100000007912903","DTR1","","",0.07827,,"",
"","100000007913122","DTR1","","",0.06845,,"",
"","100000007913140","DTR1","","",0.10773,,"",
"","100000007913032","DTR1","","",0.11973,,"",
"","100000007912935","DTR1","","",0.0339,,"",
"","100000007910372","DTR1","","",0.03409,,"",
"","100000007912718","DTR1","","",0.06791,,"",
"","100000007907868","DTR1","","",0.12955,,"",
"","100000007912577","DTR1","","",0.10664,,"",
"","100000007912650","DTR1","","",0.52336,,"",
"","100000007912702","DTR1","","",1.39582,,"",
"","100000007912514","DTR1","","",0.633,,"",
"","100000007911526","DTR1","","",0.98018,,"",
"","100000007911578","DTR1","","",0.85173,,"",
"","100000007910192","DTR1","","",0.16173,,"",
"","100000007910266","DTR1","","",0.12518,,"",
"","100000007910347","DTR1","","",0.13691,,"",
"","100000007910547","DTR1","","",0.03082,,"",
"","100000007910656","DTR1","","",0.06382,,"",
"","100000007914305","DTR1","","",0.036,,"",
"","100000007914329","DTR1","","",0.04364,,"",
"","100000007914342","DTR1","","",0.05536,,"",
"","100000007914362","DTR1","","",0.08264,,"",
"","100000007914374","DTR1","","",0.29455,,"",
"","100000007914281","DTR1","","",0.06409,,"",
"","100000007910398","DTR1","","",0.11727,,"",
"","100000007913932","DTR1","","",0.05891,,"",
"","100000007913948","DTR1","","",0.06955,,"",
"","100000007913969","DTR1","","",0.11155,,"",
"","100000007914298","DTR1","","",0.06709,,"",
"","100000007914320","DTR1","","",0.12409,,"",
"","100000007914336","DTR1","","",0.10009,,"",
"","100000007914368","DTR1","","",0.08782,,"",
"","100000007914275","DTR1","","",0.10391,,"",
"","100000007914290","DTR1","","",0.08236,,"",
"","100000007914314","DTR1","","",0.11373,,"",
"","100000007914383","DTR1","","",0.16664,,"",
"","100000007914325","DTR1","","",0.12464,,"",
"","100000007914339","DTR1","","",0.09436,,"",
"","100000007913949","DTR1","","",0.13609,,"",
"","100000007913970","DTR1","","",0.17264,,"",
"","100000007915428","DTR1","","",0.03655,,"",
"","100000007914148","DTR1","","",1.14327,,"",
"","100000007914236","DTR1","","",0.189,,"",
"","100000007913058","DTR1","","",0.16909,,"",
"","100000007913115","DTR1","","",0.33791,,"",
"","100000007913076","DTR1","","",0.00955,,"",
"","100000007912999","DTR1","","",0.5709,,"",
"","100000007913014","DTR1","","",0.0972,,"",
"","100000007912912","DTR1","","",0.0129,,"",
"","100000007913777","DTR1","","",0.051,,"",
"","100000007913037","DTR1","","",2.72891,,"",
"","100000007913096","DTR1","","",0.09436,,"",
"","100000007913130","DTR1","","",0.01827,,"",
"","100000007913030","DTR1","","",0.27845,,"",
"","100000007913048","DTR1","","",0.04773,,"",
"","100000007913091","DTR1","","",0.01091,,"",
"","100000007913116","DTR1","","",0.02045,,"",
"","100000007913142","DTR1","","",0.02891,,"",
"","100000007913023","DTR1","","",0.02182,,"",
"","100000007913117","DTR1","","",0.13664,,"",
"","100000007913024","DTR1","","",0.38755,,"",
"","100000007913042","DTR1","","",0.06109,,"",
"","100000007913801","DTR1","","",0.3768,,"",
"","100000007913829","DTR1","","",0.0156,,"",
"","100000007913852","DTR1","","",0.1869,,"",
"","100000007913747","DTR1","","",0.0198,,"",
"","100000007913823","DTR1","","",0.8511,,"",
"","100000007913739","DTR1","","",0.135,,"",
"","100000007913757","DTR1","","",0.0285,,"",
"","100000007913074","DTR1","","",0.02891,,"",
"","100000007913097","DTR1","","",0.186,,"",
"","100000007913114","DTR1","","",0.07391,,"",
"","100000007913139","DTR1","","",0.45409,,"",
"","100000007913031","DTR1","","",0.13064,,"",
"","100000007913049","DTR1","","",0.59891,,"",
"","100000007910915","DTR1","","",0.00736,,"",
"","100000007910711","DTR1","","",0.04909,,"",
"","100000007913744","DTR1","","",0.3831,,"",
"","100000007913773","DTR1","","",0.0672,,"",
"","100000007913790","DTR1","","",0.0408,,"",
"","100000007913018","DTR1","","",0.11973,,"",
"","100000007912918","DTR1","","",0.027,,"",
"","100000007910810","DTR1","","",0.027,,"",
"","100000007910952","DTR1","","",0.04418,,"",
"","100000007910811","DTR1","","",0.03327,,"",
"","100000007910802","DTR1","","",0.00436,,"",
"","100000007912515","DTR1","","",0.32645,,"",
"","100000007912579","DTR1","","",0.24518,,"",
"","100000007912769","DTR1","","",0.92836,,"",
"","100000007912544","DTR1","","",0.43145,,"",
"","100000007912612","DTR1","","",0.14918,,"",
"","100000007910885","DTR1","","",0.04773,,"",
"","100000007914359","DTR1","","",0.25336,,"",
"","100000007914378","DTR1","","",0.24791,,"",
"","100000007914341","DTR1","","",0.16173,,"",
"","100000007914332","DTR1","","",0.02645,,"",
"","100000007914352","DTR1","","",0.03709,,"",
"","100000007914366","DTR1","","",0.04309,,"",
"","100000007914384","DTR1","","",0.03818,,"",
"","100000007912763","DTR1","","",1.17055,,"",
"","100000007912545","DTR1","","",0.33655,,"",
"","100000007914151","DTR1","","",0.19118,,"",
"","100000007914179","DTR1","","",0.50318,,"",
"","100000007914197","DTR1","","",0.17182,,"",
"","100000007914229","DTR1","","",0.18164,,"",
"","100000007914286","DTR1","","",0.32782,,"",
"","100000007914296","DTR1","","",0.06355,,"",
"","100000007914125","DTR1","","",0.60382,,"",
"","100000007914573","DTR1","","",0.01636,,"",
"","100000007914592","DTR1","","",0.01636,,"",
"","100000007914626","DTR1","","",0.01664,,"",
"","100000007914650","DTR1","","",0.01664,,"",
"","100000007914513","DTR1","","",0.01636,,"",
"","100000007914531","DTR1","","",0.01991,,"",
"","100000007914533","DTR1","","",0.01145,,"",
"","100000007914534","DTR1","","",0.01664,,"",
"","100000007913659","DTR1","","",0.28309,,"",
"","100000007913573","DTR1","","",0.23236,,"",
"","100000007914461","DTR1","","",0.20727,,"",
"","100000007912192","DTR1","","",0.14345,,"",
"","100000007914053","DTR1","","",0.49773,,"",
"","100000007913310","DTR1","","",0.07091,,"",
"","100000007913332","DTR1","","",0.10445,,"",
"","100000007914927","DTR1","","",0.11782,,"",
"","100000007913996","DTR1","","",0.63082,,"",
"","100000007914880","DTR1","","",0.04145,,"",
"","100000007914820","DTR1","","",0.04582,,"",
"","100000007914031","DTR1","","",1.47273,,"",
"","100000007912348","DTR1","","",0.37255,,"",
"","100000007914803","DTR1","","",0.14373,,"",
"","100000007913238","DTR1","","",2.29064,,"",
"","100000007913253","DTR1","","",4.13564,,"",
"","100000007912320","DTR1","","",0.80264,,"",
"","100000007911375","DTR1","","",0.51627,,"",
"","100000007907645","DTR1","","",1.20982,,"",
"","100000007907694","DTR1","","",0.06545,,"",
"","100000007907784","DTR1","","",0.57164,,"",
"","100000007911854","DTR1","","",0.25745,,"",
"","100000007908576","DTR1","","",0.01527,,"",
"","100000007909475","DTR1","","",0.09273,,"",
"","100000007909521","DTR1","","",0.28609,,"",
"","100000007909582","DTR1","","",0.12818,,"",
"","100000007909352","DTR1","","",0.48082,,"",
"","100000007909402","DTR1","","",0.22445,,"",
"","100000007909476","DTR1","","",0.15545,,"",
"","100000007913453","DTR1","","",0.47073,,"",
"","100000007907595","DTR1","","",0.03,,"",
"","100000007907743","DTR1","","",0.048,,"",
"","100000007908625","DTR1","","",0.18055,,"",
"","100000007908695","DTR1","","",0.04555,,"",
"","100000007908503","DTR1","","",0.066,,"",
"","100000007908626","DTR1","","",0.05945,,"",
"","100000007908671","DTR1","","",0.28255,,"",
"","100000007909522","DTR1","","",0.55691,,"",
"","100000007913504","DTR1","","",0.04118,,"",
"","100000007913534","DTR1","","",0.08564,,"",
"","100000007913557","DTR1","","",0.06191,,"",
"","100000007913415","DTR1","","",0.08945,,"",
"","100000007913819","DTR1","","",0.2814,,"",
"","100000007913846","DTR1","","",0.0873,,"",
"","100000007913707","DTR1","","",0.6318,,"",
"","100000007913745","DTR1","","",0.165,,"",
"","100000007913764","DTR1","","",1.0959,,"",
"","100000007908717","DTR1","","",0.36736,,"",
"","100000007908789","DTR1","","",0.05182,,"",
"","100000007913354","DTR1","","",0.00573,,"",
"","100000007913372","DTR1","","",0.01336,,"",
"","100000007914431","DTR1","","",0.13309,,"",
"","100000007914432","DTR1","","",0.08182,,"",
"","100000007913809","DTR1","","",4.4604,,"",
"","100000007913708","DTR1","","",0.1656,,"",
"","100000007913732","DTR1","","",0.0507,,"",
"","100000007913765","DTR1","","",0.5346,,"",
"","100000007913784","DTR1","","",0.0954,,"",
"","100000007913810","DTR1","","",0.0672,,"",
"","100000007913827","DTR1","","",0.2814,,"",
"","100000007913863","DTR1","","",0.1299,,"",
"","100000007913719","DTR1","","",0.771,,"",
"","100000007913394","DTR1","","",0.02427,,"",
"","100000007913364","DTR1","","",0.02945,,"",
"","100000007913291","DTR1","","",0.24027,,"",
"","100000007913308","DTR1","","",0.03927,,"",
"","100000007913350","DTR1","","",0.12409,,"",
"","100000007913365","DTR1","","",0.07364,,"",
"","100000007914899","DTR1","","",0.10882,,"",
"","100000007914504","DTR1","","",0.07936,,"",
"","100000007914823","DTR1","","",54.07309,,"",
"","100000007914481","DTR1","","",0.10009,,"",
"","100000007914404","DTR1","","",0.34718,,"",
"","100000007914415","DTR1","","",0.37064,,"",
"","100000007914919","DTR1","","",0.10964,,"",
"","100000007914853","DTR1","","",0.426,,"",
"","100000007912015","DTR1","","",0.165,,"",
"","100000007932077","DTR1","","",0.38236,,"",
"","100000007932100","DTR1","","",0.27109,,"",
"","100000007908554","DTR1","","",0.12982,,"",
"","100000007908673","DTR1","","",0.09764,,"",
"","100000007932002","DTR1","","",0.26727,,"",
"","100000007932034","DTR1","","",0.279,,"",
"","100000007931956","DTR1","","",0.17918,,"",
"","100000007931973","DTR1","","",0.23591,,"",
"","100000007931928","DTR1","","",0.23509,,"",
"","100000007931940","DTR1","","",0.15436,,"",
"","100000007931964","DTR1","","",0.14373,,"",
"","100000007931978","DTR1","","",1.13455,,"",
"","100000007909474","DTR1","","",0.08727,,"",
"","100000007909520","DTR1","","",0.069,,"",
"","100000007909581","DTR1","","",0.27109,,"",
"","100000007909625","DTR1","","",0.50782,,"",
"","100000007909323","DTR1","","",0.102,,"",
"","100000007909427","DTR1","","",0.234,,"",
"","100000007909499","DTR1","","",0.14809,,"",
"","100000007931884","DTR1","","",0.27109,,"",
"","100000007931920","DTR1","","",0.22036,,"",
"","100000007931942","DTR1","","",0.22309,,"",
"","100000007931958","DTR1","","",0.369,,"",
"","100000007909542","DTR1","","",0.56127,,"",
"","100000007909605","DTR1","","",0.09164,,"",
"","100000007909401","DTR1","","",0.05345,,"",
"","100000007913580","DTR1","","",0.07555,,"",
"","100000007913598","DTR1","","",0.14127,,"",
"","100000007913634","DTR1","","",0.12818,,"",
"","100000007913658","DTR1","","",0.20809,,"",
"","100000007913701","DTR1","","",0.153,,"",
"","100000007912391","DTR1","","",0.31691,,"",
"","100000007913326","DTR1","","",0.2328,,"",
"","100000007913588","DTR1","","",0.213,,"",
"","100000007913590","DTR1","","",0.78927,,"",
"","100000007913631","DTR1","","",0.17455,,"",
"","100000007913646","DTR1","","",0.22036,,"",
"","100000007913668","DTR1","","",0.41182,,"",
"","100000007913584","DTR1","","",0.19364,,"",
"","100000007913599","DTR1","","",0.24273,,"",
"","100000007913622","DTR1","","",0.49173,,"",
"","100000007969215","FOS1","","",0.05013992,,"",
"","100000007970087","FOS1","","",0.05836346,,"",
"","100000007954480","FOS1","","",7.841316212,,"",
"","100000007956403","FOS1","","",0.088647333,,"",
"","100000007956395","FOS1","","",0.643306874,,"",
"","100000007950869","FOS1","","",16.21114541,,"",
"","100000007951663","FOS1","","",15.86383293,,"",
"","100000007951655","FOS1","","",16.91395524,,"",
"","100000007951670","FOS1","","",21.07156133,,"",
"","100000007951100","FOS1","","",3.591872689,,"",
"","100000007951111","FOS1","","",6.578248886,,"",
"","100000007950934","FOS1","","",0.635204363,,"",
"","100000007970041","FOS1","","",0.057020224,,"",
"","100000007955946","FOS1","","",1.674520741,,"",
"","100000007956488","FOS1","","",0.058777275,,"",
"","100000007956382","FOS1","","",0.061519131,,"",
"","100000007956414","FOS1","","",0.080341133,,"",
"","100000007956451","FOS1","","",0.088351157,,"",
"","100000007956467","FOS1","","",0.096534892,,"",
"","100000007956777","FOS1","","",0.103399789,,"",
"","100000007956812","FOS1","","",0.101177091,,"",
"","100000007956711","FOS1","","",0.246489159,,"",
"","100000007956726","FOS1","","",0.107763275,,"",
"","100000007952781","FOS1","","",1.591250076,,"",
"","100000007952573","FOS1","","",2.804176952,,"",
"","100000007951338","FOS1","","",4.46373563,,"",
"","100000007952202","FOS1","","",5.186098208,,"",
"","100000007952281","FOS1","","",5.752999739,,"",
"","100000007952156","FOS1","","",6.304747968,,"",
"","100000007952169","FOS1","","",8.164397584,,"",
"","100000007951717","FOS1","","",1.530073737,,"",
"","100000007951754","FOS1","","",2.687216263,,"",
"","100000007950949","FOS1","","",0.890805221,,"",
"","100000007950970","FOS1","","",0.828189403,,"",
"","100000007951008","FOS1","","",1.008769633,,"",
"","100000007951023","FOS1","","",1.090569838,,"",
"","100000007945753","FOS1","","",3.210949349,,"",
"","100000007945771","FOS1","","",3.111340593,,"",
"","100000007945661","FOS1","","",3.473699783,,"",
"","100000007945677","FOS1","","",4.160243692,,"",
"","100000007945701","FOS1","","",4.831156262,,"",
"","100000007972896","FOS1","","",0.10135703,,"",
"","100000007972567","FOS1","","",0.091593008,,"",
"","100000007952067","FOS1","","",0.111664229,,"",
"","100000007952086","FOS1","","",0.155852315,,"",
"","100000007952101","FOS1","","",0.106997001,,"",
"","100000007952124","FOS1","","",0.064105612,,"",
"","100000007952103","FOS1","","",2.723154031,,"",
"","100000007951922","FOS1","","",2.837883588,,"",
"","100000007951936","FOS1","","",3.620112994,,"",
"","100000007951959","FOS1","","",3.584491591,,"",
"","100000007951981","FOS1","","",3.879923873,,"",
"","100000007951998","FOS1","","",4.744422787,,"",
"","100000007952009","FOS1","","",0.160822998,,"",
"","100000007951909","FOS1","","",0.217312528,,"",
"","100000007952799","FOS1","","",2.114139371,,"",
"","100000007952300","FOS1","","",1.90935487,,"",
"","100000007952324","FOS1","","",2.327271301,,"",
"","100000007952336","FOS1","","",2.417782872,,"",
"","100000007952360","FOS1","","",3.037993773,,"",
"","100000007952372","FOS1","","",3.302317445,,"",
"","100000007952397","FOS1","","",3.716908023,,"",
"","100000007952301","FOS1","","",5.415510397,,"",
"","100000007952588","FOS1","","",3.49531891,,"",
"","100000007952649","FOS1","","",4.010586158,,"",
"","100000007952550","FOS1","","",4.335470955,,"",
"","100000007952604","FOS1","","",5.015491198,,"",
"","100000007952626","FOS1","","",5.793476591,,"",
"","100000007952641","FOS1","","",6.736837556,,"",
"","100000007952665","FOS1","","",7.098200076,,"",
"","100000007952879","FOS1","","",1.449270133,,"",
"","100000007952905","FOS1","","",1.561942582,,"",
"","100000007952843","FOS1","","",1.6790193,,"",
"","100000007952865","FOS1","","",2.066982711,,"",
"","100000007952880","FOS1","","",2.683250608,,"",
"","100000007946759","FOS1","","",1.45104936,,"",
"","100000007946627","FOS1","","",2.210053907,,"",
"","100000007945747","FOS1","","",5.406111915,,"",
"","100000007945762","FOS1","","",0.35088164,,"",
"","100000007945649","FOS1","","",0.478886548,,"",
"","100000007945669","FOS1","","",0.394223569,,"",
"","100000007945693","FOS1","","",0.509388163,,"",
"","100000007945711","FOS1","","",0.714134694,,"",
"","100000007945737","FOS1","","",0.795021564,,"",
"","100000007945752","FOS1","","",0.630022939,,"",
"","100000007951866","FOS1","","",0.440616849,,"",
"","100000007951786","FOS1","","",0.537112572,,"",
"","100000007951809","FOS1","","",0.479303499,,"",
"","100000007951823","FOS1","","",0.576731569,,"",
"","100000007952053","FOS1","","",0.130424253,,"",
"","100000007952069","FOS1","","",0.153487688,,"",
"","100000007952088","FOS1","","",0.196091584,,"",
"","100000007952023","FOS1","","",0.271821295,,"",
"","100000007952047","FOS1","","",0.301201944,,"",
"","100000007951900","FOS1","","",6.802877643,,"",
"","100000007951914","FOS1","","",5.51619369,,"",
"","100000007951960","FOS1","","",7.02721617,,"",
"","100000007951949","FOS1","","",0.260510075,,"",
"","100000007951966","FOS1","","",0.309210645,,"",
"","100000007951989","FOS1","","",0.254956955,,"",
"","100000007951931","FOS1","","",0.188229397,,"",
"","100000007952771","FOS1","","",0.112487841,,"",
"","100000007952798","FOS1","","",0.245213082,,"",
"","100000007952818","FOS1","","",0.275454116,,"",
"","100000007952693","FOS1","","",0.345142271,,"",
"","100000007952714","FOS1","","",0.312403485,,"",
"","100000007952772","FOS1","","",0.44028493,,"",
"","100000007952337","FOS1","","",4.956524253,,"",
"","100000007952367","FOS1","","",7.880910994,,"",
"","100000007952389","FOS1","","",0.372190153,,"",
"","100000007952295","FOS1","","",0.403991157,,"",
"","100000007952318","FOS1","","",0.397418808,,"",
"","100000007952564","FOS1","","",6.520337158,,"",
"","100000007952595","FOS1","","",13.89347038,,"",
"","100000007952634","FOS1","","",10.44300568,,"",
"","100000007952551","FOS1","","",9.427454172,,"",
"","100000007946951","FOS1","","",2.56697075,,"",
"","100000007946980","FOS1","","",2.448347935,,"",
"","100000007945779","FOS1","","",0.692149529,,"",
"","100000007945660","FOS1","","",0.932847451,,"",
"","100000007946505","FOS1","","",1.052088607,,"",
"","100000007976062","FOS1","","",0.045695906,,"",
"","100000007976184","FOS1","","",0.170768023,,"",
"","100000007976235","FOS1","","",0.267509008,,"",
"","100000007976027","FOS1","","",0.149905548,,"",
"","100000007976147","FOS1","","",0.15713,,"",
"","100000007952105","FOS1","","",0.085560784,,"",
"","100000007953717","FOS1","","",0.153028338,,"",
"","100000007953740","FOS1","","",0.26182325,,"",
"","100000007953399","FOS1","","",9.713958999,,"",
"","100000007953406","FOS1","","",11.29604511,,"",
"","100000007953427","FOS1","","",0.33152688,,"",
"","100000007953667","FOS1","","",0.60403534,,"",
"","100000007953598","FOS1","","",0.738490118,,"",
"","100000007953472","FOS1","","",0.209390542,,"",
"","100000007954349","FOS1","","",0.572778533,,"",
"","100000007954258","FOS1","","",0.742957852,,"",
"","100000007954336","FOS1","","",0.887797775,,"",
"","100000007954351","FOS1","","",1.035356666,,"",
"","100000007954296","FOS1","","",1.240557997,,"",
"","100000007953952","FOS1","","",5.802722349,,"",
"","100000007954202","FOS1","","",4.28879165,,"",
"","100000007954227","FOS1","","",5.363745421,,"",
"","100000007954111","FOS1","","",6.245197465,,"",
"","100000007954930","FOS1","","",3.23751859,,"",
"","100000007948317","FOS1","","",5.990608183,,"",
"","100000007948332","FOS1","","",4.974275859,,"",
"","100000007949391","FOS1","","",1.106837447,,"",
"","100000007949402","FOS1","","",0.279305499,,"",
"","100000007949427","FOS1","","",1.018302966,,"",
"","100000007946988","FOS1","","",1.654821645,,"",
"","100000007947028","FOS1","","",1.951105535,,"",
"","100000007947610","FOS1","","",0.431905557,,"",
"","100000007947535","FOS1","","",6.659645973,,"",
"","100000007947608","FOS1","","",7.818748264,,"",
"","100000007976236","FOS1","","",0.314259452,,"",
"","100000007975981","FOS1","","",0.42515146,,"",
"","100000007976063","FOS1","","",0.539327174,,"",
"","100000007976123","FOS1","","",0.388791629,,"",
"","100000007976186","FOS1","","",0.42814264,,"",
"","100000007976217","FOS1","","",0.561096845,,"",
"","100000007976014","FOS1","","",0.714371135,,"",
"","100000007953765","FOS1","","",0.215061888,,"",
"","100000007953776","FOS1","","",0.130180488,,"",
"","100000007953801","FOS1","","",0.264711122,,"",
"","100000007953832","FOS1","","",0.315874488,,"",
"","100000007953734","FOS1","","",0.389825957,,"",
"","100000007953357","FOS1","","",0.399223378,,"",
"","100000007953335","FOS1","","",0.420400199,,"",
"","100000007953349","FOS1","","",0.375064931,,"",
"","100000007953343","FOS1","","",0.328807186,,"",
"","100000007953626","FOS1","","",0.623113221,,"",
"","100000007953655","FOS1","","",0.71382308,,"",
"","100000007953669","FOS1","","",0.799639863,,"",
"","100000007953697","FOS1","","",0.690415862,,"",
"","100000007953600","FOS1","","",1.059672373,,"",
"","100000007953627","FOS1","","",0.95050357,,"",
"","100000007953453","FOS1","","",0.256252332,,"",
"","100000007953560","FOS1","","",1.51925575,,"",
"","100000007953481","FOS1","","",1.836945554,,"",
"","100000007953507","FOS1","","",1.723652199,,"",
"","100000007956307","FOS1","","",0.450873571,,"",
"","100000007956010","FOS1","","",0.585048249,,"",
"","100000007948537","FOS1","","",12.8184588,,"",
"","100000007949448","FOS1","","",1.000350522,,"",
"","100000007949482","FOS1","","",1.156097094,,"",
"","100000007949495","FOS1","","",1.206554994,,"",
"","100000007949403","FOS1","","",1.330397381,,"",
"","100000007949322","FOS1","","",2.244237245,,"",
"","100000007949333","FOS1","","",2.529544248,,"",
"","100000007949355","FOS1","","",2.91742003,,"",
"","100000007949279","FOS1","","",3.313785313,,"",
"","100000007949300","FOS1","","",3.148942653,,"",
"","100000007949315","FOS1","","",4.265556831,,"",
"","100000007947543","FOS1","","",6.8832699,,"",
"","100000007949298","FOS1","","",0.716321463,,"",
"","100000007949957","FOS1","","",0.825528317,,"",
"","100000007949993","FOS1","","",1.090206594,,"",
"","100000007950065","FOS1","","",1.168791505,,"",
"","100000007976165","FOS1","","",0.448584774,,"",
"","100000007954509","FOS1","","",7.105484175,,"",
"","100000007954386","FOS1","","",8.147829646,,"",
"","100000007954408","FOS1","","",0.103435516,,"",
"","100000007953445","FOS1","","",0.119371503,,"",
"","100000007954981","FOS1","","",0.047008346,,"",
"","100000007955051","FOS1","","",0.06241237,,"",
"","100000007956045","FOS1","","",0.6390147,,"",
"","100000007955515","FOS1","","",0.611086876,,"",
"","100000007955541","FOS1","","",0.657504842,,"",
"","100000007949742","FOS1","","",0.512082672,,"",
"","100000007949394","FOS1","","",0.081059466,,"",
"","100000007949408","FOS1","","",0.123048048,,"",
"","100000007949431","FOS1","","",0.106952141,,"",
"","100000007949307","FOS1","","",0.210931403,,"",
"","100000007949327","FOS1","","",0.261333522,,"",
"","100000007949348","FOS1","","",0.237245947,,"",
"","100000007949034","FOS1","","",0.144303788,,"",
"","100000007949071","FOS1","","",0.185525335,,"",
"","100000007949971","FOS1","","",0.148605046,,"",
"","100000007950020","FOS1","","",0.07072346,,"",
"","100000007950067","FOS1","","",0.175356011,,"",
"","100000007950096","FOS1","","",0.208142147,,"",
"","100000007949923","FOS1","","",0.234052345,,"",
"","100000007950106","FOS1","","",1.230981997,,"",
"","100000007949920","FOS1","","",1.191071593,,"",
"","100000007950018","FOS1","","",1.390255167,,"",
"","100000007950066","FOS1","","",1.610630175,,"",
"","100000007950093","FOS1","","",1.799408073,,"",
"","100000007949921","FOS1","","",1.867761188,,"",
"","100000007949945","FOS1","","",2.913721633,,"",
"","100000007954450","FOS1","","",0.045762723,,"",
"","100000007954499","FOS1","","",0.058694246,,"",
"","100000007954639","FOS1","","",0.094606072,,"",
"","100000007954527","FOS1","","",0.155011777,,"",
"","100000007954541","FOS1","","",0.090058636,,"",
"","100000007955340","FOS1","","",0.191368717,,"",
"","100000007955360","FOS1","","",0.248578157,,"",
"","100000007954973","FOS1","","",0.130632105,,"",
"","100000007954996","FOS1","","",0.168562691,,"",
"","100000007955017","FOS1","","",0.13938524,,"",
"","100000007955030","FOS1","","",0.120986669,,"",
"","100000007954958","FOS1","","",0.22078637,,"",
"","100000007955250","FOS1","","",0.050252623,,"",
"","100000007955944","FOS1","","",1.414392575,,"",
"","100000007952212","FOS1","","",8.75629291,,"",
"","100000007950313","FOS1","","",13.31701322,,"",
"","100000007950321","FOS1","","",22.23876809,,"",
"","100000007950257","FOS1","","",42.56027263,,"",
"","100000007949959","FOS1","","",0.206725983,,"",
"","100000007950021","FOS1","","",0.884449302,,"",
"","100000007950763","FOS1","","",5.682667156,,"",
"","100000007893009","B4U1","","",29.11985714,,"",
"","100000007892997","B4U1","","",1.433,,"",
"","100000007892945","B4U1","","",0.200285714,,"",
"","100000007892956","B4U1","","",0.384428571,,"",
"","100000007893064","B4U1","","",0.381428571,,"",
"","100000007893044","B4U1","","",0.431714286,,"",
"","100000007893990","B4U1","","",55.04842857,,"",
"","100000007894437","B4U1","","",1.282571429,,"",
"","100000007894441","B4U1","","",1.286428571,,"",
"","100000007894419","B4U1","","",1.289142857,,"",
"","100000007894432","B4U1","","",1.100714286,,"",
"","100000007894440","B4U1","","",1.14,,"",
"","100000007895180","B4U1","","",36.93971429,,"",
"","100000007895174","B4U1","","",3.249142857,,"",
"","100000007895181","B4U1","","",4.337142857,,"",
"","100000007895186","B4U1","","",6.956,,"",
"","100000007895168","B4U1","","",8.689,,"",
"","100000007895679","B4U1","","",125.964,,"",
"","100000007895685","B4U1","","",117.6705714,,"",
"","100000007895676","B4U1","","",7.114571429,,"",
"","100000007895680","B4U1","","",3.356857143,,"",
"","100000007895661","B4U1","","",3.886571429,,"",
"","100000007893995","DTR1","","",1.18536,,"",
"","100000007893977","DTR1","","",1.12632,,"",
"","100000007893975","DTR1","","",1.18464,,"",
"","100000007893983","DTR1","","",1.2132,,"",
"","100000007893991","DTR1","","",1.20168,,"",
"","100000007893974","DTR1","","",1.37616,,"",
"","100000307430538","DTR1","","",187.98764,,"",
"","100000007894829","DTR1","","",55.42032,,"",
"","100000007894833","DTR1","","",11.148,,"",
"","100000007894849","DTR1","","",53.81256,,"",
"","100000007934947","DTR1","","",0.04964,,"",
"","100000007934972","DTR1","","",0.05836,,"",
"","100000007934872","DTR1","","",0.04882,,"",
"","100000007934888","DTR1","","",0.02973,,"",
"","100000007934948","DTR1","","",0.07064,,"",
"","100000007934858","DTR1","","",0.09218,,"",
"","100000007934725","DTR1","","",0.02264,,"",
"","100000007934767","DTR1","","",0.01309,,"",
"","100000007934785","DTR1","","",0.01745,,"",
"","100000007935576","DTR1","","",0.03545,,"",
"","100000007935600","DTR1","","",0.05018,,"",
"","100000007935160","DTR1","","",0.03245,,"",
"","100000007935180","DTR1","","",0.042,,"",
"","100000007895905","B4U1","","",15.44985714,,"",
"","100000007895917","B4U1","","",11.286,,"",
"","100000007892613","B4U1","","",0.200571429,,"",
"","100000007895946","B4U1","","",2.327,,"",
"","100000007895954","B4U1","","",4.681285714,,"",
"","100000007896332","B4U1","","",10.63257143,,"",
"","100000007896631","B4U1","","",29.41214286,,"",
"","100000007896634","B4U1","","",27.04142857,,"",
"","100000007896650","B4U1","","",22.58957143,,"",
"","100000007896703","B4U1","","",12.86585714,,"",
"","100000007897182","B4U1","","",32.84757143,,"",
"","100000007897141","B4U1","","",32.13371429,,"",
"","100000007896991","B4U1","","",31.42657143,,"",
"","100000007897085","B4U1","","",25.75371429,,"",
"","100000007897821","B4U1","","",6.387571429,,"",
"","100000007897831","B4U1","","",11.371,,"",
"","100000007897817","B4U1","","",31.171,,"",
"","100000007897832","B4U1","","",24.679,,"",
"","100000007895663","B4U1","","",2.163428571,,"",
"","100000007895673","B4U1","","",3.002428571,,"",
"","100000007895677","B4U1","","",2.953142857,,"",
"","100000007897788","DTR1","","",9.93051,,"",
"","100000007897793","DTR1","","",9.9564,,"",
"","100000007897798","DTR1","","",10.0176,,"",
"","100000007897801","DTR1","","",9.48943,,"",
"","100000007897790","DTR1","","",9.51943,,"",
"","100000007894864","DTR1","","",12.28656,,"",
"","100000007894808","DTR1","","",73.13904,,"",
"","100000007895184","DTR1","","",86.20512,,"",
"","100000007895163","DTR1","","",88.3632,,"",
"","100000007895167","DTR1","","",134.40816,,"",
"","100000007895172","DTR1","","",21.19536,,"",
"","100000007895173","DTR1","","",50.69856,,"",
"","100000007901532","DTR1","","",69.02618,,"",
"","100000007901315","DTR1","","",132.96355,,"",
"","100000307430554","DTR1","","",116.04818,,"",
"","100000007934860","DTR1","","",0.03955,,"",
"","100000007934875","DTR1","","",0.02345,,"",
"","100000007934932","DTR1","","",0.03055,,"",
"","100000007934964","DTR1","","",0.06736,,"",
"","100000007934848","DTR1","","",0.20045,,"",
"","100000007934880","DTR1","","",0.04364,,"",
"","100000007935603","DTR1","","",0.02045,,"",
"","100000007935494","DTR1","","",0.02864,,"",
"","100000007935534","DTR1","","",0.01418,,"",
"","100000007935587","DTR1","","",0.01118,,"",
"","100000007935535","DTR1","","",0.01827,,"",
"","100000007935439","DTR1","","",0.03164,,"",
"","100000007957366","CKJ1","","",7.73,,"",
"","100000007896137","B4U1","","",11.553,,"",
"","100000007895986","B4U1","","",1.587857143,,"",
"","100000007896049","B4U1","","",0.909714286,,"",
"","100000007896111","B4U1","","",1.686285714,,"",
"","100000007895999","B4U1","","",0.884857143,,"",
"","100000007896294","B4U1","","",1.539,,"",
"","100000007896596","B4U1","","",0.879285714,,"",
"","100000007896612","B4U1","","",34.73271429,,"",
"","100000007896635","B4U1","","",21.64857143,,"",
"","100000007896856","B4U1","","",32.14928571,,"",
"","100000007896874","B4U1","","",33.92971429,,"",
"","100000007896883","B4U1","","",33.33828571,,"",
"","100000007896901","B4U1","","",1.836,,"",
"","100000007897111","B4U1","","",27.78971429,,"",
"","100000007897788","B4U1","","",8.275428571,,"",
"","100000007897793","B4U1","","",7.869285714,,"",
"","100000007897798","B4U1","","",8.348,,"",
"","100000007897801","B4U1","","",7.907857143,,"",
"","100000307430403","B4U1","","",10.15585714,,"",
"","100000007897795","DTR1","","",9.57343,,"",
"","100000007897975","DTR1","","",9.98794,,"",
"","100000007897856","DTR1","","",28.7568,,"",
"","100000007898218","DTR1","","",9.89657,,"",
"","100000007898212","DTR1","","",147.1428,,"",
"","100000007898181","DTR1","","",73.57029,,"",
"","100000007895180","DTR1","","",62.05872,,"",
"","100000007895676","DTR1","","",11.95248,,"",
"","100000007895680","DTR1","","",5.92392,,"",
"","100000007895661","DTR1","","",6.52944,,"",
"","100000007895663","DTR1","","",3.63456,,"",
"","100000007895673","DTR1","","",5.04408,,"",
"","100000007895677","DTR1","","",4.96128,,"",
"","100000007895668","DTR1","","",270.50232,,"",
"","100000007932909","DTR1","","",0.22664,,"",
"","100000007932922","DTR1","","",0.22718,,"",
"","100000007932885","DTR1","","",0.11045,,"",
"","100000007957395","CKJ1","","",9.94,,"",
"","100000007957301","CKJ1","","",11.81,,"",
"","100000007957321","CKJ1","","",13.9672,,"",
"","100000007957344","CKJ1","","",9.74,,"",
"","100000007957387","CKJ1","","",5.5,,"",
"","100000007957185","CKJ1","","",8.67,,"",
"","100000007957128","CKJ1","","",10.01,,"",
"","100000007957243","CKJ1","","",13.9,,"",
"","100000007957122","CKJ1","","",24.2069,,"",
"","100000007900071","B4U1","","",49.84371429,,"",
"","100000007900083","B4U1","","",145.4178571,,"",
"","100000007900087","B4U1","","",45.68842857,,"",
"","100000007900058","B4U1","","",113.8241429,,"",
"","100000007896576","B4U1","","",10.68885714,,"",
"","100000007896580","B4U1","","",10.27257143,,"",
"","100000007837358","B4U1","","",4.753285714,,"",
"","100000007837363","B4U1","","",11.85542857,,"",
"","100000007837355","B4U1","","",8.186571429,,"",
"","100000007837361","B4U1","","",4.815,,"",
"","100000007837639","B4U1","","",11.93328571,,"",
"","100000007891471","B4U1","","",120.8057143,,"",
"","100000008037255","B4U1","","",28.56371429,,"",
"","100000007895701","DTR1","","",51.82464,,"",
"","100000007895713","DTR1","","",50.81688,,"",
"","100000007895716","DTR1","","",50.01168,,"",
"","100000007932388","DTR1","","",0.17018,,"",
"","100000007932403","DTR1","","",0.25009,,"",
"","100000007932361","DTR1","","",0.28091,,"",
"","100000007932727","DTR1","","",0.20155,,"",
"","100000007932871","DTR1","","",0.318,,"",
"","100000007932872","DTR1","","",0.13227,,"",
"","100000007958008","CKJ1","","",13.33,,"",
"","100000007960042","CKJ1","","",1.102,,"",
"","100000007959850","CKJ1","","",1.21,,"",
"","100000007959886","CKJ1","","",1.52,,"",
"","100000007959908","CKJ1","","",2.36,,"",
"","100000007959876","CKJ1","","",0.9,,"",
"","100000007959877","CKJ1","","",1.27,,"",
"","100000007962215","CKJ1","","",1.29,,"",
"","100000007962029","CKJ1","","",1.68,,"",
"","100000007960912","CKJ1","","",0.94,,"",
"","100000008032351","B4U1","","",30.80014286,,"",
"","100000008032580","B4U1","","",21.419,,"",
"","100000008032760","B4U1","","",15.61428571,,"",
"","100000008032938","B4U1","","",11.488,,"",
"","100000008033342","B4U1","","",32.20928571,,"",
"","100000008032217","B4U1","","",21.79171429,,"",
"","100000007837316","B4U1","","",14.41542857,,"",
"","100000007890730","B4U1","","",6.711571429,,"",
"","100000007837658","B4U1","","",5.254142857,,"",
"","100000008036732","B4U1","","",89.66685714,,"",
"","100000008037000","B4U1","","",63.25428571,,"",
"","100000008037365","B4U1","","",99.26471429,,"",
"","100000307438669","DTR1","","",79.257,,"",
"","100000307438670","DTR1","","",134.50364,,"",
"","100000007904122","DTR1","","",99.28364,,"",
"","100000007904175","DTR1","","",144.44509,,"",
"","100000007893978","DTR1","","",1.5876,,"",
"","100000007893981","DTR1","","",1.68816,,"",
"","100000007931464","DTR1","","",0.10118,,"",
"","100000007931375","DTR1","","",0.13636,,"",
"","100000007931387","DTR1","","",0.12764,,"",
"","100000007931409","DTR1","","",0.07855,,"",
"","100000007932114","DTR1","","",0.17673,,"",
"","100000007931875","DTR1","","",0.24355,,"",
"","100000007931762","DTR1","","",0.22718,,"",
"","100000007931775","DTR1","","",0.16664,,"",
"","100000007931851","DTR1","","",0.32073,,"",
"","100000007960979","CKJ1","","",1.49,,"",
"","100000007932109","DTR1","","",0.024,,"",
"","100000008037199","B4U1","","",0.294714286,,"",
"","100000008037473","B4U1","","",0.217857143,,"",
"","100000008037661","B4U1","","",0.337,,"",
"","100000008037201","B4U1","","",0.239571429,,"",
"","100000008037384","B4U1","","",0.208285714,,"",
"","100000008032418","B4U1","","",15.629,,"",
"","100000008032500","B4U1","","",12.22428571,,"",
"","100000008034109","B4U1","","",2.875714286,,"",
"","100000008034303","B4U1","","",2.957714286,,"",
"","100000008033409","B4U1","","",0.473428571,,"",
"","100000008033493","B4U1","","",0.478428571,,"",
"","100000008033661","B4U1","","",0.383714286,,"",
"","100000008033753","B4U1","","",0.379285714,,"",
"","100000008034791","B4U1","","",0.483285714,,"",
"","100000008033602","B4U1","","",0.308285714,,"",
"","100000008033782","B4U1","","",0.291714286,,"",
"","100000008034044","B4U1","","",0.695714286,,"",
"","100000008034510","B4U1","","",2.039142857,,"",
"","100000008034695","B4U1","","",1.891428571,,"",
"","100000008033525","B4U1","","",1.419428571,,"",
"","100000008034356","B4U1","","",0.965714286,,"",
"","100000008034535","B4U1","","",0.733571429,,"",
"","100000008034626","B4U1","","",2.306857143,,"",
"","100000008034817","B4U1","","",3.199,,"",
"","100000008033468","B4U1","","",2.295571429,,"",
"","100000008033897","B4U1","","",0.128857143,,"",
"","100000008035980","B4U1","","",59.97085714,,"",
"","100000008035155","B4U1","","",139.6962857,,"",
"","100000008035610","B4U1","","",136.3885714,,"",
"","100000008036070","B4U1","","",99.60185714,,"",
"","100000008035194","B4U1","","",96.42857143,,"",
"","100000008035286","B4U1","","",48.415,,"",
"","100000008035548","B4U1","","",8.393142857,,"",
"","100000008035015","B4U1","","",7.649571429,,"",
"","100000008036408","B4U1","","",48.37414286,,"",
"","100000008036646","B4U1","","",64.67457143,,"",
"","100000008036906","B4U1","","",80.064,,"",
"","100000008035964","B4U1","","",8.393142857,,"",
"","100000007894395","DTR1","","",1.7496,,"",
"","100000007894403","DTR1","","",1.81128,,"",
"","100000007894563","DTR1","","",1.92648,,"",
"","100000007894472","DTR1","","",1.99032,,"",
"","100000007894498","DTR1","","",1.4328,,"",
"","100000007894515","DTR1","","",1.25136,,"",
"","100000007894445","DTR1","","",2.12544,,"",
"","100000007894463","DTR1","","",1.86216,,"",
"","100000007931458","DTR1","","",0.14264,,"",
"","100000007932143","DTR1","","",0.09545,,"",
"","100000007932212","DTR1","","",0.11945,,"",
"","100000007932126","DTR1","","",0.14236,,"",
"","100000007931827","DTR1","","",0.15655,,"",
"","100000007932016","DTR1","","",0.04745,,"",
"","100000007932036","DTR1","","",0.08182,,"",
"","100000008037115","B4U1","","",22.47442857,,"",
"","100000008037572","B4U1","","",14.135,,"",
"","100000008036432","B4U1","","",9.650428571,,"",
"","100000008036584","B4U1","","",6.528857143,,"",
"","100000008036839","B4U1","","",6.736,,"",
"","100000008037763","B4U1","","",15.15371429,,"",
"","100000008036846","B4U1","","",8.692285714,,"",
"","100000008037031","B4U1","","",10.656,,"",
"","100000008034189","B4U1","","",0.189571429,,"",
"","100000008034374","B4U1","","",0.150428571,,"",
"","100000008034644","B4U1","","",0.108285714,,"",
"","100000008034836","B4U1","","",0.269571429,,"",
"","100000008033634","B4U1","","",0.165714286,,"",
"","100000008033994","B4U1","","",0.123,,"",
"","100000008034282","B4U1","","",0.105285714,,"",
"","100000008033603","B4U1","","",1.383857143,,"",
"","100000008033973","B4U1","","",1.400714286,,"",
"","100000008034259","B4U1","","",1.465428571,,"",
"","100000008034443","B4U1","","",2.117857143,,"",
"","100000008034719","B4U1","","",2.068571429,,"",
"","100000008033461","B4U1","","",1.477285714,,"",
"","100000008033719","B4U1","","",1.523,,"",
"","100000008033893","B4U1","","",1.505285714,,"",
"","100000008033974","B4U1","","",1.586428571,,"",
"","100000008034168","B4U1","","",0.733,,"",
"","100000007893390","B4U1","","",0.219142857,,"",
"","100000008034552","B4U1","","",1.784285714,,"",
"","100000008034642","B4U1","","",0.916857143,,"",
"","100000008034832","B4U1","","",0.966285714,,"",
"","100000008034743","B4U1","","",1.05,,"",
"","100000008034833","B4U1","","",0.601714286,,"",
"","100000008035058","B4U1","","",103.4584286,,"",
"","100000008035343","B4U1","","",89.40071429,,"",
"","100000008035981","B4U1","","",93.29942857,,"",
"","100000008034951","B4U1","","",112.7681429,,"",
"","100000008035434","B4U1","","",108.9291429,,"",
"","100000008035484","B4U1","","",64.07485714,,"",
"","100000008035845","B4U1","","",36.51942857,,"",
"","100000008034914","B4U1","","",22.55942857,,"",
"","100000008035573","B4U1","","",15.114,,"",
"","100000008035938","B4U1","","",68.80428571,,"",
"","100000008036207","B4U1","","",11.288,,"",
"","100000008035121","B4U1","","",47.57357143,,"",
"","100000008035777","B4U1","","",34.33342857,,"",
"","100000008036050","B4U1","","",22.69542857,,"",
"","100000008036233","B4U1","","",15.41314286,,"",
"","100000008035966","B4U1","","",69.19914286,,"",
"","100000008036234","B4U1","","",11.232,,"",
"","100000008036051","B4U1","","",50.02642857,,"",
"","100000008036333","B4U1","","",8.400714286,,"",
"","100000007898192","DTR1","","",28.71531,,"",
"","100000007895174","DTR1","","",5.45856,,"",
"","100000007895181","DTR1","","",7.2864,,"",
"","100000007895186","DTR1","","",11.68608,,"",
"","100000007895168","DTR1","","",14.59752,,"",
"","100000007901350","DTR1","","",497.94927,,"",
"","100000008032727","B4U1","","",15.16085714,,"",
"","100000008033317","B4U1","","",11.232,,"",
"","100000008032548","B4U1","","",8.393142857,,"",
"","100000008037486","B4U1","","",50.12628571,,"",
"","100000007893058","B4U1","","",21.90585714,,"",
"","100000007893065","B4U1","","",26.43728571,,"",
"","100000007893995","B4U1","","",0.669714286,,"",
"","100000007893977","B4U1","","",0.670428571,,"",
"","100000007893975","B4U1","","",0.705142857,,"",
"","100000007893983","B4U1","","",0.722142857,,"",
"","100000007893991","B4U1","","",0.715285714,,"",
"","100000007894430","B4U1","","",1.736285714,,"",
"","100000007894434","B4U1","","",1.546,,"",
"","100000007894654","B4U1","","",1.525285714,,"",
"","100000008035306","B4U1","","",8.393142857,,"",
"","100000307430510","DTR1","","",33.04882,,"",
"","100000307430510","DTR1","","",33.04882,,"",
"","100000007898201","DTR1","","",58.87063,,"",
"","100000007898182","DTR1","","",37.92291,,"",
"","100000007898194","DTR1","","",1.79229,,"",
"","100000007895056","DTR1","","",9.97536,,"",
"","100000007895081","DTR1","","",13.404,,"",
"","100000007895691","DTR1","","",42.0444,,"",
"","100000007895688","DTR1","","",49.13112,,"",
"","100000007895694","DTR1","","",46.34088,,"",
"","100000007895697","DTR1","","",122.2776,,"",
"","100000007902992","DTR1","","",0.20291,,"",
"","100000007903042","DTR1","","",0.22718,,"",
"","100000007903068","DTR1","","",0.99245,,"",
"","100000007902727","DTR1","","",0.25527,,"",
"","100000007903663","DTR1","","",1.58945,,"",
"","100000007903730","DTR1","","",0.22527,,"",
"","100000007903776","DTR1","","",0.18164,,"",
"","100000007898226","DTR1","","",0.09491,,"",
"","100000007898208","DTR1","","",1.13373,,"",
"","100000007898216","DTR1","","",1.05027,,"",
"","100000007898425","DTR1","","",0.17373,,"",
"","100000007898451","DTR1","","",0.29045,,"",
"","100000007898393","DTR1","","",0.56482,,"",
"","100000007898426","DTR1","","",0.62864,,"",
"","100000007906444","DTR1","","",0.26127,,"",
"","100000007906261","DTR1","","",0.08945,,"",
"","100000007906334","DTR1","","",0.33736,,"",
"","100000007907097","DTR1","","",0.08918,,"",
"","100000007906808","DTR1","","",1.12745,,"",
"","100000007906855","DTR1","","",0.16964,,"",
"","100000007906928","DTR1","","",0.13118,,"",
"","100000007907002","DTR1","","",0.77918,,"",
"","100000007901020","DTR1","","",0.04824,,"",
"","100000007901074","DTR1","","",0.57696,,"",
"","100000007901128","DTR1","","",0.09384,,"",
"","100000007903366","DTR1","","",0.1866,,"",
"","100000007898457","DTR1","","",1.32382,,"",
"","100000007898394","DTR1","","",2.64218,,"",
"","100000007898427","DTR1","","",0.04009,,"",
"","100000007898442","DTR1","","",0.09436,,"",
"","100000007901513","DTR1","","",0.24573,,"",
"","100000007905994","DTR1","","",0.01964,,"",
"","100000007906062","DTR1","","",0.14045,,"",
"","100000007906145","DTR1","","",0.02945,,"",
"","100000007900672","DTR1","","",2.445,,"",
"","100000007899822","DTR1","","",0.273,,"",
"","100000007899816","DTR1","","",0.03764,,"",
"","100000007899828","DTR1","","",0.04555,,"",
"","100000007899750","DTR1","","",0.06873,,"",
"","100000007899751","DTR1","","",0.11727,,"",
"","100000007903437","DTR1","","",0.0322,,"",
"","100000007903484","DTR1","","",0.018,,"",
"","100000007903167","DTR1","","",0.1372,,"",
"","100000007903251","DTR1","","",0.0378,,"",
"","100000007903298","DTR1","","",0.2812,,"",
"","100000007903367","DTR1","","",0.1604,,"",
"","100000007901545","DTR1","","",0.67364,,"",
"","100000007901299","DTR1","","",1.08055,,"",
"","100000007901312","DTR1","","",0.92809,,"",
"","100000007901387","DTR1","","",0.56018,,"",
"","100000007901499","DTR1","","",0.23755,,"",
"","100000007901283","DTR1","","",0.57682,,"",
"","100000007900659","DTR1","","",0.252,,"",
"","100000007900673","DTR1","","",0.08591,,"",
"","100000007900949","DTR1","","",0.91473,,"",
"","100000007900954","DTR1","","",0.11727,,"",
"","100000007900965","DTR1","","",0.09409,,"",
"","100000007900981","DTR1","","",0.67609,,"",
"","100000007900092","DTR1","","",0.71482,,"",
"","100000007900099","DTR1","","",0.12682,,"",
"","100000007900114","DTR1","","",0.30491,,"",
"","100000007900120","DTR1","","",0.20045,,"",
"","100000007903093","DTR1","","",0.01255,,"",
"","100000007902780","DTR1","","",0.13255,,"",
"","100000007903414","DTR1","","",0.8482,,"",
"","100000007903485","DTR1","","",0.1328,,"",
"","100000007903460","DTR1","","",0.0838,,"",
"","100000007903109","DTR1","","",0.5648,,"",
"","100000007903203","DTR1","","",0.1552,,"",
"","100000007903252","DTR1","","",1.2666,,"",
"","100000007903321","DTR1","","",0.3294,,"",
"","100000007903369","DTR1","","",1.3818,,"",
"","100000007906126","DTR1","","",0.08673,,"",
"","100000007901444","DTR1","","",0.31145,,"",
"","100000007901500","DTR1","","",0.35645,,"",
"","100000007901530","DTR1","","",0.67064,,"",
"","100000007900993","DTR1","","",0.22936,,"",
"","100000007900975","DTR1","","",3.46608,,"",
"","100000007900987","DTR1","","",0.23064,,"",
"","100000007903688","DTR1","","",1.6024,,"",
"","100000007902831","DTR1","","",0.79118,,"",
"","100000007902896","DTR1","","",0.01636,,"",
"","100000007903043","DTR1","","",0.04391,,"",
"","100000007902728","DTR1","","",0.04255,,"",
"","100000007902872","DTR1","","",0.084,,"",
"","100000007902936","DTR1","","",0.01882,,"",
"","100000007906311","DTR1","","",0.15791,,"",
"","100000007905997","DTR1","","",0.75627,,"",
"","100000007908282","DTR1","","",0.32182,,"",
"","100000007908395","DTR1","","",0.01527,,"",
"","100000007908165","DTR1","","",0.02482,,"",
"","100000007908220","DTR1","","",0.06791,,"",
"","100000007901501","DTR1","","",0.04827,,"",
"","100000007901467","DTR1","","",0.08182,,"",
"","100000007903732","DTR1","","",0.3506,,"",
"","100000007903297","DTR1","","",0.3426,,"",
"","100000007903344","DTR1","","",0.07,,"",
"","100000007903065","DTR1","","",0.039,,"",
"","100000007902751","DTR1","","",0.03982,,"",
"","100000007902963","DTR1","","",1.113,,"",
"","100000007903092","DTR1","","",0.20182,,"",
"","100000007902752","DTR1","","",0.04227,,"",
"","100000007902828","DTR1","","",0.63164,,"",
"","100000007908396","DTR1","","",0.03518,,"",
"","100000007908443","DTR1","","",0.04527,,"",
"","100000007908137","DTR1","","",0.05509,,"",
"","100000007908194","DTR1","","",0.07255,,"",
"","100000007901075","DTR1","","",0.06288,,"",
"","100000007904433","DTR1","","",0.03955,,"",
"","100000007903413","DTR1","","",0.3964,,"",
"","100000007903201","DTR1","","",0.081,,"",
"","100000007903275","DTR1","","",0.024,,"",
"","100000007906809","DTR1","","",0.25255,,"",
"","100000007906812","DTR1","","",1.83845,,"",
"","100000007906794","DTR1","","",1.77518,,"",
"","100000007906778","DTR1","","",0.09927,,"",
"","100000007906909","DTR1","","",0.30764,,"",
"","100000007901109","DTR1","","",0.3432,,"",
"","100000007901160","DTR1","","",0.18096,,"",
"","100000007901189","DTR1","","",1.25088,,"",
"","100000007901234","DTR1","","",0.40968,,"",
"","100000007898250","DTR1","","",0.10009,,"",
"","100000007898284","DTR1","","",0.10255,,"",
"","100000007898500","DTR1","","",0.78273,,"",
"","100000007898506","DTR1","","",0.18518,,"",
"","100000007906105","DTR1","","",0.28309,,"",
"","100000007906761","DTR1","","",0.24736,,"",
"","100000007905710","DTR1","","",0.43445,,"",
"","100000007905778","DTR1","","",0.49664,,"",
"","100000007905843","DTR1","","",0.30109,,"",
"","100000007902488","DTR1","","",0.12491,,"",
"","100000007902571","DTR1","","",0.16909,,"",
"","100000007902686","DTR1","","",0.04145,,"",
"","100000007902407","DTR1","","",0.03,,"",
"","100000007902450","DTR1","","",0.04527,,"",
"","100000007902509","DTR1","","",0.06927,,"",
"","100000007902616","DTR1","","",0.30655,,"",
"","100000007902663","DTR1","","",0.27873,,"",
"","100000007904417","DTR1","","",0.00436,,"",
"","100000007904309","DTR1","","",0.01118,,"",
"","100000007904347","DTR1","","",0.015,,"",
"","100000007904391","DTR1","","",0.05509,,"",
"","100000007906104","DTR1","","",0.05782,,"",
"","100000007906147","DTR1","","",0.06873,,"",
"","100000007906213","DTR1","","",0.13036,,"",
"","100000007906263","DTR1","","",0.13991,,"",
"","100000007905970","DTR1","","",0.10609,,"",
"","100000007906020","DTR1","","",0.03764,,"",
"","100000007906082","DTR1","","",0.09873,,"",
"","100000007901011","DTR1","","",0.83232,,"",
"","100000007900950","DTR1","","",0.09144,,"",
"","100000007900110","DTR1","","",0.35755,,"",
"","100000007900115","DTR1","","",0.07282,,"",
"","100000007900243","DTR1","","",0.14891,,"",
"","100000007900200","DTR1","","",0.09982,,"",
"","100000007900204","DTR1","","",0.76745,,"",
"","100000007900219","DTR1","","",0.16991,,"",
"","100000007905327","DTR1","","",0.3066,,"",
"","100000007905433","DTR1","","",0.0646,,"",
"","100000007905530","DTR1","","",3.2452,,"",
"","100000007905285","DTR1","","",2.313,,"",
"","100000007905379","DTR1","","",2.0712,,"",
"","100000007905414","DTR1","","",1.8698,,"",
"","100000007905565","DTR1","","",2.1594,,"",
"","100000007898342","DTR1","","",2.25464,,"",
"","100000007898337","DTR1","","",0.37145,,"",
"","100000007898358","DTR1","","",0.05427,,"",
"","100000007898384","DTR1","","",1.08709,,"",
"","100000007900925","DTR1","","",0.39912,,"",
"","100000007900912","DTR1","","",1.72632,,"",
"","100000007901247","DTR1","","",0.17352,,"",
"","100000007902873","DTR1","","",0.08264,,"",
"","100000007905302","DTR1","","",6.446,,"",
"","100000007908428","DTR1","","",0.07936,,"",
"","100000007908472","DTR1","","",0.075,,"",
"","100000007903840","DTR1","","",1.38545,,"",
"","100000007903897","DTR1","","",0.40582,,"",
"","100000007903579","DTR1","","",2.07791,,"",
"","100000007903639","DTR1","","",0.76391,,"",
"","100000007903757","DTR1","","",0.5602,,"",
"","100000007904603","DTR1","","",0.56645,,"",
"","100000007904662","DTR1","","",0.16555,,"",
"","100000007899727","DTR1","","",0.1914,,"",
"","100000007902937","DTR1","","",0.06327,,"",
"","100000007902990","DTR1","","",0.37118,,"",
"","100000007903066","DTR1","","",0.14918,,"",
"","100000007902726","DTR1","","",0.77291,,"",
"","100000007902804","DTR1","","",0.27791,,"",
"","100000007902851","DTR1","","",2.74745,,"",
"","100000007902916","DTR1","","",0.72655,,"",
"","100000007908180","DTR1","","",0.18518,,"",
"","100000007908294","DTR1","","",1.0689,,"",
"","100000007908337","DTR1","","",0.3387,,"",
"","100000007908407","DTR1","","",0.5964,,"",
"","100000007908473","DTR1","","",0.5874,,"",
"","100000007908152","DTR1","","",0.4002,,"",
"","100000007908231","DTR1","","",0.8463,,"",
"","100000007908317","DTR1","","",0.4428,,"",
"","100000007908359","DTR1","","",3.0264,,"",
"","100000007908474","DTR1","","",0.138,,"",
"","100000007905619","DTR1","","",0.00764,,"",
"","100000007905773","DTR1","","",0.95209,,"",
"","100000007905820","DTR1","","",0.04445,,"",
"","100000007905946","DTR1","","",2.14964,,"",
"","100000007899738","DTR1","","",0.1305,,"",
"","100000007899718","DTR1","","",1.314,,"",
"","100000007899722","DTR1","","",0.0474,,"",
"","100000007899726","DTR1","","",0.3663,,"",
"","100000007899734","DTR1","","",0.0531,,"",
"","100000007902852","DTR1","","",0.11509,,"",
"","100000007902874","DTR1","","",0.51764,,"",
"","100000007902917","DTR1","","",0.17073,,"",
"","100000007902939","DTR1","","",0.62755,,"",
"","100000007905920","DTR1","","",0.01036,,"",
"","100000007908181","DTR1","","",0.4914,,"",
"","100000007908232","DTR1","","",0.0477,,"",
"","100000007908295","DTR1","","",0.1515,,"",
"","100000007908360","DTR1","","",0.0735,,"",
"","100000007902428","DTR1","","",0.15873,,"",
"","100000007902529","DTR1","","",0.19009,,"",
"","100000007905731","DTR1","","",0.28145,,"",
"","100000007905774","DTR1","","",0.06682,,"",
"","100000007905845","DTR1","","",0.07827,,"",
"","100000007905896","DTR1","","",0.34882,,"",
"","100000007905589","DTR1","","",0.12464,,"",
"","100000007900569","DTR1","","",0.25118,,"",
"","100000007899736","DTR1","","",0.0684,,"",
"","100000007905705","DTR1","","",0.06545,,"",
"","100000007905797","DTR1","","",0.02264,,"",
"","100000007905870","DTR1","","",0.17727,,"",
"","100000007905921","DTR1","","",0.02673,,"",
"","100000007902639","DTR1","","",0.19064,,"",
"","100000007902707","DTR1","","",0.43527,,"",
"","100000007902408","DTR1","","",0.48545,,"",
"","100000007902465","DTR1","","",0.39245,,"",
"","100000007902510","DTR1","","",0.123,,"",
"","100000007902640","DTR1","","",0.22555,,"",
"","100000007902708","DTR1","","",0.28336,,"",
"","100000007902466","DTR1","","",0.16773,,"",
"","100000007900574","DTR1","","",0.06027,,"",
"","100000007900580","DTR1","","",0.99409,,"",
"","100000007900585","DTR1","","",0.13418,,"",
"","100000007900602","DTR1","","",0.07964,,"",
"","100000007900551","DTR1","","",0.54409,,"",
"","100000007900579","DTR1","","",0.23918,,"",
"","100000007904204","DTR1","","",0.16664,,"",
"","100000007903982","DTR1","","",0.02782,,"",
"","100000007904254","DTR1","","",0.62727,,"",
"","100000007905663","DTR1","","",0.02318,,"",
"","100000007905730","DTR1","","",0.11564,,"",
"","100000007905772","DTR1","","",0.00409,,"",
"","100000007905844","DTR1","","",0.04282,,"",
"","100000007902511","DTR1","","",0.34282,,"",
"","100000007901528","DTR1","","",0.60545,,"",
"","100000007901282","DTR1","","",0.93845,,"",
"","100000007901329","DTR1","","",0.96845,,"",
"","100000007901423","DTR1","","",0.47591,,"",
"","100000007905359","DTR1","","",1.288,,"",
"","100000007900583","DTR1","","",1.46945,,"",
"","100000007900687","DTR1","","",0.47918,,"",
"","100000007903817","DTR1","","",0.127,,"",
"","100000007903957","DTR1","","",0.05182,,"",
"","100000007902830","DTR1","","",0.01036,,"",
"","100000007902964","DTR1","","",0.04936,,"",
"","100000007903018","DTR1","","",0.31909,,"",
"","100000007900631","DTR1","","",0.03655,,"",
"","100000007900635","DTR1","","",0.02891,,"",
"","100000007900640","DTR1","","",0.12191,,"",
"","100000007900614","DTR1","","",0.04527,,"",
"","100000007900624","DTR1","","",0.10664,,"",
"","100000007905526","DTR1","","",0.8482,,"",
"","100000007905284","DTR1","","",0.1214,,"",
"","100000007905326","DTR1","","",0.085,,"",
"","100000007904384","DTR1","","",0.4818,,"",
"","100000007904424","DTR1","","",0.168,,"",
"","100000007903868","DTR1","","",1.3366,,"",
"","100000007903545","DTR1","","",0.2108,,"",
"","100000007903687","DTR1","","",1.0358,,"",
"","100000007903640","DTR1","","",1.6186,,"",
"","100000007906929","DTR1","","",2.29909,,"",
"","100000007907099","DTR1","","",3.35318,,"",
"","100000007906978","DTR1","","",0.39873,,"",
"","100000007900632","DTR1","","",0.07336,,"",
"","100000007900637","DTR1","","",0.01936,,"",
"","100000007900641","DTR1","","",0.02264,,"",
"","100000007900630","DTR1","","",2.17036,,"",
"","100000007904452","DTR1","","",1.3476,,"",
"","100000007904453","DTR1","","",0.382,,"",
"","100000007904493","DTR1","","",0.07555,,"",
"","100000007904514","DTR1","","",0.13718,,"",
"","100000007898220","DTR1","","",0.06,,"",
"","100000007903758","DTR1","","",0.7918,,"",
"","100000007903818","DTR1","","",0.1648,,"",
"","100000007903869","DTR1","","",2.1396,,"",
"","100000007903546","DTR1","","",0.3072,,"",
"","100000007903616","DTR1","","",0.2354,,"",
"","100000007899822","B4U1","","",0.143,,"",
"","100000007899816","B4U1","","",0.019714286,,"",
"","100000007899828","B4U1","","",0.025571429,,"",
"","100000007899750","B4U1","","",0.042,,"",
"","100000007899751","B4U1","","",0.061428571,,"",
"","100000007900631","B4U1","","",0.019142857,,"",
"","100000007900635","B4U1","","",0.015142857,,"",
"","100000007900640","B4U1","","",0.063857143,,"",
"","100000007900614","B4U1","","",0.023714286,,"",
"","100000007900624","B4U1","","",0.055857143,,"",
"","100000007898485","DTR1","","",0.06409,,"",
"","100000007898489","DTR1","","",0.93709,,"",
"","100000007898491","DTR1","","",0.13936,,"",
"","100000007898498","DTR1","","",0.11918,,"",
"","100000007898499","DTR1","","",0.58118,,"",
"","100000007898505","DTR1","","",0.15273,,"",
"","100000007898490","DTR1","","",0.57464,,"",
"","100000007901759","DTR1","","",0.23836,,"",
"","100000007901795","DTR1","","",0.27682,,"",
"","100000007901850","DTR1","","",0.67009,,"",
"","100000007901573","DTR1","","",2.36591,,"",
"","100000007901635","DTR1","","",0.55855,,"",
"","100000007904202","DTR1","","",0.42518,,"",
"","100000007893412","B4U1","","",1.922571429,,"",
"","100000007893421","B4U1","","",0.212428571,,"",
"","100000007893425","B4U1","","",0.079142857,,"",
"","100000007893429","B4U1","","",0.476857143,,"",
"","100000007900632","B4U1","","",0.038428571,,"",
"","100000007900637","B4U1","","",0.010142857,,"",
"","100000007900641","B4U1","","",0.011857143,,"",
"","100000007898667","DTR1","","",0.03764,,"",
"","100000007904275","DTR1","","",1.1028,,"",
"","100000007893409","B4U1","","",0.104,,"",
"","100000007893418","B4U1","","",0.115428571,,"",
"","100000007893422","B4U1","","",0.279142857,,"",
"","100000007893426","B4U1","","",0.171285714,,"",
"","100000007893430","B4U1","","",0.758714286,,"",
"","100000007901450","DTR1","","",0.12218,,"",
"","100000007901486","DTR1","","",0.09,,"",
"","100000007901536","DTR1","","",0.13091,,"",
"","100000007902070","DTR1","","",0.09355,,"",
"","100000007902007","DTR1","","",0.12082,,"",
"","100000007904540","DTR1","","",0.33845,,"",
"","100000007904570","DTR1","","",0.04718,,"",
"","100000007904815","DTR1","","",0.03627,,"",
"","100000007904857","DTR1","","",0.19173,,"",
"","100000007904551","DTR1","","",0.10091,,"",
"","100000007837388","B4U1","","",0.147857143,,"",
"","100000007891008","B4U1","","",0.103285714,,"",
"","100000007891016","B4U1","","",0.018285714,,"",
"","100000007902069","DTR1","","",0.22036,,"",
"","100000007908408","DTR1","","",0.2523,,"",
"","100000007908124","DTR1","","",0.1416,,"",
"","100000007908254","DTR1","","",0.2457,,"",
"","100000007904637","DTR1","","",0.08318,,"",
"","100000007904714","DTR1","","",0.06682,,"",
"","100000007904768","DTR1","","",0.27409,,"",
"","100000007904715","DTR1","","",0.59073,,"",
"","100000007837383","B4U1","","",0.139142857,,"",
"","100000007890985","B4U1","","",0.043285714,,"",
"","100000007890987","B4U1","","",0.027857143,,"",
"","100000007890971","B4U1","","",0.300285714,,"",
"","100000007890983","B4U1","","",0.274571429,,"",
"","100000007908338","DTR1","","",0.129,,"",
"","100000007907202","DTR1","","",0.228,,"",
"","100000007907253","DTR1","","",0.2397,,"",
"","100000007907304","DTR1","","",0.1293,,"",
"","100000007907341","DTR1","","",0.1056,,"",
"","100000007904794","DTR1","","",1.15882,,"",
"","100000007904881","DTR1","","",0.11782,,"",
"","100000007904610","DTR1","","",0.01964,,"",
"","100000007837599","B4U1","","",0.013,,"",
"","100000007837602","B4U1","","",0.025428571,,"",
"","100000007896589","B4U1","","",0.135571429,,"",
"","100000007896590","B4U1","","",0.050857143,,"",
"","100000007891090","B4U1","","",0.100571429,,"",
"","100000007907401","DTR1","","",0.2238,,"",
"","100000007907203","DTR1","","",0.0381,,"",
"","100000007899231","DTR1","","",0.22282,,"",
"","100000007899237","DTR1","","",0.05455,,"",
"","100000007899604","DTR1","","",0.83455,,"",
"","100000007899616","DTR1","","",0.111,,"",
"","100000007899632","DTR1","","",0.06327,,"",
"","100000007899642","DTR1","","",0.55336,,"",
"","100000007899658","DTR1","","",0.13009,,"",
"","100000007899691","DTR1","","",0.36573,,"",
"","100000007896568","B4U1","","",0.058714286,,"",
"","100000007896573","B4U1","","",0.083,,"",
"","100000007898797","DTR1","","",0.03927,,"",
"","100000007898727","DTR1","","",0.13527,,"",
"","100000007898730","DTR1","","",0.02918,,"",
"","100000007898739","DTR1","","",0.60055,,"",
"","100000007898725","DTR1","","",0.06327,,"",
"","100000007898732","DTR1","","",0.04418,,"",
"","100000007898738","DTR1","","",0.36573,,"",
"","100000007899643","DTR1","","",0.1533,,"",
"","100000007899595","DTR1","","",0.0666,,"",
"","100000007899409","DTR1","","",0.4182,,"",
"","100000007899434","DTR1","","",0.0813,,"",
"","100000007899721","DTR1","","",2.0412,,"",
"","100000007900092","B4U1","","",0.374428571,,"",
"","100000007900099","B4U1","","",0.063,,"",
"","100000007900114","B4U1","","",0.159714286,,"",
"","100000007900120","B4U1","","",0.105,,"",
"","100000007900630","B4U1","","",1.136857143,,"",
"","100000007900569","B4U1","","",0.131571429,,"",
"","100000007898718","DTR1","","",0.12,,"",
"","100000007898724","DTR1","","",1.14682,,"",
"","100000007904228","DTR1","","",0.2508,,"",
"","100000007903913","DTR1","","",0.051,,"",
"","100000007903958","DTR1","","",1.0491,,"",
"","100000007904024","DTR1","","",0.0978,,"",
"","100000007904100","DTR1","","",0.0822,,"",
"","100000007904151","DTR1","","",0.4476,,"",
"","100000007900110","B4U1","","",0.187285714,,"",
"","100000007900115","B4U1","","",0.038142857,,"",
"","100000007900243","B4U1","","",0.078,,"",
"","100000007900200","B4U1","","",0.052285714,,"",
"","100000007900204","B4U1","","",0.402,,"",
"","100000007900219","B4U1","","",0.089,,"",
"","100000007900574","B4U1","","",0.031571429,,"",
"","100000007900580","B4U1","","",0.520714286,,"",
"","100000007900585","B4U1","","",0.070285714,,"",
"","100000007900602","B4U1","","",0.041714286,,"",
"","100000007900551","B4U1","","",0.285,,"",
"","100000007900579","B4U1","","",0.125285714,,"",
"","100000007902296","DTR1","","",0.43745,,"",
"","100000007901947","DTR1","","",0.18027,,"",
"","100000007901925","DTR1","","",0.14045,,"",
"","100000007901830","DTR1","","",0.26455,,"",
"","100000007904229","DTR1","","",0.2361,,"",
"","100000007903933","DTR1","","",0.04391,,"",
"","100000007903981","DTR1","","",0.024,,"",
"","100000007904838","DTR1","","",0.01609,,"",
"","100000007893439","B4U1","","",0.388,,"",
"","100000007900583","B4U1","","",0.769714286,,"",
"","100000007901549","DTR1","","",0.11073,,"",
"","100000007901610","DTR1","","",0.165,,"",
"","100000007907305","DTR1","","",0.3657,,"",
"","100000007893514","B4U1","","",0.184714286,,"",
"","100000007893813","B4U1","","",0.305857143,,"",
"","100000007899241","DTR1","","",0.04036,,"",
"","100000007837614","B4U1","","",0.127571429,,"",
"","100000007837597","B4U1","","",0.174714286,,"",
"","100000007891357","B4U1","","",0.152714286,,"",
"","100000007891376","B4U1","","",0.563142857,,"",
"","100000007891380","B4U1","","",1.397,,"",
"","100000007898726","DTR1","","",0.03682,,"",
"","100000007898716","DTR1","","",0.03382,,"",
"","100000007898728","DTR1","","",0.29809,,"",
"","100000007890812","B4U1","","",0.017857143,,"",
"","100000007890849","B4U1","","",0.023,,"",
"","100000007891014","B4U1","","",0.044714286,,"",
"","100000007891000","B4U1","","",0.218714286,,"",
"","100000007891002","B4U1","","",0.061714286,,"",
"","100000007891386","B4U1","","",0.316142857,,"",
"","100000007891359","B4U1","","",0.692428571,,"",
"","100000007898737","DTR1","","",0.05455,,"",
"","100000007898713","DTR1","","",0.73691,,"",
"","100000007898717","DTR1","","",0.09164,,"",
"","100000007899219","DTR1","","",0.07664,,"",
"","100000007899229","DTR1","","",0.58418,,"",
"","100000007899164","DTR1","","",0.02264,,"",
"","100000007899174","DTR1","","",0.11973,,"",
"","100000007899190","DTR1","","",0.96382,,"",
"","100000007899193","DTR1","","",0.03627,,"",
"","100000007837375","B4U1","","",0.078,,"",
"","100000007891007","B4U1","","",0.129571429,,"",
"","100000007891012","B4U1","","",0.081142857,,"",
"","100000007896766","B4U1","","",0.07,,"",
"","100000007891379","B4U1","","",0.288142857,,"",
"","100000007905132","DTR1","","",0.04064,,"",
"","100000007905025","DTR1","","",0.01418,,"",
"","100000007905079","DTR1","","",0.00736,,"",
"","100000007905158","DTR1","","",0.01145,,"",
"","100000007899209","DTR1","","",0.40936,,"",
"","100000007901657","DTR1","","",0.11618,,"",
"","100000007901720","DTR1","","",0.22882,,"",
"","100000007901848","DTR1","","",0.31145,,"",
"","100000007901682","DTR1","","",0.17645,,"",
"","100000007896594","B4U1","","",0.301571429,,"",
"","100000007896615","B4U1","","",0.212571429,,"",
"","100000007905198","DTR1","","",0.01091,,"",
"","100000007905262","DTR1","","",0.01145,,"",
"","100000007904950","DTR1","","",0.01936,,"",
"","100000007904536","DTR1","","",1.014,,"",
"","100000007904743","DTR1","","",0.14455,,"",
"","100000007904859","DTR1","","",0.03327,,"",
"","100000007904583","DTR1","","",0.58309,,"",
"","100000007898484","DTR1","","",1.46755,,"",
"","100000007898487","DTR1","","",0.50073,,"",
"","100000007898493","DTR1","","",2.13955,,"",
"","100000007898486","DTR1","","",0.35045,,"",
"","100000007907867","DTR1","","",0.82745,,"",
"","100000007908008","DTR1","","",0.98564,,"",
"","100000007923205","AMP1","","",0.617983278,,"",
"","100000007923147","AMP1","","",0.276997442,,"",
"","100000007923163","AMP1","","",0.127852946,,"",
"","100000007923187","AMP1","","",0.481167486,,"",
"","100000007923196","AMP1","","",0.538689764,,"",
"","100000007923212","AMP1","","",0.545791174,,"",
"","100000007919746","AMP1","","",0.131084093,,"",
"","100000007919836","AMP1","","",0.066749703,,"",
"","100000007919870","AMP1","","",0.083681104,,"",
"","100000008036461","AMP1","","",50.75133209,,"",
"","100000008037752","AMP1","","",0.475057193,,"",
"","100000008037787","AMP1","","",0.098839373,,"",
"","100000008037238","AMP1","","",0.087620792,,"",
"","100000008037420","AMP1","","",0.108655398,,"",
"","100000008037696","AMP1","","",0.068884414,,"",
"","100000008036327","AMP1","","",0.708803816,,"",
"","100000008036137","AMP1","","",3.007242926,,"",
"","100000008033074","AMP1","","",0.123402144,,"",
"","100000008033231","AMP1","","",0.844761292,,"",
"","100000008033269","AMP1","","",0.365214645,,"",
"","100000007923230","AMP1","","",0.129926757,,"",
"","100000007923240","AMP1","","",0.547242184,,"",
"","100000007923125","AMP1","","",0.36553716,,"",
"","100000007920238","AMP1","","",2.619681326,,"",
"","100000007919914","AMP1","","",0.147924595,,"",
"","100000007919894","AMP1","","",0.068850875,,"",
"","100000007920762","AMP1","","",0.098964709,,"",
"","100000008037700","AMP1","","",0.310890183,,"",
"","100000008036556","AMP1","","",0.232769398,,"",
"","100000007921838","AMP1","","",0.151869785,,"",
"","100000007919892","AMP1","","",0.099225509,,"",
"","100000007920815","AMP1","","",0.076759421,,"",
"","100000007920834","AMP1","","",0.053124611,,"",
"","100000007920728","AMP1","","",0.265153343,,"",
"","100000007920748","AMP1","","",0.112483015,,"",
"","100000008033191","AMP1","","",0.025442354,,"",
"","100000008032156","AMP1","","",0.034345601,,"",
"","100000008032697","AMP1","","",0.06853448,,"",
"","100000008036474","AMP1","","",0.25133655,,"",
"","100000008036638","AMP1","","",0.08067403,,"",
"","100000007890985","AMP1","","",0.123233698,,"",
"","100000007890987","AMP1","","",0.100261268,,"",
"","100000007891935","AMP1","","",0.019273349,,"",
"","100000007891939","AMP1","","",0.026073341,,"",
"","100000007891921","AMP1","","",1.005140642,,"",
"","100000007892203","AMP1","","",0.917407875,,"",
"","100000007892219","AMP1","","",0.109371742,,"",
"","100000007921059","AMP1","","",28.71157923,,"",
"","100000008033211","AMP1","","",0.14076926,,"",
"","100000008032171","AMP1","","",0.153261561,,"",
"","100000008032304","AMP1","","",0.178020804,,"",
"","100000008032526","AMP1","","",0.157430544,,"",
"","100000008032698","AMP1","","",0.1823205,,"",
"","100000008032965","AMP1","","",0.17626372,,"",
"","100000008033133","AMP1","","",0.237044438,,"",
"","100000008033364","AMP1","","",0.279216519,,"",
"","100000008032239","AMP1","","",0.256377788,,"",
"","100000008032445","AMP1","","",0.216488965,,"",
"","100000008032611","AMP1","","",0.542301333,,"",
"","100000007837599","AMP1","","",0.040680092,,"",
"","100000007837602","AMP1","","",0.087812173,,"",
"","100000007837614","AMP1","","",0.192300308,,"",
"","100000007837597","AMP1","","",0.281532986,,"",
"","100000007890971","AMP1","","",0.464153461,,"",
"","100000007890983","AMP1","","",0.354504593,,"",
"","100000007891090","AMP1","","",0.245491403,,"",
"","100000007891357","AMP1","","",0.314473782,,"",
"","100000007891667","AMP1","","",0.2647947,,"",
"","100000007891931","AMP1","","",0.114807544,,"",
"","100000007891936","AMP1","","",0.035168199,,"",
"","100000007892208","AMP1","","",0.394474631,,"",
"","100000007892558","AMP1","","",0.045233524,,"",
"","100000007892432","AMP1","","",0.036938319,,"",
"","100000007892450","AMP1","","",0.229084645,,"",
"","100000007892467","AMP1","","",1.326072245,,"",
"","100000007921292","AMP1","","",2.281791323,,"",
"","100000007921093","AMP1","","",17.72040511,,"",
"","100000007921119","AMP1","","",29.11421907,,"",
"","100000007921530","AMP1","","",0.149216138,,"",
"","100000007922969","AMP1","","",0.45289418,,"",
"","100000007921763","AMP1","","",0.313876269,,"",
"","100000007922634","AMP1","","",0.42444511,,"",
"","100000007921739","AMP1","","",0.723477121,,"",
"","100000007922470","AMP1","","",0.286635858,,"",
"","100000007922716","AMP1","","",0.718334287,,"",
"","100000008034841","AMP1","","",0.327618331,,"",
"","100000008035342","AMP1","","",0.302849228,,"",
"","100000007892919","AMP1","","",0.018645767,,"",
"","100000007892974","AMP1","","",0.359575626,,"",
"","100000008032878","AMP1","","",0.418778606,,"",
"","100000008032371","AMP1","","",0.019634145,,"",
"","100000007893021","AMP1","","",0.355446611,,"",
"","100000007893411","AMP1","","",0.418477021,,"",
"","100000007893420","AMP1","","",0.189038649,,"",
"","100000007893428","AMP1","","",0.615781615,,"",
"","100000007893433","AMP1","","",0.069518312,,"",
"","100000007893514","AMP1","","",0.493775823,,"",
"","100000007891376","AMP1","","",0.829351397,,"",
"","100000007891380","AMP1","","",2.250645656,,"",
"","100000007894396","AMP1","","",13.43526963,,"",
"","100000007894728","AMP1","","",0.792819343,,"",
"","100000007894754","AMP1","","",0.125559306,,"",
"","100000007894783","AMP1","","",0.032124889,,"",
"","100000007891916","AMP1","","",0.340402548,,"",
"","100000007894830","AMP1","","",3.30448378,,"",
"","100000007894941","AMP1","","",0.869548777,,"",
"","100000007895212","AMP1","","",0.137655053,,"",
"","100000007895211","AMP1","","",0.346857814,,"",
"","100000007895214","AMP1","","",0.161255567,,"",
"","100000007943602","B4U1","","",4.256285714,,"",
"","100000007943532","B4U1","","",0.259,,"",
"","100000007922397","AMP1","","",0.105417412,,"",
"","100000007922338","AMP1","","",0.568721358,,"",
"","100000007922377","AMP1","","",0.570339027,,"",
"","100000007922406","AMP1","","",0.715411233,,"",
"","100000007922226","AMP1","","",0.149324289,,"",
"","100000007922238","AMP1","","",0.512012325,,"",
"","100000007922261","AMP1","","",0.321872778,,"",
"","100000007922256","AMP1","","",0.535387081,,"",
"","100000007922228","AMP1","","",0.737917817,,"",
"","100000007923055","AMP1","","",0.773592129,,"",
"","100000007922584","AMP1","","",0.6703419,,"",
"","100000007922605","AMP1","","",0.536028604,,"",
"","100000007922612","AMP1","","",1.110101188,,"",
"","100000007922550","AMP1","","",1.17578192,,"",
"","100000007922556","AMP1","","",0.777484623,,"",
"","100000007922932","AMP1","","",0.849049028,,"",
"","100000007922679","AMP1","","",0.519709765,,"",
"","100000007922706","AMP1","","",0.446938376,,"",
"","100000007922671","AMP1","","",0.619278501,,"",
"","100000007892940","AMP1","","",0.035655909,,"",
"","100000007892943","AMP1","","",0.06041031,,"",
"","100000007892951","AMP1","","",0.027867963,,"",
"","100000007892973","AMP1","","",0.182239284,,"",
"","100000007893040","AMP1","","",0.238233443,,"",
"","100000007893022","AMP1","","",0.11229106,,"",
"","100000007893025","AMP1","","",0.170489286,,"",
"","100000007893029","AMP1","","",0.136677872,,"",
"","100000007893033","AMP1","","",0.330016875,,"",
"","100000007893037","AMP1","","",0.228271503,,"",
"","100000007893410","AMP1","","",0.044848374,,"",
"","100000007893414","AMP1","","",0.371588756,,"",
"","100000007893431","AMP1","","",2.567301452,,"",
"","100000007893412","AMP1","","",3.656369679,,"",
"","100000007893813","AMP1","","",0.513812562,,"",
"","100000007893806","AMP1","","",0.324866915,,"",
"","100000007894408","AMP1","","",32.56628471,,"",
"","100000007894412","AMP1","","",0.664667839,,"",
"","100000007894416","AMP1","","",0.267647808,,"",
"","100000007894393","AMP1","","",2.157922342,,"",
"","100000007894397","AMP1","","",0.357326354,,"",
"","100000007894400","AMP1","","",0.285055842,,"",
"","100000007894405","AMP1","","",1.516529878,,"",
"","100000007894410","AMP1","","",0.890052844,,"",
"","100000007894413","AMP1","","",7.048943062,,"",
"","100000007894418","AMP1","","",1.586302366,,"",
"","100000007894723","AMP1","","",0.067469738,,"",
"","100000007894749","AMP1","","",0.515925466,,"",
"","100000007894784","AMP1","","",0.029444671,,"",
"","100000007894797","AMP1","","",0.274781148,,"",
"","100000007894759","AMP1","","",0.032231254,,"",
"","100000007894945","AMP1","","",0.456143116,,"",
"","100000007943546","B4U1","","",0.348857143,,"",
"","100000007943570","B4U1","","",0.278142857,,"",
"","100000007943586","B4U1","","",0.349428571,,"",
"","100000007943609","B4U1","","",0.378571429,,"",
"","100000007943507","B4U1","","",0.452428571,,"",
"","100000007922307","AMP1","","",1.012528419,,"",
"","100000007922407","AMP1","","",0.550436053,,"",
"","100000007922182","AMP1","","",0.156766185,,"",
"","100000007922245","AMP1","","",0.266562169,,"",
"","100000007922638","AMP1","","",0.674026697,,"",
"","100000007922578","AMP1","","",0.234299856,,"",
"","100000007922614","AMP1","","",0.983091058,,"",
"","100000007922628","AMP1","","",0.80525193,,"",
"","100000007922647","AMP1","","",0.694922255,,"",
"","100000007922554","AMP1","","",0.585060373,,"",
"","100000007922572","AMP1","","",1.272971413,,"",
"","100000007922858","AMP1","","",0.32653785,,"",
"","100000007922842","AMP1","","",0.416509619,,"",
"","100000007892941","AMP1","","",0.085700076,,"",
"","100000007892938","AMP1","","",0.118233998,,"",
"","100000007893315","AMP1","","",1.84510346,,"",
"","100000008035883","AMP1","","",0.669493785,,"",
"","100000008035056","AMP1","","",0.274323661,,"",
"","100000008035517","AMP1","","",1.169536951,,"",
"","100000007893421","AMP1","","",0.335024479,,"",
"","100000007893425","AMP1","","",0.106361157,,"",
"","100000007893429","AMP1","","",0.918746599,,"",
"","100000007893811","AMP1","","",0.108697744,,"",
"","100000007893844","AMP1","","",0.946672456,,"",
"","100000007893846","AMP1","","",0.184307566,,"",
"","100000007893852","AMP1","","",0.146469664,,"",
"","100000008036328","AMP1","","",1.997166496,,"",
"","100000008035421","AMP1","","",0.173926808,,"",
"","100000008032173","AMP1","","",0.114760829,,"",
"","100000008032374","AMP1","","",0.09953526,,"",
"","100000008032534","AMP1","","",0.684553068,,"",
"","100000008032806","AMP1","","",0.24673056,,"",
"","100000008038164","AMP1","","",5.784027551,,"",
"","100000007945466","B4U1","","",0.580285714,,"",
"","100000007945483","B4U1","","",0.545142857,,"",
"","100000007945500","B4U1","","",0.551142857,,"",
"","100000007945516","B4U1","","",0.631857143,,"",
"","100000007945428","B4U1","","",0.807285714,,"",
"","100000007945442","B4U1","","",0.986571429,,"",
"","100000007945460","B4U1","","",0.850857143,,"",
"","100000007920753","AMP1","","",1.923063428,,"",
"","100000007920797","AMP1","","",2.014004368,,"",
"","100000007920831","AMP1","","",2.005808927,,"",
"","100000007920291","AMP1","","",2.644462309,,"",
"","100000007920352","AMP1","","",2.860114057,,"",
"","100000008035962","AMP1","","",0.072883966,,"",
"","100000008035331","AMP1","","",0.235214323,,"",
"","100000008035868","AMP1","","",0.458903889,,"",
"","100000008036048","AMP1","","",0.122541994,,"",
"","100000008032982","AMP1","","",1.108175756,,"",
"","100000008033232","AMP1","","",0.404033152,,"",
"","100000008032758","AMP1","","",0.885188173,,"",
"","100000008033023","AMP1","","",1.958922821,,"",
"","100000008033186","AMP1","","",1.5827257,,"",
"","100000008032668","AMP1","","",0.522611849,,"",
"","100000007945475","B4U1","","",0.925428571,,"",
"","100000007945494","B4U1","","",1.058142857,,"",
"","100000007945508","B4U1","","",1.203428571,,"",
"","100000007945431","B4U1","","",1.400285714,,"",
"","100000007947084","NGC1","","",18.3,,"",
"","100000007946679","NGC1","","",25.5,,"",
"","100000007946758","NGC1","","",22.59,,"",
"","100000007913354","NGC1","","",0.025,,"",
"","100000007913372","NGC1","","",0.0315,,"",
"","100000007913394","NGC1","","",0.072,,"",
"","100000007914461","NGC1","","",0.182,,"",
"","100000007914415","NGC1","","",0.207,,"",
"","100000007899595","NGC1","","",0.096,,"",
"","100000007899409","NGC1","","",0.84,,"",
"","100000007899434","NGC1","","",0.1405,,"",
"","100000007899721","NGC1","","",2.93,,"",
"","100000007899727","NGC1","","",0.3415,,"",
"","100000007899738","NGC1","","",0.2045,,"",
"","100000007899718","NGC1","","",1.94,,"",
"","100000007893430","NGC1","","",3.45,,"",
"","100000007912650","NGC1","","",0.69,,"",
"","100000007912702","NGC1","","",1.11,,"",
"","100000007894329","NGC1","","",0.0605,,"",
"","100000007894442","NGC1","","",0.0605,,"",
"","100000007894431","NGC1","","",0.57,,"",
"","100000007948253","NGC1","","",86.74,,"",
"","100000007948282","NGC1","","",105.05,,"",
"","100000007948296","NGC1","","",124.47,,"",
"","100000007948181","NGC1","","",66.15,,"",
"","100000007948200","NGC1","","",77.56,,"",
"","100000007948227","NGC1","","",85.82,,"",
"","100000007948247","NGC1","","",94.09,,"",
"","100000007916276","NGC1","","",0.59,,"",
"","100000007955505","NGC1","","",5.27,,"",
"","100000007955545","NGC1","","",6.47,,"",
"","100000007955933","NGC1","","",6.23,,"",
"","100000007955329","NGC1","","",1.2,,"",
"","100000007914919","NGC1","","",0.1,,"",
"","100000008033340","NGC1","","",1.17,,"",
"","100000008032416","NGC1","","",3.39,,"",
"","100000008032579","NGC1","","",0.53,,"",
"","100000008033024","NGC1","","",1.83,,"",
"","100000008033263","NGC1","","",0.318,,"",
"","100000008032349","NGC1","","",0.613,,"",
"","100000008033269","NGC1","","",1.05,,"",
"","100000007914573","NGC1","","",0.029,,"",
"","100000007914592","NGC1","","",0.032,,"",
"","100000007899722","NGC1","","",0.076,,"",
"","100000007899726","NGC1","","",0.52,,"",
"","100000007899734","NGC1","","",0.0815,,"",
"","100000007903109","NGC1","","",1.014,,"",
"","100000007903203","NGC1","","",0.4,,"",
"","100000007903252","NGC1","","",2.63,,"",
"","100000007900631","NGC1","","",0.1755,,"",
"","100000007900635","NGC1","","",0.185,,"",
"","100000007900640","NGC1","","",0.2265,,"",
"","100000007900614","NGC1","","",0.2415,,"",
"","100000007900624","NGC1","","",0.512,,"",
"","100000007900632","NGC1","","",0.384,,"",
"","100000007900637","NGC1","","",0.1555,,"",
"","100000007894439","NGC1","","",0.1025,,"",
"","100000007894443","NGC1","","",0.1155,,"",
"","100000007894728","NGC1","","",1.79,,"",
"","100000007894754","NGC1","","",0.2415,,"",
"","100000007894723","NGC1","","",0.166,,"",
"","100000007948272","NGC1","","",103.27,,"",
"","100000007948290","NGC1","","",108.71,,"",
"","100000007948169","NGC1","","",116.96,,"",
"","100000007948192","NGC1","","",130.65,,"",
"","100000007948219","NGC1","","",68.82,,"",
"","100000007912918","NGC1","","",0.015,,"",
"","100000007956612","NGC1","","",15.83,,"",
"","100000007956601","NGC1","","",13.2,,"",
"","100000007957487","NGC1","","",14.39,,"",
"","100000007955999","NGC1","","",7.68,,"",
"","100000007955920","NGC1","","",1.63,,"",
"","100000007941246","NGC1","","",24.19,,"",
"","100000007943710","NGC1","","",4.22,,"",
"","100000007943662","NGC1","","",4.22,,"",
"","100000007953867","NGC1","","",17.07,,"",
"","100000007953958","NGC1","","",11.21,,"",
"","100000007942662","NGC1","","",33.46,,"",
"","100000007942746","NGC1","","",49.24,,"",
"","100000007942663","NGC1","","",49.24,,"",
"","100000007942686","NGC1","","",33.46,,"",
"","100000008032356","NGC1","","",0.56,,"",
"","100000008032766","NGC1","","",1.9,,"",
"","100000008033190","NGC1","","",1.82,,"",
"","100000008032505","NGC1","","",0.1385,,"",
"","100000008032675","NGC1","","",0.1695,,"",
"","100000008032171","NGC1","","",0.287,,"",
"","100000008032304","NGC1","","",0.272,,"",
"","100000008032698","NGC1","","",0.1635,,"",
"","100000008032965","NGC1","","",0.29,,"",
"","100000008033133","NGC1","","",0.256,,"",
"","100000007914626","NGC1","","",0.035,,"",
"","100000007914650","NGC1","","",0.035,,"",
"","100000007914513","NGC1","","",0.035,,"",
"","100000007914531","NGC1","","",0.034,,"",
"","100000007914533","NGC1","","",0.036,,"",
"","100000007837614","NGC1","","",0.512,,"",
"","100000007837597","NGC1","","",0.88,,"",
"","100000007914534","NGC1","","",0.043,,"",
"","100000007914556","NGC1","","",0.042,,"",
"","100000007914586","NGC1","","",0.066,,"",
"","100000007914609","NGC1","","",0.075,,"",
"","100000007914643","NGC1","","",0.065,,"",
"","100000007914670","NGC1","","",0.067,,"",
"","100000007914525","NGC1","","",0.117,,"",
"","100000007914546","NGC1","","",0.12,,"",
"","100000007914575","NGC1","","",0.138,,"",
"","100000007905359","NGC1","","",1.14,,"",
"","100000007904493","NGC1","","",0.243,,"",
"","100000007900641","NGC1","","",0.1685,,"",
"","100000007900975","NGC1","","",8.56,,"",
"","100000007900987","NGC1","","",0.76,,"",
"","100000007901011","NGC1","","",2.71,,"",
"","100000007900950","NGC1","","",0.4125,,"",
"","100000007900925","NGC1","","",1.45,,"",
"","100000007904228","NGC1","","",0.846,,"",
"","100000007903913","NGC1","","",0.1565,,"",
"","100000007907341","NGC1","","",0.238,,"",
"","100000007907203","NGC1","","",0.241,,"",
"","100000007908625","NGC1","","",0.2485,,"",
"","100000007908695","NGC1","","",0.073,,"",
"","100000007913949","NGC1","","",0.455,,"",
"","100000007913970","NGC1","","",0.457,,"",
"","100000007914151","NGC1","","",0.524,,"",
"","100000007916096","NGC1","","",0.06,,"",
"","100000007916111","NGC1","","",0.047,,"",
"","100000007916132","NGC1","","",0.082,,"",
"","100000007913015","NGC1","","",0.01,,"",
"","100000007912951","NGC1","","",0.011,,"",
"","100000007957501","NGC1","","",18.05,,"",
"","100000007957536","NGC1","","",4.59,,"",
"","100000007957421","NGC1","","",6.62,,"",
"","100000007957463","NGC1","","",1.56,,"",
"","100000007957488","NGC1","","",1.95,,"",
"","100000007949476","NGC1","","",28.33,,"",
"","100000007944028","NGC1","","",6.37,,"",
"","100000007943930","NGC1","","",7.49,,"",
"","100000007943952","NGC1","","",28.2,,"",
"","100000007943969","NGC1","","",7.2,,"",
"","100000007943991","NGC1","","",9.29,,"",
"","100000007944009","NGC1","","",4.54,,"",
"","100000007944029","NGC1","","",11.04,,"",
"","100000007942655","NGC1","","",39.14,,"",
"","100000007942312","NGC1","","",51.77,,"",
"","100000007942245","NGC1","","",50.5,,"",
"","100000008033364","NGC1","","",0.382,,"",
"","100000008032445","NGC1","","",0.482,,"",
"","100000008032611","NGC1","","",0.384,,"",
"","100000008032878","NGC1","","",0.59,,"",
"","100000007916015","NGC1","","",0.16,,"",
"","100000007915968","NGC1","","",0.2,,"",
"","100000007915985","NGC1","","",0.16,,"",
"","100000007916022","NGC1","","",0.2,,"",
"","100000007916043","NGC1","","",0.2,,"",
"","100000007916067","NGC1","","",0.26,,"",
"","100000007890812","NGC1","","",0.0765,,"",
"","100000007890849","NGC1","","",0.121,,"",
"","100000007891014","NGC1","","",0.371,,"",
"","100000007914597","NGC1","","",0.091,,"",
"","100000007914630","NGC1","","",0.156,,"",
"","100000007914659","NGC1","","",0.159,,"",
"","100000007914515","NGC1","","",0.149,,"",
"","100000007904514","NGC1","","",0.422,,"",
"","100000007904417","NGC1","","",0.0185,,"",
"","100000007915084","NGC1","","",0.107,,"",
"","100000007915101","NGC1","","",0.11,,"",
"","100000007915120","NGC1","","",0.154,,"",
"","100000007904570","NGC1","","",0.0745,,"",
"","100000007904815","NGC1","","",0.064,,"",
"","100000007904857","NGC1","","",0.382,,"",
"","100000007904551","NGC1","","",0.123,,"",
"","100000007904603","NGC1","","",0.75,,"",
"","100000007904662","NGC1","","",0.219,,"",
"","100000007905773","NGC1","","",0.485,,"",
"","100000007905820","NGC1","","",0.021,,"",
"","100000007908554","NGC1","","",0.196,,"",
"","100000007908673","NGC1","","",0.1665,,"",
"","100000007909625","NGC1","","",0.58,,"",
"","100000007909323","NGC1","","",0.1445,,"",
"","100000007909427","NGC1","","",0.4925,,"",
"","100000007912514","NGC1","","",1.36,,"",
"","100000007943712","NGC1","","",6.63,,"",
"","100000007943733","NGC1","","",6.48,,"",
"","100000007895200","NGC1","","",0.2915,,"",
"","100000007912015","NGC1","","",0.278,,"",
"","100000007914148","NGC1","","",3.98,,"",
"","100000007914236","NGC1","","",1.068,,"",
"","100000007912941","NGC1","","",2.36,,"",
"","100000007912911","NGC1","","",0.314,,"",
"","100000007912935","NGC1","","",0.0525,,"",
"","100000007912999","NGC1","","",0.95,,"",
"","100000007913014","NGC1","","",0.1355,,"",
"","100000007949493","NGC1","","",31.74,,"",
"","100000007949397","NGC1","","",32.26,,"",
"","100000007949415","NGC1","","",32.97,,"",
"","100000007949437","NGC1","","",35.62,,"",
"","100000007949486","NGC1","","",4.4,,"",
"","100000007949407","NGC1","","",4.43,,"",
"","100000007948959","NGC1","","",19.52,,"",
"","100000007948984","NGC1","","",11.01,,"",
"","100000007948890","NGC1","","",7.05,,"",
"","100000007948907","NGC1","","",36.81,,"",
"","100000007948933","NGC1","","",19.52,,"",
"","100000007948948","NGC1","","",9.2,,"",
"","100000007948974","NGC1","","",7.05,,"",
"","100000007943922","NGC1","","",13.31,,"",
"","100000007943946","NGC1","","",16.86,,"",
"","100000007943963","NGC1","","",19.59,,"",
"","100000007943983","NGC1","","",22.17,,"",
"","100000007943931","NGC1","","",26.7,,"",
"","100000007943953","NGC1","","",5.58,,"",
"","100000007943970","NGC1","","",28.46,,"",
"","100000007943992","NGC1","","",4.27,,"",
"","100000007944010","NGC1","","",16.86,,"",
"","100000007944031","NGC1","","",11.56,,"",
"","100000007944043","NGC1","","",15.62,,"",
"","100000007944045","NGC1","","",19.56,,"",
"","100000007916085","NGC1","","",0.26,,"",
"","100000007915957","NGC1","","",0.37,,"",
"","100000007915977","NGC1","","",0.3,,"",
"","100000007916011","NGC1","","",0.32,,"",
"","100000007916079","NGC1","","",0.3,,"",
"","100000007915943","NGC1","","",0.3,,"",
"","100000007915969","NGC1","","",0.3,,"",
"","100000007916023","NGC1","","",0.5,,"",
"","100000007891008","NGC1","","",0.843,,"",
"","100000007891016","NGC1","","",0.2625,,"",
"","100000007890985","NGC1","","",0.4475,,"",
"","100000007890987","NGC1","","",0.356,,"",
"","100000007891090","NGC1","","",0.667,,"",
"","100000007898394","NGC1","","",3.16,,"",
"","100000007898427","NGC1","","",0.057,,"",
"","100000007898442","NGC1","","",0.172,,"",
"","100000007891359","NGC1","","",10.61,,"",
"","100000007915133","NGC1","","",0.158,,"",
"","100000007915155","NGC1","","",0.165,,"",
"","100000007915079","NGC1","","",0.183,,"",
"","100000007905731","NGC1","","",0.0965,,"",
"","100000007905774","NGC1","","",0.03,,"",
"","100000007905845","NGC1","","",0.0285,,"",
"","100000007905896","NGC1","","",0.2655,,"",
"","100000007905589","NGC1","","",0.0465,,"",
"","100000007906444","NGC1","","",0.403,,"",
"","100000007908503","NGC1","","",0.109,,"",
"","100000007908626","NGC1","","",0.0765,,"",
"","100000007908671","NGC1","","",0.41,,"",
"","100000007908717","NGC1","","",0.546,,"",
"","100000007908789","NGC1","","",0.108,,"",
"","100000007895212","NGC1","","",0.363,,"",
"","100000007895211","NGC1","","",0.584,,"",
"","100000007895214","NGC1","","",0.395,,"",
"","100000007914053","NGC1","","",1.6,,"",
"","100000008035962","NGC1","","",0.109,,"",
"","100000008035868","NGC1","","",0.83,,"",
"","100000008036048","NGC1","","",0.1955,,"",
"","100000008035597","NGC1","","",0.121,,"",
"","100000007949698","NGC1","","",367.27,,"",
"","100000007951682","NGC1","","",53.11,,"",
"","100000007951721","NGC1","","",62.43,,"",
"","100000007948991","NGC1","","",40.08,,"",
"","100000007949021","NGC1","","",14.1,,"",
"","100000007948899","NGC1","","",7.05,,"",
"","100000007948926","NGC1","","",19.78,,"",
"","100000007949013","NGC1","","",8.63,,"",
"","100000007948891","NGC1","","",9.27,,"",
"","100000007948919","NGC1","","",11.26,,"",
"","100000007948934","NGC1","","",11.82,,"",
"","100000007948958","NGC1","","",14.76,,"",
"","100000007944238","NGC1","","",4.76,,"",
"","100000007944265","NGC1","","",4.27,,"",
"","100000007944286","NGC1","","",23,,"",
"","100000007944314","NGC1","","",6.71,,"",
"","100000007944179","NGC1","","",9.58,,"",
"","100000007942797","NGC1","","",8.82,,"",
"","100000007942832","NGC1","","",5.51,,"",
"","100000007945278","NGC1","","",26.85,,"",
"","100000007945268","NGC1","","",18.66,,"",
"","100000007945269","NGC1","","",6.99,,"",
"","100000007945355","NGC1","","",36.06,,"",
"","100000007945380","NGC1","","",10.48,,"",
"","100000007916050","NGC1","","",0.61,,"",
"","100000007916068","NGC1","","",0.49,,"",
"","100000007915944","NGC1","","",0.51,,"",
"","100000007915970","NGC1","","",0.68,,"",
"","100000007916069","NGC1","","",0.76,,"",
"","100000007912912","NGC1","","",0.015,,"",
"","100000007913777","NGC1","","",0.0895,,"",
"","100000007913801","NGC1","","",0.527,,"",
"","100000007898342","NGC1","","",6.16,,"",
"","100000007898337","NGC1","","",0.82,,"",
"","100000007898358","NGC1","","",0.155,,"",
"","100000007898384","NGC1","","",2.26,,"",
"","100000007898250","NGC1","","",0.326,,"",
"","100000007898284","NGC1","","",0.217,,"",
"","100000007898500","NGC1","","",1.6,,"",
"","100000007898506","NGC1","","",0.358,,"",
"","100000007898484","NGC1","","",4.58,,"",
"","100000007898487","NGC1","","",1.26,,"",
"","100000007891440","NGC1","","",8.24,,"",
"","100000007891923","NGC1","","",0.123,,"",
"","100000007906261","NGC1","","",0.0345,,"",
"","100000007906334","NGC1","","",0.15,,"",
"","100000007905994","NGC1","","",0.018,,"",
"","100000007910915","NGC1","","",0.162,,"",
"","100000007894749","NGC1","","",1.14,,"",
"","100000007894797","NGC1","","",0.48,,"",
"","100000007903958","NGC1","","",2.42,,"",
"","100000007904024","NGC1","","",0.3745,,"",
"","100000007915543","NGC1","","",0.167,,"",
"","100000007915459","NGC1","","",0.34,,"",
"","100000007915763","NGC1","","",0.177,,"",
"","100000008035774","NGC1","","",0.569,,"",
"","100000008036049","NGC1","","",0.272,,"",
"","100000008036330","NGC1","","",1.25,,"",
"","100000008035422","NGC1","","",0.728,,"",
"","100000008034882","NGC1","","",2.54,,"",
"","100000008034883","NGC1","","",5.7,,"",
"","100000008035455","NGC1","","",3.96,,"",
"","100000008035093","NGC1","","",3.87,,"",
"","100000008033231","NGC1","","",1.48,,"",
"","100000008032806","NGC1","","",0.392,,"",
"","100000007940760","NGC1","","",9.95,,"",
"","100000007940823","NGC1","","",4.8,,"",
"","100000007951675","NGC1","","",113.88,,"",
"","100000007951747","NGC1","","",24.42,,"",
"","100000007951759","NGC1","","",25.81,,"",
"","100000007951698","NGC1","","",28.22,,"",
"","100000007948992","NGC1","","",9.32,,"",
"","100000007944074","NGC1","","",11.25,,"",
"","100000007944089","NGC1","","",11.25,,"",
"","100000007945395","NGC1","","",6.55,,"",
"","100000007945257","NGC1","","",14.48,,"",
"","100000007945279","NGC1","","",6.93,,"",
"","100000007913829","NGC1","","",0.0155,,"",
"","100000007913852","NGC1","","",0.1895,,"",
"","100000007913747","NGC1","","",0.02,,"",
"","100000007913764","NGC1","","",1.78,,"",
"","100000007913809","NGC1","","",5.76,,"",
"","100000007913708","NGC1","","",0.2665,,"",
"","100000007898493","NGC1","","",6.96,,"",
"","100000007898486","NGC1","","",0.92,,"",
"","100000007898485","NGC1","","",0.174,,"",
"","100000007898489","NGC1","","",2.52,,"",
"","100000007898491","NGC1","","",0.359,,"",
"","100000007898498","NGC1","","",0.255,,"",
"","100000007898499","NGC1","","",1.77,,"",
"","100000007898505","NGC1","","",0.424,,"",
"","100000007898490","NGC1","","",1.42,,"",
"","100000007898797","NGC1","","",0.055,,"",
"","100000007898727","NGC1","","",0.37,,"",
"","100000007892231","NGC1","","",0.091,,"",
"","100000007892237","NGC1","","",0.496,,"",
"","100000007892221","NGC1","","",0.191,,"",
"","100000007892202","NGC1","","",1.33,,"",
"","100000007892209","NGC1","","",0.449,,"",
"","100000007910711","NGC1","","",0.1905,,"",
"","100000007910810","NGC1","","",0.162,,"",
"","100000007910952","NGC1","","",0.213,,"",
"","100000007910811","NGC1","","",0.196,,"",
"","100000007904100","NGC1","","",0.21,,"",
"","100000007904151","NGC1","","",1.54,,"",
"","100000007903933","NGC1","","",0.056,,"",
"","100000007903981","NGC1","","",0.0355,,"",
"","100000007904204","NGC1","","",0.295,,"",
"","100000007903982","NGC1","","",0.0605,,"",
"","100000007904254","NGC1","","",1.27,,"",
"","100000007915732","NGC1","","",0.196,,"",
"","100000007915785","NGC1","","",0.43,,"",
"","100000007915767","NGC1","","",0.214,,"",
"","100000007915789","NGC1","","",0.61,,"",
"","100000008032982","NGC1","","",2.17,,"",
"","100000008033232","NGC1","","",0.743,,"",
"","100000007940747","NGC1","","",6.52,,"",
"","100000007940923","NGC1","","",8.4,,"",
"","100000007941647","NGC1","","",29.16,,"",
"","100000007941590","NGC1","","",29.16,,"",
"","100000007941655","NGC1","","",35.22,,"",
"","100000007941593","NGC1","","",37.97,,"",
"","100000007941557","NGC1","","",39.24,,"",
"","100000007946542","NGC1","","",190.37,,"",
"","100000007946582","NGC1","","",92.75,,"",
"","100000007947069","NGC1","","",45.98,,"",
"","100000007947165","NGC1","","",18.3,,"",
"","100000007913732","NGC1","","",0.061,,"",
"","100000007913765","NGC1","","",0.858,,"",
"","100000007913784","NGC1","","",0.1285,,"",
"","100000007913810","NGC1","","",0.093,,"",
"","100000007913827","NGC1","","",0.473,,"",
"","100000007913863","NGC1","","",0.1775,,"",
"","100000007913719","NGC1","","",1.163,,"",
"","100000007913326","NGC1","","",0.374,,"",
"","100000007914853","NGC1","","",0.11,,"",
"","100000007914927","NGC1","","",0.107,,"",
"","100000007913932","NGC1","","",0.182,,"",
"","100000007913948","NGC1","","",0.252,,"",
"","100000007913969","NGC1","","",0.354,,"",
"","100000007898730","NGC1","","",0.0915,,"",
"","100000007898739","NGC1","","",1.01,,"",
"","100000007898725","NGC1","","",0.17,,"",
"","100000007898732","NGC1","","",0.1105,,"",
"","100000007898738","NGC1","","",0.73,,"",
"","100000007898718","NGC1","","",0.204,,"",
"","100000007898724","NGC1","","",2,,"",
"","100000007898726","NGC1","","",0.051,,"",
"","100000007893033","NGC1","","",0.496,,"",
"","100000007893337","NGC1","","",5.7,,"",
"","100000007893357","NGC1","","",0.489,,"",
"","100000007893375","NGC1","","",0.1265,,"",
"","100000007893316","NGC1","","",0.2155,,"",
"","100000007893274","NGC1","","",0.1915,,"",
"","100000007893137","NGC1","","",0.377,,"",
"","100000007910802","NGC1","","",0.145,,"",
"","100000007903957","NGC1","","",0.156,,"",
"","100000007902830","NGC1","","",0.0165,,"",
"","100000007902964","NGC1","","",0.0795,,"",
"","100000007903018","NGC1","","",0.508,,"",
"","100000007903093","NGC1","","",0.023,,"",
"","100000007902780","NGC1","","",0.248,,"",
"","100000007902831","NGC1","","",1.39,,"",
"","100000007902896","NGC1","","",0.0315,,"",
"","100000007915802","NGC1","","",0.237,,"",
"","100000007915727","NGC1","","",0.245,,"",
"","100000007915748","NGC1","","",0.177,,"",
"","100000007916207","NGC1","","",1.98,,"",
"","100000007916229","NGC1","","",0.61,,"",
"","100000007916199","NGC1","","",1.22,,"",
"","100000007916220","NGC1","","",1.29,,"",
"","100000007956772","NGC1","","",9.71,,"",
"","100000007956710","NGC1","","",32.17,,"",
"","100000007956733","NGC1","","",31.08,,"",
"","100000007956320","NGC1","","",3.27,,"",
"","100000007956247","NGC1","","",0.86,,"",
"","100000007956321","NGC1","","",1.21,,"",
"","100000007956248","NGC1","","",1.44,,"",
"","100000007956297","NGC1","","",1.74,,"",
"","100000007941367","NGC1","","",185.44,,"",
"","100000007946079","NGC1","","",143.19,,"",
"","100000007954145","NGC1","","",35.06,,"",
"","100000007954231","NGC1","","",13.86,,"",
"","100000007954232","NGC1","","",26.93,,"",
"","100000007947135","NGC1","","",139.2,,"",
"","100000007947094","NGC1","","",25.5,,"",
"","100000007947152","NGC1","","",22.59,,"",
"","100000007930978","EQU1","","",0.5681,,"",
"","100000007930851","EQU1","","",0.69505,,"",
"","100000007930903","EQU1","","",0.96855,,"",
"","100000007930932","EQU1","","",1.15715,,"",
"","100000007930022","EQU1","","",0.5593,,"",
"","100000007934511","EQU1","","",325.99695,,"",
"","100000007932724","EQU1","","",0.2139,,"",
"","100000007932812","EQU1","","",0.1268,,"",
"","100000007930536","EQU1","","",2.5004,,"",
"","100000007927803","EQU1","","",73.2449,,"",
"","100000007953724","EQU1","","",11.6676,,"",
"","100000007953739","EQU1","","",3.612,,"",
"","100000007953748","EQU1","","",2.73275,,"",
"","100000007953770","EQU1","","",9.7516,,"",
"","100000007953783","EQU1","","",4.49235,,"",
"","100000007919415","EQU1","","",43.8176,,"",
"","100000007919433","EQU1","","",43.0545,,"",
"","100000007919455","EQU1","","",37.75175,,"",
"","100000007917150","EQU1","","",0.11775,,"",
"","100000007917173","EQU1","","",0.20145,,"",
"","100000007917212","EQU1","","",5.3436,,"",
"","100000007917547","EQU1","","",5.45365,,"",
"","100000007917562","EQU1","","",5.03375,,"",
"","100000007917579","EQU1","","",4.0329,,"",
"","100000007917632","EQU1","","",55.7437,,"",
"","100000007917647","EQU1","","",7.80705,,"",
"","100000007918682","EQU1","","",13.97725,,"",
"","100000007918719","EQU1","","",13.4804,,"",
"","100000007918710","EQU1","","",30.3134,,"",
"","100000007920014","EQU1","","",12.37835,,"",
"","100000007920023","EQU1","","",16.52085,,"",
"","100000007918091","EQU1","","",19.756,,"",
"","100000007918101","EQU1","","",32.56565,,"",
"","100000007918141","EQU1","","",4.1022,,"",
"","100000007918159","EQU1","","",5.69875,,"",
"","100000007918059","EQU1","","",39.9861,,"",
"","100000007918072","EQU1","","",61.92125,,"",
"","100000007918251","EQU1","","",48.7852,,"",
"","100000007918267","EQU1","","",40.69365,,"",
"","100000007917325","EQU1","","",2.6469,,"",
"","100000007917270","EQU1","","",3.82,,"",
"","100000307430571","EQU1","","",23.39712728,,"",
"","100000307430572","EQU1","","",29.50313637,,"",
"","100000307430573","EQU1","","",33.19170909,,"",
"","100000307430574","EQU1","","",41.34552273,,"",
"","100000307430575","EQU1","","",46.17594546,,"",
"","100000307430576","EQU1","","",52.49025,,"",
"","100000307430577","EQU1","","",56.45016364,,"",
"","100000307430578","EQU1","","",62.18539091,,"",
"","100000007910970","EQU1","","",68.9371,,"",
"","100000007895947","EQU1","","",4.5014,,"",
"","100000007895951","EQU1","","",3.4027,,"",
"","100000007904965","EQU1","","",2.42385,,"",
"","100000007905050","EQU1","","",2.39375,,"",
"","100000307438698","EQU1","","",15.82985455,,"",
"","100000007897821","EQU1","","",10.57755,,"",
"","100000007897831","EQU1","","",16.1058,,"",
"","100000007897817","EQU1","","",48.235,,"",
"","100000007897824","EQU1","","",33.5929,,"",
"","100000007897832","EQU1","","",40.52635,,"",
"","100000007906191","EQU1","","",10.3523,,"",
"","100000007908517","EQU1","","",27.5716,,"",
"","100000007908571","EQU1","","",15.6747,,"",
"","100000007908618","EQU1","","",74.3217,,"",
"","100000007908670","EQU1","","",156.1624,,"",
"","100000007892206","EQU1","","",3.541,,"",
"","100000007908250","EQU1","","",32.02925,,"",
"","100000008035575","EQU1","","",55.33115,,"",
"","100000008035847","EQU1","","",39.17215,,"",
"","100000008035017","EQU1","","",30.22965,,"",
"","100000008038486","EQU1","","",786.67235,,"",
"","100000008038743","EQU1","","",286.16235,,"",
"","100000008038931","EQU1","","",513.82725,,"",
"","100000008038165","EQU1","","",41.2364,,"",
"","100000008038401","EQU1","","",26.38695,,"",
"","100000008032994","EQU1","","",28.38795,,"",
"","100000008024709","EQU1","","",4.67725,,"",
"","100000008023950","EQU1","","",12.42365,,"",
"","100000008025042","EQU1","","",1.9791,,"",
"","100000008024944","EQU1","","",1.72235,,"",
"","100000008022779","EQU1","","",0.98905,,"",
"","100000008023030","EQU1","","",0.8943,,"",
"","100000008023167","EQU1","","",0.89005,,"",
"","100000008023389","EQU1","","",0.91005,,"",
"","100000008034833","EQU1","","",4.53965,,"",
"","100000008034834","EQU1","","",4.61265,,"",
"","100000008033411","EQU1","","",3.13175,,"",
"","100000008033495","EQU1","","",1.1773,,"",
"","100000008033663","EQU1","","",1.7575,,"",
"","100000008033578","EQU1","","",2.99175,,"",
"","100000008030542","EQU1","","",88.7321,,"",
"","100000008030166","EQU1","","",20.16295,,"",
"","100000008030543","EQU1","","",86.8251,,"",
"","100000007944183","EQU1","","",0.9678,,"",
"","100000007944069","EQU1","","",1.22815,,"",
"","100000007944080","EQU1","","",0.978,,"",
"","100000007944098","EQU1","","",1.63275,,"",
"","100000007957020","EQU1","","",263.59615,,"",
"","100000007955742","EQU1","","",12.87395,,"",
"","100000007955790","EQU1","","",153.98825,,"",
"","100000007955805","EQU1","","",22.57645,,"",
"","100000007955822","EQU1","","",14.97245,,"",
"","100000007957801","EQU1","","",181.6122,,"",
"","100000007935050","EQU1","","",178.7327,,"",
"","100000007935071","EQU1","","",265.97575,,"",
"","100000007929868","EQU1","","",0.492,,"",
"","100000007931728","EQU1","","",0.42845,,"",
"","100000007931668","EQU1","","",1.0925,,"",
"","100000007931685","EQU1","","",0.9471,,"",
"","100000007927804","EQU1","","",34.2042,,"",
"","100000007927798","EQU1","","",45.14825,,"",
"","100000007953048","EQU1","","",19.3376,,"",
"","100000007953065","EQU1","","",13.21975,,"",
"","100000007953814","EQU1","","",4.17015,,"",
"","100000007917251","EQU1","","",2.50865,,"",
"","100000007919379","EQU1","","",45.1081,,"",
"","100000007919441","EQU1","","",78.5712,,"",
"","100000007918883","EQU1","","",19.58135,,"",
"","100000007918795","EQU1","","",12.1194,,"",
"","100000007918730","EQU1","","",19.62635,,"",
"","100000007920015","EQU1","","",29.59785,,"",
"","100000007920069","EQU1","","",32.85155,,"",
"","100000007918117","EQU1","","",5.59655,,"",
"","100000007918160","EQU1","","",232.6219,,"",
"","100000007918176","EQU1","","",42.19915,,"",
"","100000307474600","EQU1","","",20.54600909,,"",
"","100000307474601","EQU1","","",17.00709546,,"",
"","100000007918092","EQU1","","",46.77415,,"",
"","100000007918078","EQU1","","",30.91425,,"",
"","100000007918342","EQU1","","",23.3063,,"",
"","100000007917318","EQU1","","",16.929,,"",
"","100000007917271","EQU1","","",7.38415,,"",
"","100000007917219","EQU1","","",62.4444,,"",
"","100000007894440","EQU1","","",2.249,,"",
"","100000007894430","EQU1","","",3.02565,,"",
"","100000007894434","EQU1","","",2.69065,,"",
"","100000007894654","EQU1","","",2.4582,,"",
"","100000007907505","EQU1","","",193.3584,,"",
"","100000007907570","EQU1","","",178.39995,,"",
"","100000007907621","EQU1","","",171.2717,,"",
"","100000007907693","EQU1","","",130.03145,,"",
"","100000307438586","EQU1","","",133.2592591,,"",
"","100000307438587","EQU1","","",129.2348637,,"",
"","100000007895932","EQU1","","",4.7258,,"",
"","100000007895935","EQU1","","",3.1994,,"",
"","100000007909175","EQU1","","",82.4608,,"",
"","100000007909176","EQU1","","",84.4502,,"",
"","100000307438700","EQU1","","",17.87719091,,"",
"","100000007904555","EQU1","","",51.53475,,"",
"","100000007904670","EQU1","","",20.9683,,"",
"","100000007904719","EQU1","","",24.1985,,"",
"","100000007904797","EQU1","","",28.7708,,"",
"","100000007904820","EQU1","","",23.58185,,"",
"","100000007904556","EQU1","","",35.8477,,"",
"","100000007904616","EQU1","","",44.4718,,"",
"","100000007897788","EQU1","","",12.5284,,"",
"","100000007897793","EQU1","","",11.6195,,"",
"","100000007897798","EQU1","","",13.0071,,"",
"","100000007897801","EQU1","","",13.59295,,"",
"","100000007897790","EQU1","","",13.7052,,"",
"","100000007908735","EQU1","","",63.405,,"",
"","100000007908805","EQU1","","",114.1615,,"",
"","100000007909426","EQU1","","",98.0818,,"",
"","100000007909498","EQU1","","",85.23085,,"",
"","100000008035594","EQU1","","",23.0969,,"",
"","100000008025602","EQU1","","",7.86505,,"",
"","100000008025857","EQU1","","",7.90405,,"",
"","100000008026038","EQU1","","",7.1569,,"",
"","100000008038838","EQU1","","",252.27415,,"",
"","100000008027805","EQU1","","",15.35995,,"",
"","100000008027992","EQU1","","",19.3836,,"",
"","100000008027416","EQU1","","",66.36935,,"",
"","100000008034189","EQU1","","",1.26955,,"",
"","100000008034374","EQU1","","",1.1431,,"",
"","100000008034644","EQU1","","",0.83645,,"",
"","100000008023729","EQU1","","",3.6266,,"",
"","100000008023897","EQU1","","",3.7045,,"",
"","100000008023730","EQU1","","",3.9111,,"",
"","100000008023898","EQU1","","",4.2397,,"",
"","100000008023541","EQU1","","",0.9275,,"",
"","100000008022647","EQU1","","",0.9169,,"",
"","100000008022802","EQU1","","",0.88255,,"",
"","100000008023031","EQU1","","",0.88185,,"",
"","100000008023168","EQU1","","",0.88525,,"",
"","100000008023390","EQU1","","",0.9106,,"",
"","100000008025996","EQU1","","",30.86655,,"",
"","100000008025639","EQU1","","",204.0606,,"",
"","100000007944135","EQU1","","",2.83325,,"",
"","100000007955846","EQU1","","",27.837,,"",
"","100000007957279","EQU1","","",151.77935,,"",
"","100000007957310","EQU1","","",23.70215,,"",
"","100000007957332","EQU1","","",17.0752,,"",
"","100000007934122","EQU1","","",91.26485,,"",
"","100000007934156","EQU1","","",93.02685,,"",
"","100000007934173","EQU1","","",11.55205,,"",
"","100000007934188","EQU1","","",11.3844,,"",
"","100000007934206","EQU1","","",11.02835,,"",
"","100000007934116","EQU1","","",9.6415,,"",
"","100000007932278","EQU1","","",0.23475,,"",
"","100000007932296","EQU1","","",0.26775,,"",
"","100000007931641","EQU1","","",0.56015,,"",
"","100000007931659","EQU1","","",0.59535,,"",
"","100000007931686","EQU1","","",0.6857,,"",
"","100000007931713","EQU1","","",0.6916,,"",
"","100000007931730","EQU1","","",0.11595,,"",
"","100000007931615","EQU1","","",0.08775,,"",
"","100000007931631","EQU1","","",0.07595,,"",
"","100000007930679","EQU1","","",50.8201,,"",
"","100000007933688","EQU1","","",0.4029,,"",
"","100000007933705","EQU1","","",0.3661,,"",
"","100000007933719","EQU1","","",0.4937,,"",
"","100000007933635","EQU1","","",0.73685,,"",
"","100000007932996","EQU1","","",0.07455,,"",
"","100000007952960","EQU1","","",17.47635,,"",
"","100000007956397","EQU1","","",9.38635,,"",
"","100000007956440","EQU1","","",10.06085,,"",
"","100000007956415","EQU1","","",14.7508,,"",
"","100000007956436","EQU1","","",40.211,,"",
"","100000007956460","EQU1","","",16.25245,,"",
"","100000007956480","EQU1","","",11.3321,,"",
"","100000007956824","EQU1","","",20.10065,,"",
"","100000007917261","EQU1","","",2.72665,,"",
"","100000007917156","EQU1","","",2.5923,,"",
"","100000007917180","EQU1","","",2.76775,,"",
"","100000007917191","EQU1","","",3.0558,,"",
"","100000007917204","EQU1","","",2.95625,,"",
"","100000007917262","EQU1","","",111.83435,,"",
"","100000007917157","EQU1","","",2.89515,,"",
"","100000007920229","EQU1","","",18.80625,,"",
"","100000007918725","EQU1","","",19.3144,,"",
"","100000007919631","EQU1","","",13.9989,,"",
"","100000007919640","EQU1","","",21.9656,,"",
"","100000007919662","EQU1","","",18.44455,,"",
"","100000007918476","EQU1","","",23.4866,,"",
"","100000007918504","EQU1","","",29.28365,,"",
"","100000007918517","EQU1","","",29.0382,,"",
"","100000007918534","EQU1","","",51.27535,,"",
"","100000007918519","EQU1","","",52.9958,,"",
"","100000007918415","EQU1","","",15.21285,,"",
"","100000007919537","EQU1","","",17.1241,,"",
"","100000007919554","EQU1","","",21.97345,,"",
"","100000007917229","EQU1","","",13.9142,,"",
"","100000007917152","EQU1","","",26.4655,,"",
"","100000007917188","EQU1","","",34.78655,,"",
"","100000007917230","EQU1","","",3.2983,,"",
"","100000007894829","EQU1","","",56.10455,,"",
"","100000007894833","EQU1","","",19.79,,"",
"","100000007894849","EQU1","","",49.27515,,"",
"","100000007894864","EQU1","","",31.4055,,"",
"","100000007894808","EQU1","","",67.20895,,"",
"","100000007907740","EQU1","","",112.3618,,"",
"","100000007907438","EQU1","","",87.6487,,"",
"","100000007907622","EQU1","","",137.27395,,"",
"","100000007907741","EQU1","","",134.9882,,"",
"","100000007907502","EQU1","","",202.9459,,"",
"","100000007905428","EQU1","","",12.98885,,"",
"","100000007905411","EQU1","","",50.57385,,"",
"","100000007895946","EQU1","","",6.9994,,"",
"","100000007895954","EQU1","","",13.68995,,"",
"","100000007896332","EQU1","","",13.9823,,"",
"","100000007908879","EQU1","","",27.29875,,"",
"","100000007908902","EQU1","","",11.5181,,"",
"","100000007904747","EQU1","","",24.2823,,"",
"","100000007904798","EQU1","","",31.2426,,"",
"","100000007904864","EQU1","","",12.41205,,"",
"","100000007891471","EQU1","","",163.125,,"",
"","100000007909523","EQU1","","",42.84965,,"",
"","100000007908151","EQU1","","",24.49185,,"",
"","100000008026304","EQU1","","",9.06795,,"",
"","100000008026472","EQU1","","",7.0691,,"",
"","100000008038404","EQU1","","",263.29215,,"",
"","100000008038747","EQU1","","",303.4599,,"",
"","100000007890730","EQU1","","",14.38085,,"",
"","100000007837658","EQU1","","",14.3721,,"",
"","100000008034109","EQU1","","",7.3162,,"",
"","100000008034303","EQU1","","",7.0666,,"",
"","100000008033409","EQU1","","",1.4923,,"",
"","100000008033493","EQU1","","",1.5145,,"",
"","100000008033661","EQU1","","",1.3508,,"",
"","100000008033753","EQU1","","",1.44235,,"",
"","100000008023465","EQU1","","",2.4651,,"",
"","100000008023624","EQU1","","",2.50095,,"",
"","100000008022648","EQU1","","",2.28155,,"",
"","100000008022884","EQU1","","",2.3814,,"",
"","100000008026262","EQU1","","",16.3172,,"",
"","100000008025405","EQU1","","",52.2034,,"",
"","100000008025726","EQU1","","",10.5166,,"",
"","100000008025812","EQU1","","",10.14125,,"",
"","100000007956522","EQU1","","",37.63455,,"",
"","100000007956543","EQU1","","",207.9106,,"",
"","100000007957182","EQU1","","",7.3324,,"",
"","100000007957217","EQU1","","",237.20435,,"",
"","100000007956893","EQU1","","",29.9825,,"",
"","100000007957811","EQU1","","",5.5366,,"",
"","100000007943849","EQU1","","",3.10625,,"",
"","100000007933224","EQU1","","",0.79735,,"",
"","100000007932195","EQU1","","",0.3742,,"",
"","100000007934135","EQU1","","",12.38785,,"",
"","100000007934149","EQU1","","",12.42025,,"",
"","100000007934168","EQU1","","",12.7097,,"",
"","100000007934200","EQU1","","",79.4447,,"",
"","100000007934142","EQU1","","",13.1536,,"",
"","100000007934157","EQU1","","",10.53915,,"",
"","100000007934174","EQU1","","",12.29005,,"",
"","100000007932237","EQU1","","",0.42705,,"",
"","100000007932263","EQU1","","",0.3673,,"",
"","100000007933968","EQU1","","",2.7474,,"",
"","100000007933882","EQU1","","",2.21865,,"",
"","100000007933915","EQU1","","",0.74525,,"",
"","100000007933788","EQU1","","",141.8645,,"",
"","100000007930616","EQU1","","",129.1667,,"",
"","100000007933701","EQU1","","",0.4837,,"",
"","100000007933713","EQU1","","",0.6162,,"",
"","100000007933663","EQU1","","",0.49855,,"",
"","100000007933676","EQU1","","",0.7591,,"",
"","100000007952983","EQU1","","",22.63905,,"",
"","100000007953015","EQU1","","",22.9023,,"",
"","100000007953033","EQU1","","",132.88185,,"",
"","100000007956742","EQU1","","",3.97585,,"",
"","100000007956779","EQU1","","",4.7249,,"",
"","100000007956795","EQU1","","",7.2388,,"",
"","100000007956687","EQU1","","",4.82115,,"",
"","100000007956728","EQU1","","",4.55715,,"",
"","100000007956755","EQU1","","",5.7281,,"",
"","100000007956771","EQU1","","",8.3083,,"",
"","100000007956797","EQU1","","",7.61515,,"",
"","100000007917252","EQU1","","",2.39465,,"",
"","100000007917149","EQU1","","",3.60235,,"",
"","100000007920312","EQU1","","",8.7276,,"",
"","100000007920678","EQU1","","",8.8815,,"",
"","100000007920703","EQU1","","",11.29855,,"",
"","100000007920600","EQU1","","",29.4642,,"",
"","100000007920132","EQU1","","",16.94365,,"",
"","100000007920101","EQU1","","",12.2835,,"",
"","100000007917892","EQU1","","",37.7197,,"",
"","100000007917808","EQU1","","",58.36375,,"",
"","100000007917732","EQU1","","",40.1024,,"",
"","100000007918487","EQU1","","",27.4054,,"",
"","100000007918495","EQU1","","",30.6949,,"",
"","100000007918529","EQU1","","",69.40365,,"",
"","100000007918438","EQU1","","",59.90925,,"",
"","100000007919468","EQU1","","",19.8093,,"",
"","100000007893015","EQU1","","",2.74715,,"",
"","100000007892996","EQU1","","",4.01665,,"",
"","100000007893010","EQU1","","",0.42735,,"",
"","100000007892990","EQU1","","",1.10945,,"",
"","100000007892999","EQU1","","",1.1485,,"",
"","100000007893006","EQU1","","",1.38005,,"",
"","100000007895184","EQU1","","",76.2405,,"",
"","100000307430501","EQU1","","",41.29092273,,"",
"","100000307430502","EQU1","","",45.1868,,"",
"","100000007907738","EQU1","","",150.61715,,"",
"","300001329362638","EQU1","","",15.9472,,"",
"","100000007905393","EQU1","","",105.0579,,"",
"","100000007905447","EQU1","","",7.27685,,"",
"","100000007905548","EQU1","","",23.24365,,"",
"","100000307438624","EQU1","","",14.63549091,,"",
"","100000307438625","EQU1","","",18.01494546,,"",
"","100000307438626","EQU1","","",21.69605,,"",
"","100000307438627","EQU1","","",27.85960455,,"",
"","100000307438628","EQU1","","",30.21177273,,"",
"","100000307438629","EQU1","","",31.35743637,,"",
"","100000007896585","EQU1","","",41.2733,,"",
"","100000007896692","EQU1","","",5.85905,,"",
"","100000007896665","EQU1","","",16.35535,,"",
"","100000007907095","EQU1","","",36.3615,,"",
"","100000007907074","EQU1","","",28.67515,,"",
"","100000007893390","EQU1","","",0.92145,,"",
"","100000008024261","EQU1","","",7.4447,,"",
"","100000008023899","EQU1","","",8.8433,,"",
"","100000008038576","EQU1","","",7.63735,,"",
"","100000008038764","EQU1","","",8.9313,,"",
"","100000008026907","EQU1","","",5.0061,,"",
"","100000008036732","EQU1","","",191.4335,,"",
"","100000008037000","EQU1","","",152.934,,"",
"","100000008027902","EQU1","","",23.0962,,"",
"","100000007890666","EQU1","","",24.2557,,"",
"","100000007891005","EQU1","","",20.02515,,"",
"","100000007891009","EQU1","","",21.4182,,"",
"","100000008023482","EQU1","","",10.5415,,"",
"","100000008030270","EQU1","","",2.21905,,"",
"","100000008022198","EQU1","","",4.5792,,"",
"","100000008021009","EQU1","","",4.17125,,"",
"","100000008021449","EQU1","","",27.7212,,"",
"","100000007956611","EQU1","","",47.8735,,"",
"","100000007955035","EQU1","","",0.6458,,"",
"","100000007954934","EQU1","","",0.7842,,"",
"","100000007954954","EQU1","","",0.8928,,"",
"","100000007954969","EQU1","","",1.1507,,"",
"","100000007954993","EQU1","","",1.3746,,"",
"","100000007955041","EQU1","","",1.186,,"",
"","100000007954950","EQU1","","",1.35275,,"",
"","100000007957117","EQU1","","",7.70485,,"",
"","100000007956843","EQU1","","",42.2316,,"",
"","100000007956866","EQU1","","",17.6151,,"",
"","100000007956867","EQU1","","",235.3021,,"",
"","100000007959161","EQU1","","",18.5287,,"",
"","100000007959199","EQU1","","",210.0454,,"",
"","100000007933238","EQU1","","",0.59735,,"",
"","100000007933257","EQU1","","",0.73525,,"",
"","100000007933164","EQU1","","",0.58425,,"",
"","100000007932215","EQU1","","",31.23455,,"",
"","100000007932124","EQU1","","",0.37585,,"",
"","100000007932188","EQU1","","",0.43555,,"",
"","100000007932115","EQU1","","",8.0931,,"",
"","100000007930766","EQU1","","",0.4099,,"",
"","100000007932984","FOS1","","",0.129460244,,"",
"","100000007932930","FOS1","","",0.132749655,,"",
"","100000007932996","FOS1","","",0.043338255,,"",
"","100000007931206","FOS1","","",0.158472297,,"",
"","100000007930762","FOS1","","",0.022033464,,"",
"","100000007930777","FOS1","","",0.038579297,,"",
"","100000007946475","HWM1","","",5.3997,,"",
"","100000007946478","HWM1","","",6.9,,"",
"","100000007946543","HWM1","","",8.64071,,"",
"","100000007946559","HWM1","","",8.7,,"",
"","100000007946583","HWM1","","",10.24271,,"",
"","100000007946599","HWM1","","",10.3906,,"",
"","100000007946495","HWM1","","",11.1328,,"",
"","100000007946054","HWM1","","",11.5561,,"",
"","100000007943048","HWM1","","",0.07643,,"",
"","100000007942977","HWM1","","",0.0963,,"",
"","100000007944241","HWM1","","",1.4682,,"",
"","100000007944320","HWM1","","",1.6101,,"",
"","100000007944335","HWM1","","",2.5636,,"",
"","100000007944216","HWM1","","",2.9004,,"",
"","100000007944257","HWM1","","",3.2655,,"",
"","100000007933788","FOS1","","",172.2197692,,"",
"","100000007908517","FOS1","","",32.66733239,,"",
"","100000007908571","FOS1","","",13.33767235,,"",
"","100000007931806","FOS1","","",0.168297525,,"",
"","100000007932025","FOS1","","",0.17555067,,"",
"","100000007933257","FOS1","","",0.553252273,,"",
"","100000007933164","FOS1","","",0.443778623,,"",
"","100000007930723","FOS1","","",0.010299116,,"",
"","100000007930745","FOS1","","",0.010602968,,"",
"","100000007946988","HWM1","","",1.0213,,"",
"","100000007947028","HWM1","","",1.242,,"",
"","100000007941152","HWM1","","",1.4309,,"",
"","100000007941173","HWM1","","",2.24286,,"",
"","100000007941191","HWM1","","",2.98743,,"",
"","100000007941235","HWM1","","",4.5146,,"",
"","100000007941137","HWM1","","",1.06571,,"",
"","100000007941159","HWM1","","",1.8839,,"",
"","100000007946520","HWM1","","",14.99214,,"",
"","100000007946534","HWM1","","",15.35429,,"",
"","100000007946575","HWM1","","",15.188,,"",
"","100000007948537","HWM1","","",16.02743,,"",
"","100000007946026","HWM1","","",2.10329,,"",
"","100000007945562","HWM1","","",2.42414,,"",
"","100000007945587","HWM1","","",2.94586,,"",
"","100000007945603","HWM1","","",2.4026,,"",
"","100000007945626","HWM1","","",2.7373,,"",
"","100000007930022","FOS1","","",0.343775033,,"",
"","100000007929868","FOS1","","",0.258160769,,"",
"","100000007908618","FOS1","","",66.98921148,,"",
"","100000007908670","FOS1","","",167.0050402,,"",
"","100000007908735","FOS1","","",66.98921148,,"",
"","100000007908805","FOS1","","",132.3738909,,"",
"","100000007934122","FOS1","","",102.3184521,,"",
"","100000007934156","FOS1","","",73.81126938,,"",
"","100000007934173","FOS1","","",8.2079012,,"",
"","100000007935606","FOS1","","",38.53803897,,"",
"","100000007935538","FOS1","","",47.9572567,,"",
"","100000007935596","FOS1","","",44.94652966,,"",
"","100000007935481","FOS1","","",11.11798183,,"",
"","100000007933242","FOS1","","",0.277549376,,"",
"","100000007941174","HWM1","","",1.7553,,"",
"","100000007941200","HWM1","","",2.061,,"",
"","100000007941215","HWM1","","",2.2179,,"",
"","100000007941112","HWM1","","",2.038,,"",
"","100000007941185","HWM1","","",2.27971,,"",
"","100000007941225","HWM1","","",2.5858,,"",
"","100000007941120","HWM1","","",2.68871,,"",
"","100000007941138","HWM1","","",2.88371,,"",
"","100000007941128","HWM1","","",3.3323,,"",
"","100000007942152","HWM1","","",0.22757,,"",
"","100000007942169","HWM1","","",0.2457,,"",
"","100000007942193","HWM1","","",0.2452,,"",
"","100000007942209","HWM1","","",0.318,,"",
"","100000007942153","HWM1","","",0.84843,,"",
"","100000007942194","HWM1","","",1.5605,,"",
"","100000007942219","HWM1","","",0.2356,,"",
"","100000007942114","HWM1","","",0.22357,,"",
"","100000007944618","HWM1","","",15.0587,,"",
"","100000007945641","HWM1","","",2.9074,,"",
"","100000007945538","HWM1","","",3.89357,,"",
"","100000007945556","HWM1","","",4.10743,,"",
"","100000007945573","HWM1","","",4.67814,,"",
"","100000007945606","HWM1","","",4.6727,,"",
"","100000007945631","HWM1","","",5.32171,,"",
"","100000007945646","HWM1","","",6.00314,,"",
"","100000007945542","HWM1","","",7.4397,,"",
"","100000007904494","FOS1","","",6.143277655,,"",
"","100000007904303","FOS1","","",0.3594929,,"",
"","100000007907822","FOS1","","",38.93664348,,"",
"","100000307474578","FOS1","","",28.5285,,"",
"","100000307474579","FOS1","","",26.5017,,"",
"","100000007909426","FOS1","","",89.0586756,,"",
"","100000007912268","FOS1","","",38.22002681,,"",
"","100000007934188","FOS1","","",8.529030036,,"",
"","100000007935526","FOS1","","",43.13255453,,"",
"","100000007935589","FOS1","","",39.60927122,,"",
"","100000007935514","FOS1","","",41.51340403,,"",
"","100000007935574","FOS1","","",41.51340403,,"",
"","100000007934718","FOS1","","",123.5476444,,"",
"","100000007933376","FOS1","","",0.222212012,,"",
"","100000007941459","HWM1","","",4.5168,,"",
"","100000007941482","HWM1","","",4.2949,,"",
"","100000007944000","HWM1","","",0.357,,"",
"","100000007944037","HWM1","","",0.5512,,"",
"","100000007943939","HWM1","","",0.76871,,"",
"","100000007942128","HWM1","","",0.2416,,"",
"","100000007942129","HWM1","","",0.2302,,"",
"","100000007942151","HWM1","","",0.32843,,"",
"","100000007942177","HWM1","","",0.3633,,"",
"","100000007942192","HWM1","","",0.37714,,"",
"","100000007942216","HWM1","","",0.4025,,"",
"","100000007942122","HWM1","","",0.47514,,"",
"","100000007942167","HWM1","","",0.5622,,"",
"","100000007942184","HWM1","","",0.545,,"",
"","100000007943852","HWM1","","",0.1903,,"",
"","100000007943872","HWM1","","",0.209,,"",
"","100000007943905","HWM1","","",0.1964,,"",
"","100000007948589","HWM1","","",0.57014,,"",
"","100000007944525","HWM1","","",0.56129,,"",
"","100000007944547","HWM1","","",0.6966,,"",
"","100000007944566","HWM1","","",0.5952,,"",
"","100000007944579","HWM1","","",0.7334,,"",
"","100000007944599","HWM1","","",0.8437,,"",
"","100000007944531","HWM1","","",1.13886,,"",
"","100000007944550","HWM1","","",1.0196,,"",
"","100000007944563","HWM1","","",1.13714,,"",
"","100000007945701","HWM1","","",6.8644,,"",
"","100000007945557","HWM1","","",9.13957,,"",
"","100000007945599","HWM1","","",10.9755,,"",
"","100000007947535","HWM1","","",5.43229,,"",
"","100000007947608","HWM1","","",5.6566,,"",
"","100000007947543","HWM1","","",6.53814,,"",
"","100000007907457","FOS1","","",63.75340525,,"",
"","100000007907480","FOS1","","",6.038606239,,"",
"","100000007904965","FOS1","","",1.564382118,,"",
"","100000007905050","FOS1","","",2.082326261,,"",
"","100000007905105","FOS1","","",1.775933238,,"",
"","100000007930265","FOS1","","",2.889455814,,"",
"","100000007930281","FOS1","","",57.22830841,,"",
"","100000007930267","FOS1","","",67.73802999,,"",
"","100000007930288","FOS1","","",3.690325113,,"",
"","100000007934819","FOS1","","",13.17153708,,"",
"","100000007934836","FOS1","","",10.71686615,,"",
"","100000007934768","FOS1","","",11.95757181,,"",
"","100000007934736","FOS1","","",6.937515533,,"",
"","100000007933314","FOS1","","",0.223635137,,"",
"","100000007933327","FOS1","","",0.306319285,,"",
"","100000007933384","FOS1","","",0.985375349,,"",
"","100000007933279","FOS1","","",1.906388872,,"",
"","100000007933713","FOS1","","",0.386317136,,"",
"","100000007933663","FOS1","","",0.261791786,,"",
"","100000007933676","FOS1","","",0.428867261,,"",
"","100000007943954","HWM1","","",0.25,,"",
"","100000007943976","HWM1","","",0.6429,,"",
"","100000007943955","HWM1","","",0.18214,,"",
"","100000007943977","HWM1","","",0.235,,"",
"","100000007943994","HWM1","","",0.21371,,"",
"","100000007945090","HWM1","","",0.606,,"",
"","100000007945122","HWM1","","",0.743,,"",
"","100000007942207","HWM1","","",0.5753,,"",
"","100000007944189","HWM1","","",3.7249,,"",
"","100000007943812","HWM1","","",0.3329,,"",
"","100000007943813","HWM1","","",0.1656,,"",
"","100000007943348","HWM1","","",0.3941,,"",
"","100000007945747","HWM1","","",7.5323,,"",
"","100000007945762","HWM1","","",0.4345,,"",
"","100000007945649","HWM1","","",0.62429,,"",
"","100000007945669","HWM1","","",0.4858,,"",
"","100000007945693","HWM1","","",0.625,,"",
"","100000007945711","HWM1","","",0.804,,"",
"","100000007945737","HWM1","","",1.027,,"",
"","100000007945752","HWM1","","",0.78457,,"",
"","100000007945779","HWM1","","",0.9801,,"",
"","100000007930992","FOS1","","",0.746107286,,"",
"","100000007907481","FOS1","","",39.7768669,,"",
"","100000007905176","FOS1","","",1.205760467,,"",
"","100000007909705","FOS1","","",116.833937,,"",
"","100000007909741","FOS1","","",88.53455038,,"",
"","100000007931267","FOS1","","",0.19103694,,"",
"","100000007931318","FOS1","","",0.235860558,,"",
"","100000007931350","FOS1","","",0.319344367,,"",
"","100000007931280","FOS1","","",0.261182414,,"",
"","100000007930357","FOS1","","",0.256949403,,"",
"","100000007930365","FOS1","","",0.473640146,,"",
"","100000007934728","FOS1","","",7.107675278,,"",
"","100000007934729","FOS1","","",8.625953464,,"",
"","100000007934680","FOS1","","",312.7667454,,"",
"","100000007934585","FOS1","","",406.2155396,,"",
"","100000007934701","FOS1","","",232.9210471,,"",
"","100000007934862","FOS1","","",161.8882158,,"",
"","100000007934904","FOS1","","",326.7696365,,"",
"","100000007945170","HWM1","","",0.66929,,"",
"","100000007945196","HWM1","","",0.7611,,"",
"","100000007945214","HWM1","","",0.904,,"",
"","100000007945087","HWM1","","",1.14986,,"",
"","100000007945119","HWM1","","",0.9824,,"",
"","100000007945968","HWM1","","",1.147,,"",
"","100000007945989","HWM1","","",1.33143,,"",
"","100000007946003","HWM1","","",1.61157,,"",
"","100000007944063","HWM1","","",4.4973,,"",
"","100000007944092","HWM1","","",4.9537,,"",
"","100000007944112","HWM1","","",5.4086,,"",
"","100000007944143","HWM1","","",5.8572,,"",
"","100000007944795","HWM1","","",0.1333,,"",
"","100000007944783","HWM1","","",6.9374,,"",
"","100000007944754","HWM1","","",0.2929,,"",
"","100000007944664","HWM1","","",0.3818,,"",
"","100000007944681","HWM1","","",0.319,,"",
"","100000007941495","HWM1","","",1.32457,,"",
"","100000007931088","FOS1","","",2.483146848,,"",
"","100000007933303","FOS1","","",0.139831123,,"",
"","100000007909914","FOS1","","",162.2135211,,"",
"","100000007909656","FOS1","","",124.2824403,,"",
"","100000007909687","FOS1","","",179.8167979,,"",
"","100000007908736","FOS1","","",55.08729489,,"",
"","100000007908806","FOS1","","",90.10163963,,"",
"","100000007908847","FOS1","","",69.9780504,,"",
"","100000007908543","FOS1","","",116.1488824,,"",
"","100000007908544","FOS1","","",157.0496694,,"",
"","100000007931728","FOS1","","",0.291522169,,"",
"","100000007931668","FOS1","","",0.489392853,,"",
"","100000007931685","FOS1","","",0.435535761,,"",
"","100000007931641","FOS1","","",0.335658486,,"",
"","100000007931659","FOS1","","",0.287923843,,"",
"","100000007931686","FOS1","","",0.331873146,,"",
"","100000007931313","FOS1","","",0.33954738,,"",
"","100000007932124","FOS1","","",0.209302209,,"",
"","100000007932188","FOS1","","",0.207334547,,"",
"","100000007932115","FOS1","","",4.58278366,,"",
"","100000007934935","FOS1","","",280.3552934,,"",
"","100000007934959","FOS1","","",227.1739884,,"",
"","100000007934863","FOS1","","",302.2046013,,"",
"","100000007934895","FOS1","","",259.7689663,,"",
"","100000007934930","FOS1","","",245.1073395,,"",
"","100000007934970","FOS1","","",91.13959456,,"",
"","100000007934870","FOS1","","",215.8917314,,"",
"","100000007933684","FOS1","","",0.408841098,,"",
"","100000007933876","FOS1","","",0.451266456,,"",
"","100000007933888","FOS1","","",0.772561906,,"",
"","100000007933908","FOS1","","",1.140349722,,"",
"","100000007929799","FOS1","","",1.93930474,,"",
"","100000007945949","HWM1","","",0.57743,,"",
"","100000007945964","HWM1","","",1.6489,,"",
"","100000007945983","HWM1","","",2.46286,,"",
"","100000007946016","HWM1","","",2.4393,,"",
"","100000007946038","HWM1","","",2.4864,,"",
"","100000007945942","HWM1","","",2.7813,,"",
"","100000007945978","HWM1","","",2.9653,,"",
"","100000007945868","HWM1","","",1.9398,,"",
"","100000007945850","HWM1","","",0.24686,,"",
"","100000007945869","HWM1","","",0.30643,,"",
"","100000007945898","HWM1","","",0.30943,,"",
"","100000007945918","HWM1","","",0.1964,,"",
"","100000007945792","HWM1","","",0.3672,,"",
"","100000007944796","HWM1","","",2.9424,,"",
"","100000007944809","HWM1","","",3.3836,,"",
"","100000007949399","HWM1","","",0.0779,,"",
"","100000007949432","HWM1","","",0.38871,,"",
"","100000007941518","HWM1","","",1.1895,,"",
"","100000007941536","HWM1","","",1.62271,,"",
"","100000007941430","HWM1","","",1.95714,,"",
"","100000007941449","HWM1","","",1.87171,,"",
"","100000007941488","HWM1","","",2.116,,"",
"","100000007941528","HWM1","","",2.36243,,"",
"","100000007941441","HWM1","","",2.907,,"",
"","100000007941480","HWM1","","",3.11543,,"",
"","100000007932381","FOS1","","",0.28392078,,"",
"","100000007933354","FOS1","","",0.290892359,,"",
"","100000007933377","FOS1","","",0.434394415,,"",
"","100000007933271","FOS1","","",0.449184842,,"",
"","100000007933293","FOS1","","",0.905025386,,"",
"","100000007933347","FOS1","","",0.553309123,,"",
"","100000007904385","FOS1","","",0.044311539,,"",
"","100000007904427","FOS1","","",0.075654798,,"",
"","100000007904495","FOS1","","",0.075654798,,"",
"","100000007904522","FOS1","","",0.399328756,,"",
"","100000007931713","FOS1","","",0.428980499,,"",
"","100000007931730","FOS1","","",0.062304785,,"",
"","100000007933109","FOS1","","",0.078871976,,"",
"","100000007933132","FOS1","","",0.070955824,,"",
"","100000007933147","FOS1","","",0.060604227,,"",
"","100000007933041","FOS1","","",0.053854826,,"",
"","100000007933085","FOS1","","",0.071327671,,"",
"","100000007933124","FOS1","","",0.449367117,,"",
"","100000007931765","FOS1","","",4.252890726,,"",
"","100000007931785","FOS1","","",4.32431412,,"",
"","100000007931855","FOS1","","",3.922860928,,"",
"","100000007931872","FOS1","","",5.433450461,,"",
"","100000007945814","HWM1","","",0.48057,,"",
"","100000007945841","HWM1","","",0.57186,,"",
"","100000007945860","HWM1","","",0.4805,,"",
"","100000007945888","HWM1","","",0.5668,,"",
"","100000007945908","HWM1","","",0.68086,,"",
"","100000007945936","HWM1","","",0.8045,,"",
"","100000007945870","HWM1","","",0.21986,,"",
"","100000007945899","HWM1","","",0.97086,,"",
"","100000007944758","HWM1","","",3.8298,,"",
"","100000007944770","HWM1","","",4.5003,,"",
"","100000007944823","HWM1","","",5.1985,,"",
"","100000007944856","HWM1","","",5.8597,,"",
"","100000007946485","HWM1","","",14.2873,,"",
"","100000007949305","HWM1","","",1.6802,,"",
"","100000007949320","HWM1","","",1.2086,,"",
"","100000007949376","HWM1","","",2.9474,,"",
"","100000007942225","HWM1","","",0.6619,,"",
"","100000007944017","HWM1","","",0.1118,,"",
"","100000007944032","HWM1","","",0.1939,,"",
"","100000007943964","HWM1","","",0.30329,,"",
"","100000007943984","HWM1","","",0.37686,,"",
"","100000007943923","HWM1","","",0.3747,,"",
"","100000007943933","HWM1","","",0.4623,,"",
"","100000007932394","FOS1","","",0.151653809,,"",
"","100000007932414","FOS1","","",0.275955753,,"",
"","100000007932426","FOS1","","",0.240549128,,"",
"","100000007932448","FOS1","","",0.584300064,,"",
"","100000007932365","FOS1","","",0.06441,,"",
"","100000007932382","FOS1","","",0.040553876,,"",
"","100000007934816","FOS1","","",229.8747387,,"",
"","100000007934823","FOS1","","",204.9117511,,"",
"","100000007934720","FOS1","","",132.0719836,,"",
"","100000007934791","FOS1","","",134.8470701,,"",
"","100000007904515","FOS1","","",18.94078598,,"",
"","100000007904328","FOS1","","",2.1770782,,"",
"","100000007933139","FOS1","","",0.237565759,,"",
"","100000007933053","FOS1","","",0.235848485,,"",
"","100000007933075","FOS1","","",0.164454803,,"",
"","100000007933114","FOS1","","",0.048313148,,"",
"","100000007933133","FOS1","","",0.045868414,,"",
"","100000007933154","FOS1","","",0.038438149,,"",
"","100000007932928","FOS1","","",0.069031706,,"",
"","100000007932982","FOS1","","",0.165374362,,"",
"","100000007902663","INN1","","",0.2016552,,"",
"","100000007902428","INN1","","",0.1845402,,"",
"","100000007902529","INN1","","",0.2280802,,"",
"","100000007902639","INN1","","",0.168130756,,"",
"","100000007902707","INN1","","",0.353476,,"",
"","100000007905359","INN1","","",1.036131345,,"",
"","100000007919853","HWM1","","",12.4169,,"",
"","100000007919866","HWM1","","",16.7755,,"",
"","100000007919724","HWM1","","",16.0368,,"",
"","100000007919761","HWM1","","",8.9898,,"",
"","100000007919802","HWM1","","",7.15929,,"",
"","100000007931851","INN1","","",0.3231842,,"",
"","100000007931827","INN1","","",0.2128848,,"",
"","100000007903275","INN1","","",0.0355798,,"",
"","100000007903366","INN1","","",0.4014806,,"",
"","100000007903437","INN1","","",0.0683232,,"",
"","100000007903484","INN1","","",0.0319782,,"",
"","100000007894871","INN1","","",0.496479153,,"",
"","100000007892203","INN1","","",0.742815292,,"",
"","100000007892219","INN1","","",0.089804548,,"",
"","100000007892208","INN1","","",0.321288,,"",
"","100000007892974","INN1","","",0.3035024,,"",
"","100000007892940","INN1","","",0.0288176,,"",
"","100000008000809","INN1","","",0.632187,,"",
"","100000008001051","INN1","","",0.7557918,,"",
"","100000007900114","INN1","","",0.2943036,,"",
"","100000007900120","INN1","","",0.1960666,,"",
"","100000007900110","INN1","","",0.21695484,,"",
"","100000007900115","INN1","","",0.046234788,,"",
"","100000007903043","INN1","","",0.0556486,,"",
"","100000007900569","INN1","","",0.215769,,"",
"","100000007900574","INN1","","",0.0734786,,"",
"","100000007900580","INN1","","",0.640911721,,"",
"","100000007903663","INN1","","",1.009199792,,"",
"","100000007901011","INN1","","",0.592488,,"",
"","100000007900950","INN1","","",0.0837024,,"",
"","100000007900925","INN1","","",0.289098676,,"",
"","100000007903981","INN1","","",0.0448058,,"",
"","100000007904204","INN1","","",0.1757732,,"",
"","100000007892943","INN1","","",0.049568884,,"",
"","100000007892951","INN1","","",0.022845973,,"",
"","100000007919712","HWM1","","",10.539,,"",
"","100000007919628","HWM1","","",13.92186,,"",
"","100000007919614","HWM1","","",15.64543,,"",
"","100000307474605","HWM1","","",19.0575,,"",
"","100000007919995","HWM1","","",4.45157,,"",
"","100000007933873","INN1","","",0.1402606,,"",
"","100000007920045","HWM1","","",7.7911,,"",
"","100000007920014","HWM1","","",9.8083,,"",
"","100000007920023","HWM1","","",13.1096,,"",
"","100000007919854","HWM1","","",11.78214,,"",
"","100000007919725","HWM1","","",11.6965,,"",
"","100000007919762","HWM1","","",7.6099,,"",
"","100000007919792","HWM1","","",10.9872,,"",
"","100000007932872","INN1","","",0.235947,,"",
"","100000007933229","INN1","","",0.2596936,,"",
"","100000007894431","INN1","","",0.3119496,,"",
"","100000007894439","INN1","","",0.068209432,,"",
"","100000007894443","INN1","","",0.042840841,,"",
"","100000007894728","INN1","","",0.640355748,,"",
"","100000007894830","INN1","","",2.692153324,,"",
"","100000007895200","INN1","","",0.0843646,,"",
"","100000007895212","INN1","","",0.1231672,,"",
"","100000007895211","INN1","","",0.3103562,,"",
"","100000008000328","INN1","","",1.0077599,,"",
"","100000008000731","INN1","","",0.8481434,,"",
"","100000008000489","INN1","","",1.655742916,,"",
"","100000007902728","INN1","","",0.03016351,,"",
"","100000007902872","INN1","","",0.055594661,,"",
"","100000007902936","INN1","","",0.015628,,"",
"","100000007903065","INN1","","",0.0297534,,"",
"","100000007902751","INN1","","",0.0166914,,"",
"","100000007902963","INN1","","",0.706682284,,"",
"","100000007903092","INN1","","",0.162738299,,"",
"","100000007903730","INN1","","",0.143033464,,"",
"","100000007903776","INN1","","",0.115327224,,"",
"","100000007903840","INN1","","",0.87967312,,"",
"","100000007903897","INN1","","",0.257668032,,"",
"","100000007903579","INN1","","",1.315111148,,"",
"","100000007905106","INN1","","",0.0591556,,"",
"","100000007905157","INN1","","",0.090004438,,"",
"","100000007905260","INN1","","",0.009902123,,"",
"","100000007904948","INN1","","",0.0217804,,"",
"","100000007904997","INN1","","",0.031114,,"",
"","100000007892973","INN1","","",0.147940482,,"",
"","100000007892941","INN1","","",0.06925896,,"",
"","100000007892938","INN1","","",0.096325592,,"",
"","100000007892972","INN1","","",0.36004736,,"",
"","100000007892984","INN1","","",0.373382368,,"",
"","100000007920054","HWM1","","",5.9527,,"",
"","100000007919939","HWM1","","",6.358,,"",
"","100000007919958","HWM1","","",6.05714,,"",
"","100000007919985","HWM1","","",17.631,,"",
"","100000007920003","HWM1","","",4.05071,,"",
"","100000007920015","HWM1","","",28.39086,,"",
"","100000007920069","HWM1","","",30.22871,,"",
"","100000007919931","HWM1","","",29.97129,,"",
"","100000007931464","INN1","","",0.1746654,,"",
"","100000007931375","INN1","","",0.1459864,,"",
"","100000007931387","INN1","","",0.1545466,,"",
"","100000007931409","INN1","","",0.0720542,,"",
"","100000007931458","INN1","","",0.1284714,,"",
"","100000007920581","HWM1","","",23.8962,,"",
"","100000007920392","HWM1","","",18.1456,,"",
"","100000007920498","HWM1","","",20.69214,,"",
"","100000007920415","HWM1","","",13.17629,,"",
"","100000007920442","HWM1","","",11.1756,,"",
"","100000007920483","HWM1","","",16.78386,,"",
"","100000007894754","INN1","","",0.1072584,,"",
"","100000007894783","INN1","","",0.0265272,,"",
"","100000007894723","INN1","","",0.05468942,,"",
"","100000007898393","INN1","","",0.517319,,"",
"","100000007898426","INN1","","",0.5984676,,"",
"","100000007894941","INN1","","",0.7463938,,"",
"","100000007898491","INN1","","",0.2381712,,"",
"","100000007898498","INN1","","",0.111935357,,"",
"","100000007898499","INN1","","",0.936459,,"",
"","100000007895214","INN1","","",0.1442834,,"",
"","100000007898717","INN1","","",0.05778647,,"",
"","100000007899219","INN1","","",0.0630196,,"",
"","100000007899643","INN1","","",0.08704708,,"",
"","100000008000560","INN1","","",2.24150574,,"",
"","100000008000723","INN1","","",2.962754368,,"",
"","100000008000956","INN1","","",1.537623852,,"",
"","100000008001127","INN1","","",1.806292,,"",
"","100000008000045","INN1","","",3.829193115,,"",
"","100000008000231","INN1","","",1.7889826,,"",
"","100000008000478","INN1","","",1.837921406,,"",
"","100000008000645","INN1","","",5.430424508,,"",
"","100000008001072","INN1","","",0.4048802,,"",
"","100000007902752","INN1","","",0.0471392,,"",
"","100000007902828","INN1","","",0.399603107,,"",
"","100000007902873","INN1","","",0.06201876,,"",
"","100000007902937","INN1","","",0.049458343,,"",
"","100000007902990","INN1","","",0.297626857,,"",
"","100000007893037","INN1","","",0.18788294,,"",
"","100000007903639","INN1","","",0.485032364,,"",
"","100000007903757","INN1","","",0.41295672,,"",
"","100000007903817","INN1","","",0.19322596,,"",
"","100000007903868","INN1","","",0.938653905,,"",
"","100000007903545","INN1","","",0.172512603,,"",
"","100000007893431","INN1","","",2.1201556,,"",
"","100000007905131","INN1","","",0.0351896,,"",
"","100000007905197","INN1","","",0.04528573,,"",
"","100000007905261","INN1","","",0.076321632,,"",
"","100000007904928","INN1","","",0.129025065,,"",
"","100000007904998","INN1","","",0.148218539,,"",
"","100000007905132","INN1","","",0.10079224,,"",
"","100000007893813","INN1","","",0.415171853,,"",
"","100000007892939","INN1","","",0.124715988,,"",
"","100000007892942","INN1","","",0.10148332,,"",
"","100000007893070","INN1","","",0.223057224,,"",
"","100000007893048","INN1","","",0.165763912,,"",
"","100000007932143","INN1","","",0.1224836,,"",
"","100000007932212","INN1","","",0.177058,,"",
"","100000007932126","INN1","","",0.1286008,,"",
"","100000007933023","INN1","","",0.1003384,,"",
"","100000007933630","INN1","","",0.674298,,"",
"","100000007932075","INN1","","",0.111467,,"",
"","100000007932098","INN1","","",0.1524222,,"",
"","100000007932000","INN1","","",0.0992922,,"",
"","100000007932021","INN1","","",0.100377,,"",
"","100000007898457","INN1","","",1.124766,,"",
"","100000007898394","INN1","","",2.991912,,"",
"","100000007898427","INN1","","",0.065014488,,"",
"","100000007898442","INN1","","",0.138563265,,"",
"","100000007898505","INN1","","",0.207224543,,"",
"","100000007898490","INN1","","",1.033431,,"",
"","100000007898667","INN1","","",0.027261,,"",
"","100000007899229","INN1","","",0.36414984,,"",
"","100000007899164","INN1","","",0.0230066,,"",
"","100000007899174","INN1","","",0.075703906,,"",
"","100000007899190","INN1","","",0.65548692,,"",
"","100000007899193","INN1","","",0.024734116,,"",
"","100000007899209","INN1","","",0.27755824,,"",
"","100000007899595","INN1","","",0.0994826,,"",
"","100000007899409","INN1","","",0.4317098,,"",
"","100000007899434","INN1","","",0.109768686,,"",
"","100000007899721","INN1","","",1.7236188,,"",
"","100000007893315","INN1","","",1.563647,,"",
"","100000007893337","INN1","","",3.343216558,,"",
"","100000007893412","INN1","","",3.0701026,,"",
"","100000007893421","INN1","","",0.267640589,,"",
"","100000007893425","INN1","","",0.088837,,"",
"","100000007893429","INN1","","",0.7638362,,"",
"","100000007893409","INN1","","",0.122144352,,"",
"","100000007893806","INN1","","",0.260135135,,"",
"","100000007893811","INN1","","",0.088485892,,"",
"","100000007893844","INN1","","",0.7870514,,"",
"","100000007893846","INN1","","",0.149974808,,"",
"","100000007893852","INN1","","",0.119408392,,"",
"","100000007893855","INN1","","",0.5243998,,"",
"","100000007893842","INN1","","",0.246586832,,"",
"","100000007920561","HWM1","","",13.6563,,"",
"","100000007920460","HWM1","","",11.087,,"",
"","100000007932107","INN1","","",0.0692986,,"",
"","100000007932018","INN1","","",0.0489088,,"",
"","100000007898342","INN1","","",1.937620544,,"",
"","100000007898337","INN1","","",0.311578799,,"",
"","100000007901387","INN1","","",0.338341624,,"",
"","100000007901450","INN1","","",0.086855739,,"",
"","100000007901486","INN1","","",0.0693942,,"",
"","100000007901682","INN1","","",0.1176276,,"",
"","100000007899727","INN1","","",0.2128634,,"",
"","100000007899738","INN1","","",0.1372846,,"",
"","100000007899718","INN1","","",1.5810494,,"",
"","100000007899722","INN1","","",0.0582232,,"",
"","100000007899726","INN1","","",0.226152184,,"",
"","100000007903913","INN1","","",0.075665,,"",
"","100000007903958","INN1","","",1.0696636,,"",
"","100000007904024","INN1","","",0.069482232,,"",
"","100000008019553","INN1","","",0.133284,,"",
"","100000008019841","INN1","","",0.1608832,,"",
"","100000007896240","INN1","","",4.051314,,"",
"","100000007893357","INN1","","",0.1714802,,"",
"","100000007893375","INN1","","",0.0455882,,"",
"","100000007893300","INN1","","",0.8559048,,"",
"","100000007893316","INN1","","",0.091893099,,"",
"","100000007893418","INN1","","",0.104905632,,"",
"","100000007893422","INN1","","",0.5000006,,"",
"","100000007893426","INN1","","",0.23875536,,"",
"","100000007893430","INN1","","",1.6762452,,"",
"","100000007893843","INN1","","",0.369435397,,"",
"","100000007897746","INN1","","",0.3287972,,"",
"","100000007897803","INN1","","",0.508647,,"",
"","100000007896224","INN1","","",0.7828975,,"",
"","100000007896221","INN1","","",2.1048726,,"",
"","100000007896226","INN1","","",6.1930262,,"",
"","100000007921156","HWM1","","",62.3749,,"",
"","100000007921157","HWM1","","",20.229,,"",
"","100000007932727","INN1","","",0.186738,,"",
"","100000007932763","INN1","","",0.194608,,"",
"","100000007932799","INN1","","",0.175433,,"",
"","100000007934545","INN1","","",0.0668676,,"",
"","100000007920665","HWM1","","",9.0841,,"",
"","100000007920592","HWM1","","",10.2013,,"",
"","100000007920666","HWM1","","",11.36386,,"",
"","100000007920593","HWM1","","",25.3065,,"",
"","100000007901499","INN1","","",0.1968688,,"",
"","100000007901283","INN1","","",0.419194403,,"",
"","100000007901444","INN1","","",0.218175322,,"",
"","100000007901500","INN1","","",0.241601097,,"",
"","100000007901530","INN1","","",0.5956222,,"",
"","100000007901536","INN1","","",0.07842268,,"",
"","100000007902070","INN1","","",0.059916373,,"",
"","100000007902007","INN1","","",0.079821585,,"",
"","100000007902069","INN1","","",0.137138437,,"",
"","100000007904100","INN1","","",0.1122374,,"",
"","100000007904151","INN1","","",0.5494084,,"",
"","100000007904229","INN1","","",0.287858,,"",
"","100000007903933","INN1","","",0.0692622,,"",
"","100000008020561","INN1","","",0.242896228,,"",
"","100000008020014","INN1","","",0.21301844,,"",
"","100000008020032","INN1","","",0.319318,,"",
"","100000008020199","INN1","","",0.1800674,,"",
"","100000008020429","INN1","","",0.4946328,,"",
"","100000008020602","INN1","","",0.3406856,,"",
"","100000008019673","INN1","","",0.474895575,,"",
"","100000008020114","INN1","","",0.2442598,,"",
"","100000008020348","INN1","","",0.379582,,"",
"","100000007896241","INN1","","",0.3455006,,"",
"","100000007896766","INN1","","",0.099002,,"",
"","100000007897229","INN1","","",0.15984344,,"",
"","100000007897796","INN1","","",1.0432046,,"",
"","100000007897785","INN1","","",0.044499,,"",
"","100000007897789","INN1","","",0.031429877,,"",
"","100000007921100","HWM1","","",29.277,,"",
"","100000007921000","HWM1","","",13.13871,,"",
"","100000007921041","HWM1","","",12.8876,,"",
"","100000007921082","HWM1","","",0.4909,,"",
"","100000007921113","HWM1","","",16.7359,,"",
"","100000007921001","HWM1","","",16.0664,,"",
"","100000007920668","HWM1","","",23.5329,,"",
"","100000007920689","HWM1","","",21.7098,,"",
"","100000007920688","HWM1","","",13.2289,,"",
"","100000007920697","HWM1","","",10.63043,,"",
"","100000007901501","INN1","","",0.051113693,,"",
"","100000007905306","INN1","","",0.21539784,,"",
"","100000007891931","INN1","","",0.091806215,,"",
"","100000007901759","INN1","","",0.2183308,,"",
"","100000007901795","INN1","","",0.183702963,,"",
"","100000007901850","INN1","","",0.393679914,,"",
"","100000007892558","INN1","","",0.03723026,,"",
"","100000007892432","INN1","","",0.02998416,,"",
"","100000007892450","INN1","","",0.186455336,,"",
"","100000008020252","INN1","","",1.1689558,,"",
"","100000008020489","INN1","","",1.044122,,"",
"","100000008020579","INN1","","",0.813947,,"",
"","100000008019552","INN1","","",1.330935,,"",
"","100000008020774","INN1","","",0.5956222,,"",
"","100000008019571","INN1","","",0.275177,,"",
"","100000008019859","INN1","","",0.1505762,,"",
"","100000008019950","INN1","","",0.501351275,,"",
"","100000008020200","INN1","","",0.1427634,,"",
"","100000008020349","INN1","","",0.2305404,,"",
"","100000007896594","INN1","","",0.7695432,,"",
"","100000007896615","INN1","","",0.4874462,,"",
"","100000007899734","INN1","","",0.095728,,"",
"","100000007900243","INN1","","",0.094201216,,"",
"","100000007897232","INN1","","",0.4369772,,"",
"","100000007897401","INN1","","",0.1888092,,"",
"","100000007900585","INN1","","",0.081732981,,"",
"","100000007897797","INN1","","",0.0392722,,"",
"","100000007897783","INN1","","",0.086248,,"",
"","100000007900912","INN1","","",1.436391608,,"",
"","100000007932474","INN1","","",0.0263362,,"",
"","100000007932465","INN1","","",0.0592752,,"",
"","100000007933744","INN1","","",0.2125692,,"",
"","100000007919736","HWM1","","",8.1479,,"",
"","100000007905526","INN1","","",0.734388524,,"",
"","100000007905284","INN1","","",0.105110548,,"",
"","100000007905326","INN1","","",0.0735947,,"",
"","100000007904384","INN1","","",0.4988578,,"",
"","100000007904424","INN1","","",0.14545776,,"",
"","100000007904452","INN1","","",1.166779032,,"",
"","100000007905433","INN1","","",0.055931972,,"",
"","100000007905530","INN1","","",1.807576299,,"",
"","100000007905285","INN1","","",1.476530083,,"",
"","100000007905379","INN1","","",1.891321987,,"",
"","100000007905414","INN1","","",1.539075382,,"",
"","100000007905565","INN1","","",1.991799266,,"",
"","100000007905302","INN1","","",3.25746547,,"",
"","100000007891936","INN1","","",0.0292192,,"",
"","100000007891916","INN1","","",0.277399394,,"",
"","100000007892467","INN1","","",1.083976122,,"",
"","100000007892571","INN1","","",2.175704036,,"",
"","100000007899736","INN1","","",0.070135424,,"",
"","100000007900200","INN1","","",0.063378024,,"",
"","100000007900204","INN1","","",0.487283496,,"",
"","100000007900219","INN1","","",0.105283712,,"",
"","100000007900602","INN1","","",0.091626,,"",
"","100000007900551","INN1","","",0.356334708,,"",
"","100000007900579","INN1","","",0.159043806,,"",
"","100000007900583","INN1","","",1.322492,,"",
"","100000007900687","INN1","","",0.4089086,,"",
"","100000007901247","INN1","","",0.168896458,,"",
"","100000007901020","INN1","","",0.0673654,,"",
"","100000007901074","INN1","","",0.597630608,,"",
"","100000007901128","INN1","","",0.071051738,,"",
"","100000007928325","EQU1","","",11.1877,,"",
"","100000007928331","EQU1","","",60.9862,,"",
"","100000007929151","EQU1","","",8.01225,,"",
"","100000007926579","EQU1","","",1.30285,,"",
"","100000007926607","EQU1","","",0.9865,,"",
"","100000007926627","EQU1","","",0.94235,,"",
"","100000007929904","EQU1","","",1.2295,,"",
"","100000007929943","EQU1","","",1.19485,,"",
"","100000007929962","EQU1","","",1.0974,,"",
"","100000007929979","EQU1","","",1.1088,,"",
"","100000007929988","EQU1","","",1.0719,,"",
"","100000007930042","EQU1","","",1.0471,,"",
"","100000007929940","EQU1","","",0.92765,,"",
"","100000007929977","EQU1","","",1.30975,,"",
"","100000007929001","EQU1","","",2.3414,,"",
"","100000007929019","EQU1","","",2.41185,,"",
"","100000007929033","EQU1","","",2.61045,,"",
"","100000007928946","EQU1","","",2.8531,,"",
"","100000007928961","EQU1","","",2.50055,,"",
"","100000007928980","EQU1","","",3.19285,,"",
"","100000007928995","EQU1","","",2.89955,,"",
"","100000007929013","EQU1","","",3.1571,,"",
"","100000007929025","EQU1","","",1.89505,,"",
"","100000007928940","EQU1","","",3.78655,,"",
"","100000007927492","EQU1","","",1.1125,,"",
"","100000007927475","EQU1","","",1.7183,,"",
"","100000007927493","EQU1","","",1.8095,,"",
"","100000007924976","EQU1","","",0.18185,,"",
"","100000007925065","EQU1","","",0.18365,,"",
"","100000007925592","EQU1","","",2.34925,,"",
"","100000007925552","EQU1","","",0.30515,,"",
"","100000007984391","EQU1","","",89.19565,,"",
"","100000007965854","EQU1","","",9.2304,,"",
"","100000007974308","EQU1","","",6.9225,,"",
"","100000007971574","EQU1","","",1.4706,,"",
"","100000007971281","EQU1","","",2.08795,,"",
"","100000007971316","EQU1","","",1.80225,,"",
"","100000007971010","EQU1","","",2.67615,,"",
"","100000007970985","EQU1","","",5.3599,,"",
"","100000007971049","EQU1","","",8.7611,,"",
"","100000007971172","EQU1","","",8.56025,,"",
"","100000007975345","EQU1","","",2.9367,,"",
"","100000007975522","EQU1","","",4.58515,,"",
"","100000007975569","EQU1","","",7.1698,,"",
"","100000007979957","EQU1","","",13.05175,,"",
"","100000007979979","EQU1","","",12.3141,,"",
"","100000007962932","EQU1","","",1.06515,,"",
"","100000007963015","EQU1","","",1.39825,,"",
"","100000007963057","EQU1","","",2.41375,,"",
"","100000007968424","EQU1","","",18.71265,,"",
"","100000007968222","EQU1","","",19.96995,,"",
"","100000007968242","EQU1","","",56.5491,,"",
"","100000007968351","EQU1","","",72.77795,,"",
"","100000007968402","EQU1","","",19.9029,,"",
"","100000007940060","EQU1","","",208.60415,,"",
"","100000007941485","EQU1","","",9.43775,,"",
"","100000007938965","EQU1","","",12.61855,,"",
"","100000007943755","EQU1","","",3.3354,,"",
"","100000007943646","EQU1","","",6.1158,,"",
"","100000007943670","EQU1","","",3.17185,,"",
"","100000007943684","EQU1","","",3.316,,"",
"","100000007943710","EQU1","","",3.2399,,"",
"","100000007943662","EQU1","","",3.3038,,"",
"","100000007941569","EQU1","","",25.40105,,"",
"","100000007939376","EQU1","","",5.52695,,"",
"","100000007939395","EQU1","","",5.94215,,"",
"","100000008033570","EQU1","","",0.7213,,"",
"","100000008034015","EQU1","","",0.9447,,"",
"","100000008034482","EQU1","","",0.16425,,"",
"","100000008034762","EQU1","","",0.2233,,"",
"","100000008033656","EQU1","","",0.18965,,"",
"","100000008034106","EQU1","","",0.22725,,"",
"","100000008034301","EQU1","","",0.19855,,"",
"","100000007934258","EQU1","","",0.88965,,"",
"","100000007934282","EQU1","","",0.97515,,"",
"","100000007934216","EQU1","","",0.45735,,"",
"","100000007934234","EQU1","","",0.4901,,"",
"","100000007934250","EQU1","","",1.6241,,"",
"","100000007934273","EQU1","","",0.80855,,"",
"","100000007933382","EQU1","","",1.79735,,"",
"","100000007933362","EQU1","","",1.53255,,"",
"","100000007931836","EQU1","","",1.03625,,"",
"","100000007931858","EQU1","","",0.7551,,"",
"","100000007934548","EQU1","","",0.3619,,"",
"","100000007934582","EQU1","","",0.40155,,"",
"","100000007934495","EQU1","","",0.43235,,"",
"","100000007934529","EQU1","","",0.26565,,"",
"","100000007934541","EQU1","","",0.36065,,"",
"","100000007935598","EQU1","","",0.73615,,"",
"","100000007935491","EQU1","","",0.69295,,"",
"","100000007936054","EQU1","","",13.63135,,"",
"","100000008020561","EQU1","","",0.56905,,"",
"","100000008020252","EQU1","","",2.71625,,"",
"","100000008020489","EQU1","","",2.58025,,"",
"","100000008004535","EQU1","","",0.3928,,"",
"","100000008005227","EQU1","","",0.4349,,"",
"","100000008004444","EQU1","","",0.71805,,"",
"","100000008004710","EQU1","","",0.7147,,"",
"","100000008004967","EQU1","","",0.8568,,"",
"","100000007994703","EQU1","","",4.034,,"",
"","100000007994791","EQU1","","",5.4362,,"",
"","100000007992522","EQU1","","",0.7378,,"",
"","100000007991564","EQU1","","",0.5508,,"",
"","100000007991660","EQU1","","",0.6003,,"",
"","100000007982530","EQU1","","",0.3172,,"",
"","100000007982629","EQU1","","",0.2896,,"",
"","100000007982577","EQU1","","",0.42225,,"",
"","100000007988548","EQU1","","",0.50035,,"",
"","100000007988720","EQU1","","",0.4828,,"",
"","100000007988547","EQU1","","",0.51975,,"",
"","100000007988609","EQU1","","",0.6372,,"",
"","100000007988716","EQU1","","",0.45245,,"",
"","100000007927364","EQU1","","",0.8586,,"",
"","100000007927385","EQU1","","",0.67025,,"",
"","100000007927408","EQU1","","",0.58385,,"",
"","100000007927427","EQU1","","",0.50725,,"",
"","100000007927300","EQU1","","",0.92845,,"",
"","100000007926379","EQU1","","",1.2541,,"",
"","100000007926386","EQU1","","",2.0207,,"",
"","100000007926315","EQU1","","",2.2575,,"",
"","100000007929887","EQU1","","",1.4379,,"",
"","100000007929903","EQU1","","",1.21575,,"",
"","100000007929816","EQU1","","",1.84695,,"",
"","100000007929844","EQU1","","",2.24615,,"",
"","100000007929104","EQU1","","",38.6571,,"",
"","100000007929116","EQU1","","",16.92835,,"",
"","100000007929061","EQU1","","",15.33175,,"",
"","100000007929076","EQU1","","",14.2471,,"",
"","100000007927773","EQU1","","",6.8856,,"",
"","100000007927821","EQU1","","",26.6887,,"",
"","100000007927747","EQU1","","",2.08775,,"",
"","100000007927766","EQU1","","",7.47605,,"",
"","100000007927780","EQU1","","",5.0848,,"",
"","100000007930023","EQU1","","",1.604,,"",
"","100000007930050","EQU1","","",0.9193,,"",
"","100000007929913","EQU1","","",0.71975,,"",
"","100000007928971","EQU1","","",2.3988,,"",
"","100000007929039","EQU1","","",2.4803,,"",
"","100000007928972","EQU1","","",1.5138,,"",
"","100000007928988","EQU1","","",1.7817,,"",
"","100000007925018","EQU1","","",0.50265,,"",
"","100000007925046","EQU1","","",0.8679,,"",
"","100000007927189","EQU1","","",1.24155,,"",
"","100000007927196","EQU1","","",1.29485,,"",
"","100000007927209","EQU1","","",0.87195,,"",
"","100000007927106","EQU1","","",0.93685,,"",
"","100000007927122","EQU1","","",1.99695,,"",
"","100000007927172","EQU1","","",1.2976,,"",
"","100000007984276","EQU1","","",210.94825,,"",
"","100000007984392","EQU1","","",221.525,,"",
"","100000007970006","EQU1","","",29.7091,,"",
"","100000007965690","EQU1","","",2.38925,,"",
"","100000007965856","EQU1","","",3.34965,,"",
"","100000007965431","EQU1","","",15.39655,,"",
"","100000007965477","EQU1","","",18.08305,,"",
"","100000007974480","EQU1","","",11.7113,,"",
"","100000007979050","EQU1","","",12.7106,,"",
"","100000007979063","EQU1","","",11.4822,,"",
"","100000007979014","EQU1","","",20.9962,,"",
"","100000007970925","EQU1","","",8.78325,,"",
"","100000007980023","EQU1","","",15.01165,,"",
"","100000007980045","EQU1","","",14.36915,,"",
"","100000007980088","EQU1","","",14.2814,,"",
"","100000007980132","EQU1","","",13.95375,,"",
"","100000007980193","EQU1","","",10.16455,,"",
"","100000007975186","EQU1","","",13.36675,,"",
"","100000007977250","EQU1","","",3.2263,,"",
"","100000007977408","EQU1","","",4.11395,,"",
"","100000007968108","EQU1","","",23.2617,,"",
"","100000007968151","EQU1","","",196.6239,,"",
"","100000007970278","EQU1","","",29.00165,,"",
"","100000007970321","EQU1","","",23.90865,,"",
"","100000007942797","EQU1","","",8.90355,,"",
"","100000007942832","EQU1","","",2.98535,,"",
"","100000007942882","EQU1","","",6.32975,,"",
"","100000007941515","EQU1","","",9.18305,,"",
"","100000007942133","EQU1","","",158.4766,,"",
"","100000007941739","EQU1","","",14.9438,,"",
"","100000007941805","EQU1","","",4.60925,,"",
"","100000007941613","EQU1","","",24.4835,,"",
"","100000007941654","EQU1","","",25.48845,,"",
"","100000007941563","EQU1","","",26.92035,,"",
"","100000007941647","EQU1","","",35.82065,,"",
"","100000007937693","EQU1","","",2.0275,,"",
"","100000007939452","EQU1","","",8.65945,,"",
"","100000007837375","EQU1","","",0.3931,,"",
"","100000007837388","EQU1","","",1.0138,,"",
"","100000008036512","EQU1","","",26.5981,,"",
"","100000007931643","EQU1","","",0.1825,,"",
"","100000007931688","EQU1","","",0.10585,,"",
"","100000007931733","EQU1","","",0.10585,,"",
"","100000007931359","EQU1","","",0.10475,,"",
"","100000007931288","EQU1","","",0.08835,,"",
"","100000007934081","EQU1","","",1.3968,,"",
"","100000007931850","EQU1","","",0.96235,,"",
"","100000007931866","EQU1","","",0.88545,,"",
"","100000007932048","EQU1","","",0.7645,,"",
"","100000007932067","EQU1","","",0.6182,,"",
"","100000007932083","EQU1","","",0.8036,,"",
"","100000007935549","EQU1","","",0.96025,,"",
"","100000007935592","EQU1","","",0.76415,,"",
"","100000007929812","EQU1","","",1.11555,,"",
"","100000007929834","EQU1","","",2.558,,"",
"","100000007929849","EQU1","","",1.31915,,"",
"","100000008000346","EQU1","","",0.4309,,"",
"","100000008000594","EQU1","","",0.6108,,"",
"","100000008000757","EQU1","","",0.64135,,"",
"","100000008000512","EQU1","","",1.36995,,"",
"","100000008000913","EQU1","","",1.4595,,"",
"","100000008020579","EQU1","","",2.0809,,"",
"","100000008003190","EQU1","","",7.99195,,"",
"","100000008003588","EQU1","","",8.1659,,"",
"","100000008003751","EQU1","","",0.60505,,"",
"","100000008002764","EQU1","","",0.8434,,"",
"","100000008002906","EQU1","","",0.8114,,"",
"","100000008004185","EQU1","","",1.01725,,"",
"","100000008004445","EQU1","","",1.1629,,"",
"","100000007987613","EQU1","","",2.4452,,"",
"","100000007987681","EQU1","","",3.064,,"",
"","100000007987793","EQU1","","",3.20275,,"",
"","100000007984763","EQU1","","",0.0691,,"",
"","100000007984818","EQU1","","",0.1601,,"",
"","100000007984527","EQU1","","",0.1203,,"",
"","100000007991819","EQU1","","",0.75645,,"",
"","100000007989244","EQU1","","",0.22785,,"",
"","100000007986840","EQU1","","",1.0991,,"",
"","100000007982626","EQU1","","",0.2431,,"",
"","100000007982702","EQU1","","",0.2665,,"",
"","100000007982755","EQU1","","",0.4557,,"",
"","100000007982407","EQU1","","",0.76535,,"",
"","100000007982280","EQU1","","",1.0149,,"",
"","100000007988427","EQU1","","",1.8265,,"",
"","100000007988477","EQU1","","",2.1675,,"",
"","100000007983836","EQU1","","",0.1651,,"",
"","100000007983953","EQU1","","",0.18925,,"",
"","100000007984030","EQU1","","",0.2676,,"",
"","100000007928158","EQU1","","",9.92155,,"",
"","100000007926309","EQU1","","",0.44335,,"",
"","100000007927298","EQU1","","",0.45335,,"",
"","100000007929858","EQU1","","",2.23975,,"",
"","100000007929873","EQU1","","",1.18795,,"",
"","100000007929895","EQU1","","",1.07555,,"",
"","100000007929782","EQU1","","",2.48565,,"",
"","100000007929826","EQU1","","",1.992,,"",
"","100000007929845","EQU1","","",2.17865,,"",
"","100000007929679","EQU1","","",0.7835,,"",
"","100000007927822","EQU1","","",10.4963,,"",
"","100000007927726","EQU1","","",8.02255,,"",
"","100000007927748","EQU1","","",7.0545,,"",
"","100000007927760","EQU1","","",4.6772,,"",
"","100000007927781","EQU1","","",4.87325,,"",
"","100000007927795","EQU1","","",4.93905,,"",
"","100000007927754","EQU1","","",5.5186,,"",
"","100000007926938","EQU1","","",1.2057,,"",
"","100000007926883","EQU1","","",1.1207,,"",
"","100000007928948","EQU1","","",1.75435,,"",
"","100000007929773","EQU1","","",3.49835,,"",
"","100000007929684","EQU1","","",1.4966,,"",
"","100000007929721","EQU1","","",0.95385,,"",
"","100000007925070","EQU1","","",0.70025,,"",
"","100000007924982","EQU1","","",0.2787,,"",
"","100000007924955","EQU1","","",0.5545,,"",
"","100000007925014","EQU1","","",1.26845,,"",
"","100000007925037","EQU1","","",0.9045,,"",
"","100000007928854","EQU1","","",3.09725,,"",
"","100000007928866","EQU1","","",1.2769,,"",
"","100000007927181","EQU1","","",0.4445,,"",
"","100000007927210","EQU1","","",2.15435,,"",
"","100000007927107","EQU1","","",0.74495,,"",
"","100000007927219","EQU1","","",0.48455,,"",
"","100000007976472","EQU1","","",14.94465,,"",
"","100000007976518","EQU1","","",13.7127,,"",
"","100000007976269","EQU1","","",3.29435,,"",
"","100000007976324","EQU1","","",4.1593,,"",
"","100000007976374","EQU1","","",5.64715,,"",
"","100000007975742","EQU1","","",13.2361,,"",
"","100000007975845","EQU1","","",27.18845,,"",
"","100000007975604","EQU1","","",5.7244,,"",
"","100000007979890","EQU1","","",9.41995,,"",
"","100000007979912","EQU1","","",9.4472,,"",
"","100000007978995","EQU1","","",9.7909,,"",
"","100000007979003","EQU1","","",9.47745,,"",
"","100000007979024","EQU1","","",12.69885,,"",
"","100000007977058","EQU1","","",5.83195,,"",
"","100000007977028","EQU1","","",6.7822,,"",
"","100000007977188","EQU1","","",10.2411,,"",
"","100000007941590","EQU1","","",31.4778,,"",
"","100000007941655","EQU1","","",32.42905,,"",
"","100000007941593","EQU1","","",45.4355,,"",
"","100000007941557","EQU1","","",40.2007,,"",
"","100000007944043","EQU1","","",13.92735,,"",
"","100000007944045","EQU1","","",18.3406,,"",
"","100000007937669","EQU1","","",0.6224,,"",
"","100000007942390","EQU1","","",8.7877,,"",
"","100000007942405","EQU1","","",6.5962,,"",
"","100000007939852","EQU1","","",4.6849,,"",
"","100000007940099","EQU1","","",5.5208,,"",
"","100000007940119","EQU1","","",6.03855,,"",
"","100000007940127","EQU1","","",6.0872,,"",
"","100000007940143","EQU1","","",6.4988,,"",
"","100000007940159","EQU1","","",8.77875,,"",
"","100000007837383","EQU1","","",0.9015,,"",
"","100000008036935","EQU1","","",34.1404,,"",
"","100000008037393","EQU1","","",13.0512,,"",
"","100000008036845","EQU1","","",13.9366,,"",
"","100000008037304","EQU1","","",14.2369,,"",
"","100000007931051","EQU1","","",1.9614,,"",
"","100000007931067","EQU1","","",1.4416,,"",
"","100000007931087","EQU1","","",1.6629,,"",
"","100000007931096","EQU1","","",2.58625,,"",
"","100000007931053","EQU1","","",4.82215,,"",
"","100000007931061","EQU1","","",5.3307,,"",
"","100000007931333","EQU1","","",0.15515,,"",
"","100000007931351","EQU1","","",0.24725,,"",
"","100000007931330","EQU1","","",1.3029,,"",
"","100000007931346","EQU1","","",0.96775,,"",
"","100000007931363","EQU1","","",1.4412,,"",
"","100000007931298","EQU1","","",1.0625,,"",
"","100000007933519","EQU1","","",0.33315,,"",
"","100000007936132","EQU1","","",36.62265,,"",
"","100000007936158","EQU1","","",38.62175,,"",
"","100000007936174","EQU1","","",34.0507,,"",
"","100000007936191","EQU1","","",25.6744,,"",
"","100000007934995","EQU1","","",1.4709,,"",
"","100000007934990","EQU1","","",1.99145,,"",
"","100000007934991","EQU1","","",1.8941,,"",
"","100000007935025","EQU1","","",2.5901,,"",
"","100000007934613","EQU1","","",2.67065,,"",
"","100000007934100","EQU1","","",3.2429,,"",
"","100000007934000","EQU1","","",3.9021,,"",
"","100000007934035","EQU1","","",3.9359,,"",
"","100000007934053","EQU1","","",4.1903,,"",
"","100000007934076","EQU1","","",2.9881,,"",
"","100000007934092","EQU1","","",2.91945,,"",
"","100000007933990","EQU1","","",2.7345,,"",
"","100000007934006","EQU1","","",3.3032,,"",
"","100000007936852","EQU1","","",3.4711,,"",
"","100000007936850","EQU1","","",2.0215,,"",
"","100000007931893","EQU1","","",0.4316,,"",
"","100000007931909","EQU1","","",0.6378,,"",
"","100000007935563","EQU1","","",0.28465,,"",
"","100000007935181","EQU1","","",0.17995,,"",
"","100000007935210","EQU1","","",0.2629,,"",
"","100000007929889","EQU1","","",2.4231,,"",
"","100000007929784","EQU1","","",2.50035,,"",
"","100000007929797","EQU1","","",2.09615,,"",
"","100000007929805","EQU1","","",1.36885,,"",
"","100000007929818","EQU1","","",1.6827,,"",
"","100000007929828","EQU1","","",1.4558,,"",
"","100000007929846","EQU1","","",1.3538,,"",
"","100000007929860","EQU1","","",1.3113,,"",
"","100000007929890","EQU1","","",1.4,,"",
"","100000007930926","EQU1","","",13.4521,,"",
"","100000007930945","EQU1","","",2.4943,,"",
"","100000007930964","EQU1","","",3.0497,,"",
"","100000007930835","EQU1","","",0.46325,,"",
"","100000007930860","EQU1","","",4.3287,,"",
"","100000007930890","EQU1","","",0.44975,,"",
"","100000007930910","EQU1","","",6.6759,,"",
"","100000008000348","EQU1","","",1.13645,,"",
"","100000008007117","EQU1","","",0.51645,,"",
"","100000008007291","EQU1","","",0.64585,,"",
"","100000008007557","EQU1","","",1.58855,,"",
"","100000008007653","EQU1","","",0.47915,,"",
"","100000008007329","EQU1","","",12.23795,,"",
"","100000007983858","EQU1","","",0.12395,,"",
"","100000007984029","EQU1","","",0.13525,,"",
"","100000007984082","EQU1","","",0.0947,,"",
"","100000007984666","EQU1","","",0.1516,,"",
"","100000007984733","EQU1","","",0.23205,,"",
"","100000007984686","EQU1","","",0.16205,,"",
"","100000007984561","EQU1","","",0.1615,,"",
"","100000007985996","EQU1","","",0.2905,,"",
"","100000007986057","EQU1","","",0.0494,,"",
"","100000007982337","EQU1","","",0.0904,,"",
"","100000007983412","EQU1","","",0.2356,,"",
"","100000007928119","EQU1","","",12.9588,,"",
"","100000007928129","EQU1","","",9.72285,,"",
"","100000007928169","EQU1","","",18.7026,,"",
"","100000007928192","EQU1","","",21.69165,,"",
"","100000007927230","EQU1","","",0.5878,,"",
"","100000007927276","EQU1","","",0.75825,,"",
"","100000007927293","EQU1","","",0.31565,,"",
"","100000007927299","EQU1","","",1.59095,,"",
"","100000007929859","EQU1","","",2.2715,,"",
"","100000007929874","EQU1","","",2.14575,,"",
"","100000007929896","EQU1","","",1.70855,,"",
"","100000007926276","EQU1","","",1.09715,,"",
"","100000007929693","EQU1","","",0.8425,,"",
"","100000007929687","EQU1","","",0.7415,,"",
"","100000007929941","EQU1","","",0.78205,,"",
"","100000007929968","EQU1","","",0.77715,,"",
"","100000007929986","EQU1","","",0.80655,,"",
"","100000007927767","EQU1","","",5.9996,,"",
"","100000007927787","EQU1","","",6.4044,,"",
"","100000007926858","EQU1","","",1.37125,,"",
"","100000007926942","EQU1","","",1.4339,,"",
"","100000007929733","EQU1","","",0.8655,,"",
"","100000007929748","EQU1","","",0.8997,,"",
"","100000007929768","EQU1","","",0.97755,,"",
"","100000007929677","EQU1","","",1.0414,,"",
"","100000007929697","EQU1","","",1.0143,,"",
"","100000007928934","EQU1","","",3.0377,,"",
"","100000007928813","EQU1","","",1.42585,,"",
"","100000007928807","EQU1","","",1.3858,,"",
"","100000007927123","EQU1","","",0.55735,,"",
"","100000007927139","EQU1","","",0.9281,,"",
"","100000007971790","EQU1","","",2.568,,"",
"","100000007971733","EQU1","","",2.58535,,"",
"","100000007979023","EQU1","","",16.74975,,"",
"","100000007979049","EQU1","","",16.97295,,"",
"","100000007979062","EQU1","","",16.2246,,"",
"","100000007979088","EQU1","","",15.462,,"",
"","100000007975717","EQU1","","",7.52245,,"",
"","100000007975761","EQU1","","",10.8672,,"",
"","100000007975917","EQU1","","",18.7628,,"",
"","100000007973070","EQU1","","",3.96995,,"",
"","100000007973151","EQU1","","",4.07265,,"",
"","100000007973222","EQU1","","",6.51765,,"",
"","100000007968825","EQU1","","",49.323,,"",
"","100000007977155","EQU1","","",2.3732,,"",
"","100000007977315","EQU1","","",2.8969,,"",
"","100000007976965","EQU1","","",5.1405,,"",
"","100000007978023","EQU1","","",23.87445,,"",
"","100000007977982","EQU1","","",11.7094,,"",
"","100000007939105","EQU1","","",65.43645,,"",
"","100000007941139","EQU1","","",456.7728,,"",
"","100000007941176","EQU1","","",83.2617,,"",
"","100000007944179","EQU1","","",9.2815,,"",
"","100000007944074","EQU1","","",11.0741,,"",
"","100000007944089","EQU1","","",10.29805,,"",
"","100000007942425","EQU1","","",2.4056,,"",
"","100000007942378","EQU1","","",18.62325,,"",
"","100000007942392","EQU1","","",2.93945,,"",
"","100000007942398","EQU1","","",9.5678,,"",
"","100000007942414","EQU1","","",27.18455,,"",
"","100000007943244","EQU1","","",24.06815,,"",
"","100000007943262","EQU1","","",11.2681,,"",
"","100000007943277","EQU1","","",12.5566,,"",
"","100000007943290","EQU1","","",154.8544,,"",
"","100000008032854","EQU1","","",0.44805,,"",
"","100000008036513","EQU1","","",0.3298,,"",
"","100000008036759","EQU1","","",0.31475,,"",
"","100000008036936","EQU1","","",0.33,,"",
"","100000008037212","EQU1","","",0.36195,,"",
"","100000008037394","EQU1","","",0.3801,,"",
"","100000008037331","EQU1","","",0.204,,"",
"","100000008037607","EQU1","","",0.1845,,"",
"","100000007931078","EQU1","","",4.60645,,"",
"","100000007931082","EQU1","","",4.4254,,"",
"","100000007931099","EQU1","","",6.95515,,"",
"","100000007931012","EQU1","","",5.4909,,"",
"","100000007931018","EQU1","","",10.31725,,"",
"","100000007931032","EQU1","","",7.04915,,"",
"","100000007931040","EQU1","","",11.7046,,"",
"","100000007931054","EQU1","","",1.7472,,"",
"","100000007931062","EQU1","","",11.3308,,"",
"","100000007931079","EQU1","","",20.64175,,"",
"","100000007933552","EQU1","","",0.214,,"",
"","100000007936149","EQU1","","",20.38685,,"",
"","100000007936159","EQU1","","",21.1983,,"",
"","100000007931569","EQU1","","",0.3406,,"",
"","100000007931522","EQU1","","",1.12305,,"",
"","100000007934605","EQU1","","",0.86365,,"",
"","100000007934045","EQU1","","",2.8445,,"",
"","100000007934099","EQU1","","",2.24415,,"",
"","100000007933999","EQU1","","",2.239,,"",
"","100000007933660","EQU1","","",1.94965,,"",
"","100000007933679","EQU1","","",1.85245,,"",
"","100000007933692","EQU1","","",1.89615,,"",
"","100000007933724","EQU1","","",1.72855,,"",
"","100000007933641","EQU1","","",1.7866,,"",
"","100000007933655","EQU1","","",1.70345,,"",
"","100000007931921","EQU1","","",0.65465,,"",
"","100000007931986","EQU1","","",0.7233,,"",
"","100000007929863","EQU1","","",1.18685,,"",
"","100000007929883","EQU1","","",1.06665,,"",
"","100000007929786","EQU1","","",0.9745,,"",
"","100000007929808","EQU1","","",1.1106,,"",
"","100000007933077","EQU1","","",0.97345,,"",
"","100000007933142","EQU1","","",0.1869,,"",
"","100000007933056","EQU1","","",0.4574,,"",
"","100000007933097","EQU1","","",1.05605,,"",
"","100000007930938","EQU1","","",0.6268,,"",
"","100000007930985","EQU1","","",7.71685,,"",
"","100000007930845","EQU1","","",0.88915,,"",
"","100000007930881","EQU1","","",15.71715,,"",
"","100000007930901","EQU1","","",0.9035,,"",
"","100000007930927","EQU1","","",16.9163,,"",
"","100000007930946","EQU1","","",1.2752,,"",
"","100000007997602","EQU1","","",1.42375,,"",
"","100000007985326","EQU1","","",0.32635,,"",
"","100000007985350","EQU1","","",0.241,,"",
"","100000007982212","EQU1","","",0.3273,,"",
"","100000007982233","EQU1","","",0.3444,,"",
"","100000007982292","EQU1","","",0.13405,,"",
"","100000007982352","EQU1","","",0.09,,"",
"","100000007987454","EQU1","","",0.2185,,"",
"","100000007928211","EQU1","","",35.39675,,"",
"","100000007929197","EQU1","","",14.7005,,"",
"","100000007929260","EQU1","","",1.29865,,"",
"","100000007929297","EQU1","","",1.1954,,"",
"","100000007928029","EQU1","","",1.0711,,"",
"","100000007928047","EQU1","","",0.5073,,"",
"","100000007928090","EQU1","","",1.27505,,"",
"","100000007926257","EQU1","","",0.69205,,"",
"","100000007929353","EQU1","","",0.4729,,"",
"","100000007929388","EQU1","","",0.973,,"",
"","100000007929407","EQU1","","",0.4382,,"",
"","100000007929312","EQU1","","",0.8385,,"",
"","100000007929326","EQU1","","",0.67185,,"",
"","100000007927070","EQU1","","",1.3319,,"",
"","100000007928657","EQU1","","",1.0561,,"",
"","100000007928676","EQU1","","",0.97505,,"",
"","100000007928705","EQU1","","",1.0521,,"",
"","100000007928723","EQU1","","",0.9142,,"",
"","100000007928757","EQU1","","",0.8561,,"",
"","100000007928550","EQU1","","",5.3675,,"",
"","100000007928590","EQU1","","",10.7901,,"",
"","100000007927568","EQU1","","",1.6526,,"",
"","100000007927616","EQU1","","",1.36575,,"",
"","100000007927580","EQU1","","",1.91055,,"",
"","100000007927597","EQU1","","",1.7162,,"",
"","100000007929662","EQU1","","",2.10745,,"",
"","100000007995006","EQU1","","",30.0046,,"",
"","100000007995134","EQU1","","",36.3048,,"",
"","100000007965153","EQU1","","",6.48425,,"",
"","100000007965196","EQU1","","",6.92635,,"",
"","100000007979434","EQU1","","",4.66935,,"",
"","100000007979484","EQU1","","",4.5468,,"",
"","100000007981494","EQU1","","",5.3467,,"",
"","100000007981572","EQU1","","",5.6462,,"",
"","100000007981625","EQU1","","",6.0137,,"",
"","100000007966873","EQU1","","",7.68425,,"",
"","100000007966436","EQU1","","",8.53765,,"",
"","100000007966527","EQU1","","",7.3642,,"",
"","100000007966591","EQU1","","",10.243,,"",
"","100000007978976","EQU1","","",11.1416,,"",
"","100000007979598","EQU1","","",12.36455,,"",
"","100000007979623","EQU1","","",12.2533,,"",
"","100000007979674","EQU1","","",12.9829,,"",
"","100000007962461","EQU1","","",9.5056,,"",
"","100000007962523","EQU1","","",14.4455,,"",
"","100000007940109","EQU1","","",11.2956,,"",
"","100000007940018","EQU1","","",5.70055,,"",
"","100000007940029","EQU1","","",4.68215,,"",
"","100000007941246","EQU1","","",25.79655,,"",
"","100000007941367","EQU1","","",180.4511,,"",
"","100000007940756","EQU1","","",7.52785,,"",
"","100000007940820","EQU1","","",11.41425,,"",
"","100000007942662","EQU1","","",34.378,,"",
"","100000007943401","EQU1","","",3.54335,,"",
"","100000007943420","EQU1","","",6.41505,,"",
"","100000007938103","EQU1","","",145.993,,"",
"","100000008032287","EQU1","","",0.12725,,"",
"","100000008032505","EQU1","","",0.1103,,"",
"","100000008032675","EQU1","","",0.2321,,"",
"","100000008033115","EQU1","","",0.28335,,"",
"","100000008036328","EQU1","","",4.8171,,"",
"","100000008035421","EQU1","","",0.32295,,"",
"","100000008035962","EQU1","","",0.15925,,"",
"","100000008035883","EQU1","","",1.403,,"",
"","100000008036260","EQU1","","",0.1083,,"",
"","100000008035056","EQU1","","",0.42205,,"",
"","100000008035517","EQU1","","",1.7328,,"",
"","100000008028548","EQU1","","",14.6238,,"",
"","100000008028956","EQU1","","",6.04595,,"",
"","100000008028520","EQU1","","",4.01725,,"",
"","100000008028735","EQU1","","",4.5698,,"",
"","100000007934244","EQU1","","",0.69105,,"",
"","100000007932135","EQU1","","",0.49175,,"",
"","100000007932149","EQU1","","",0.7533,,"",
"","100000007932167","EQU1","","",0.61195,,"",
"","100000007932183","EQU1","","",0.6967,,"",
"","100000007932217","EQU1","","",0.8546,,"",
"","100000007937489","EQU1","","",3.8342,,"",
"","100000007937433","EQU1","","",7.2983,,"",
"","100000007937457","EQU1","","",10.3422,,"",
"","100000007937474","EQU1","","",10.17645,,"",
"","100000007934754","EQU1","","",0.7957,,"",
"","100000007934510","EQU1","","",0.71885,,"",
"","100000007934537","EQU1","","",0.57165,,"",
"","100000007934577","EQU1","","",0.70495,,"",
"","100000007932272","EQU1","","",0.204,,"",
"","100000007935304","EQU1","","",11.0273,,"",
"","100000007930192","EQU1","","",5.83,,"",
"","100000007930262","EQU1","","",5.30165,,"",
"","100000008008000","EQU1","","",5.45655,,"",
"","100000008006913","EQU1","","",5.14985,,"",
"","100000008007174","EQU1","","",4.9808,,"",
"","100000008000723","EQU1","","",5.4181,,"",
"","100000008000956","EQU1","","",4.0603,,"",
"","100000008001127","EQU1","","",4.54235,,"",
"","100000008000045","EQU1","","",9.48235,,"",
"","100000008000231","EQU1","","",4.47555,,"",
"","100000008000478","EQU1","","",4.4666,,"",
"","100000008000645","EQU1","","",11.511,,"",
"","100000008000139","EQU1","","",5.98125,,"",
"","100000008020199","EQU1","","",0.5409,,"",
"","100000008020429","EQU1","","",1.42765,,"",
"","100000008020602","EQU1","","",1.039,,"",
"","100000008019673","EQU1","","",1.34615,,"",
"","100000008020114","EQU1","","",0.57325,,"",
"","100000008020348","EQU1","","",0.90035,,"",
"","100000008020774","EQU1","","",1.5824,,"",
"","100000008019571","EQU1","","",1.0593,,"",
"","100000008004489","EQU1","","",0.3707,,"",
"","100000008001859","EQU1","","",4.74835,,"",
"","100000008002132","EQU1","","",4.869,,"",
"","100000008000511","EQU1","","",4.6599,,"",
"","100000007986187","EQU1","","",0.3354,,"",
"","100000007986344","EQU1","","",0.31035,,"",
"","100000007926457","EQU1","","",0.3102,,"",
"","100000007926495","EQU1","","",0.93505,,"",
"","100000007926536","EQU1","","",0.41385,,"",
"","100000007926068","EQU1","","",1.00235,,"",
"","100000007929426","EQU1","","",1.755,,"",
"","100000007929472","EQU1","","",1.9105,,"",
"","100000007929484","EQU1","","",1.7945,,"",
"","100000007929504","EQU1","","",2.01125,,"",
"","100000007929520","EQU1","","",2.1717,,"",
"","100000007929427","EQU1","","",2.175,,"",
"","100000007929465","EQU1","","",2.5872,,"",
"","100000007929486","EQU1","","",2.9072,,"",
"","100000007928419","EQU1","","",6.3836,,"",
"","100000007926589","EQU1","","",1.4333,,"",
"","100000007928646","EQU1","","",1.708,,"",
"","100000007929942","EQU1","","",1.4512,,"",
"","100000007929951","EQU1","","",1.48935,,"",
"","100000007929969","EQU1","","",1.4992,,"",
"","100000007929987","EQU1","","",1.4678,,"",
"","100000007929998","EQU1","","",1.5358,,"",
"","100000007930013","EQU1","","",1.16255,,"",
"","100000007930035","EQU1","","",1.1311,,"",
"","100000007930043","EQU1","","",1.1152,,"",
"","100000007928982","EQU1","","",2.83275,,"",
"","100000007928986","EQU1","","",2.3041,,"",
"","100000007927594","EQU1","","",1.27535,,"",
"","100000007927607","EQU1","","",1.27835,,"",
"","100000007927502","EQU1","","",1.46505,,"",
"","100000007927520","EQU1","","",3.02925,,"",
"","100000007927531","EQU1","","",2.8976,,"",
"","100000007927559","EQU1","","",2.9193,,"",
"","100000007925764","EQU1","","",1.972,,"",
"","100000007925661","EQU1","","",0.49315,,"",
"","100000007925689","EQU1","","",0.84025,,"",
"","100000007925683","EQU1","","",0.8984,,"",
"","100000007982300","EQU1","","",97.545,,"",
"","100000007982324","EQU1","","",23.64115,,"",
"","100000007982359","EQU1","","",232.23395,,"",
"","100000007969285","EQU1","","",36.83045,,"",
"","100000007969322","EQU1","","",75.62515,,"",
"","100000007969385","EQU1","","",52.8259,,"",
"","100000007969453","EQU1","","",18.4456,,"",
"","100000007969499","EQU1","","",15.1798,,"",
"","100000007969302","EQU1","","",117.2249,,"",
"","100000007969344","EQU1","","",25.327,,"",
"","100000007969407","EQU1","","",14.59025,,"",
"","100000007965091","EQU1","","",11.5728,,"",
"","100000007965132","EQU1","","",11.92145,,"",
"","100000007965197","EQU1","","",17.9787,,"",
"","100000007964978","EQU1","","",19.9656,,"",
"","100000007981471","EQU1","","",6.9321,,"",
"","100000007981547","EQU1","","",6.1678,,"",
"","100000007981600","EQU1","","",6.12615,,"",
"","100000007981445","EQU1","","",7.97465,,"",
"","100000007981521","EQU1","","",9.8901,,"",
"","100000007974458","EQU1","","",4.99845,,"",
"","100000007971277","EQU1","","",7.68235,,"",
"","100000007971377","EQU1","","",12.18405,,"",
"","100000007979675","EQU1","","",52.8946,,"",
"","100000007979838","EQU1","","",5.0323,,"",
"","100000007979521","EQU1","","",6.15205,,"",
"","100000007979573","EQU1","","",5.6225,,"",
"","100000007979624","EQU1","","",5.1266,,"",
"","100000007979699","EQU1","","",7.162,,"",
"","100000007979752","EQU1","","",6.54785,,"",
"","100000007979815","EQU1","","",6.92695,,"",
"","100000007979622","EQU1","","",7.9795,,"",
"","100000007975370","EQU1","","",4.3816,,"",
"","100000007975592","EQU1","","",0.97205,,"",
"","100000007975287","EQU1","","",1.41805,,"",
"","100000007968326","EQU1","","",48.3484,,"",
"","100000007968376","EQU1","","",225.74995,,"",
"","100000007968084","EQU1","","",64.63975,,"",
"","100000007968131","EQU1","","",48.9141,,"",
"","100000007943676","EQU1","","",3.70625,,"",
"","100000007943730","EQU1","","",3.3381,,"",
"","100000007940833","EQU1","","",12.03445,,"",
"","100000007937975","EQU1","","",334.65415,,"",
"","100000007937997","EQU1","","",298.04115,,"",
"","100000008035331","EQU1","","",0.31085,,"",
"","100000008029171","EQU1","","",7.5574,,"",
"","100000008028079","EQU1","","",4.6891,,"",
"","100000008028693","EQU1","","",8.9309,,"",
"","100000008036925","EQU1","","",0.4982,,"",
"","100000007934215","EQU1","","",1.05155,,"",
"","100000007934286","EQU1","","",0.5365,,"",
"","100000007934304","EQU1","","",0.29555,,"",
"","100000007934325","EQU1","","",0.282,,"",
"","100000007934222","EQU1","","",0.319,,"",
"","100000007933490","EQU1","","",3.4242,,"",
"","100000007933401","EQU1","","",3.98735,,"",
"","100000007933391","EQU1","","",2.1516,,"",
"","100000007934524","EQU1","","",0.3812,,"",
"","100000007934544","EQU1","","",0.3003,,"",
"","100000007934578","EQU1","","",0.2919,,"",
"","100000007934483","EQU1","","",0.40205,,"",
"","100000007934501","EQU1","","",0.42715,,"",
"","100000007934489","EQU1","","",0.38955,,"",
"","100000007934517","EQU1","","",0.4225,,"",
"","100000007934535","EQU1","","",0.307,,"",
"","100000007932281","EQU1","","",0.21725,,"",
"","100000007932298","EQU1","","",0.2961,,"",
"","100000007932307","EQU1","","",0.26255,,"",
"","100000007932314","EQU1","","",0.3487,,"",
"","100000008007524","EQU1","","",2.3587,,"",
"","100000008006824","EQU1","","",2.57835,,"",
"","100000008007005","EQU1","","",2.04145,,"",
"","100000008007441","EQU1","","",4.8026,,"",
"","100000008006825","EQU1","","",6.03195,,"",
"","100000008000561","EQU1","","",1.69445,,"",
"","100000008000799","EQU1","","",1.65955,,"",
"","100000008000957","EQU1","","",1.61085,,"",
"","100000008001210","EQU1","","",5.0707,,"",
"","100000008019859","EQU1","","",0.38345,,"",
"","100000008019950","EQU1","","",0.9979,,"",
"","100000008020200","EQU1","","",0.37195,,"",
"","100000008020349","EQU1","","",0.5641,,"",
"","100000008020775","EQU1","","",0.38425,,"",
"","100000008019572","EQU1","","",0.77985,,"",
"","100000008020201","EQU1","","",1.99495,,"",
"","100000008004414","EQU1","","",11.0521,,"",
"","100000007988935","EQU1","","",0.1612,,"",
"","100000007989050","EQU1","","",0.1383,,"",
"","100000007992722","EQU1","","",0.81535,,"",
"","100000007992755","EQU1","","",0.60545,,"",
"","100000007986397","EQU1","","",0.372,,"",
"","100000007986072","EQU1","","",0.4548,,"",
"","100000007927454","EQU1","","",1.1889,,"",
"","100000007927392","EQU1","","",0.94855,,"",
"","100000007927459","EQU1","","",0.823,,"",
"","100000007928442","EQU1","","",14.5138,,"",
"","100000007928458","EQU1","","",115.0306,,"",
"","100000007928475","EQU1","","",294.5921,,"",
"","100000007928508","EQU1","","",10.33805,,"",
"","100000007928395","EQU1","","",6.87595,,"",
"","100000007929843","EQU1","","",2.653,,"",
"","100000007928745","B4U1","","",0.544,,"",
"","100000007928766","B4U1","","",0.693142857,,"",
"","100000007928635","B4U1","","",0.719571429,,"",
"","100000007928658","B4U1","","",0.351571429,,"",
"","100000007928706","B4U1","","",0.705428571,,"",
"","100000007928733","B4U1","","",0.879714286,,"",
"","100000007928777","B4U1","","",0.351571429,,"",
"","100000007928807","B4U1","","",0.342571429,,"",
"","100000007928836","B4U1","","",0.363285714,,"",
"","100000007928856","B4U1","","",0.341,,"",
"","100000007928896","B4U1","","",0.377714286,,"",
"","100000007928920","B4U1","","",0.517571429,,"",
"","100000007928799","B4U1","","",0.429,,"",
"","100000007928829","B4U1","","",0.492285714,,"",
"","100000007928982","B4U1","","",0.605857143,,"",
"","100000007928986","B4U1","","",0.55,,"",
"","100000007929001","B4U1","","",0.6,,"",
"","100000007929019","B4U1","","",0.606,,"",
"","100000007929033","B4U1","","",0.55,,"",
"","100000007928946","B4U1","","",0.587857143,,"",
"","100000007928961","B4U1","","",0.585142857,,"",
"","100000007928980","B4U1","","",0.884857143,,"",
"","100000007928995","B4U1","","",0.901857143,,"",
"","100000007929013","B4U1","","",0.731285714,,"",
"","100000007929025","B4U1","","",0.428857143,,"",
"","100000007928708","B4U1","","",0.467142857,,"",
"","100000007928735","B4U1","","",0.367142857,,"",
"","100000007928759","B4U1","","",1.009714286,,"",
"","100000007928786","B4U1","","",0.371285714,,"",
"","100000007928993","B4U1","","",0.545428571,,"",
"","100000007929023","B4U1","","",0.551142857,,"",
"","100000007928967","B4U1","","",0.560714286,,"",
"","100000007929000","B4U1","","",0.573428571,,"",
"","100000007928851","B4U1","","",0.405857143,,"",
"","100000007928871","B4U1","","",0.361,,"",
"","100000007928888","B4U1","","",0.365714286,,"",
"","100000007928931","B4U1","","",0.330571429,,"",
"","100000007928821","B4U1","","",0.613428571,,"",
"","100000007928837","B4U1","","",0.371857143,,"",
"","100000007928864","B4U1","","",0.374857143,,"",
"","100000007928879","B4U1","","",0.378,,"",
"","100000007928904","B4U1","","",0.421142857,,"",
"","100000007928940","B4U1","","",0.978571429,,"",
"","100000007928971","B4U1","","",0.55,,"",
"","100000007929039","B4U1","","",0.55,,"",
"","100000007928972","B4U1","","",0.559714286,,"",
"","100000007928988","B4U1","","",0.466714286,,"",
"","100000007927540","B4U1","","",0.291714286,,"",
"","100000007927487","B4U1","","",0.279428571,,"",
"","100000007927568","B4U1","","",0.59,,"",
"","100000007927616","B4U1","","",0.495857143,,"",
"","100000007927159","B4U1","","",0.218428571,,"",
"","100000007927175","B4U1","","",0.122142857,,"",
"","100000007927199","B4U1","","",1.691,,"",
"","100000007927215","B4U1","","",0.188142857,,"",
"","100000007927359","B4U1","","",0.125857143,,"",
"","100000007927300","B4U1","","",0.189857143,,"",
"","100000007927172","B4U1","","",0.457142857,,"",
"","100000007927181","B4U1","","",0.117857143,,"",
"","100000007927210","B4U1","","",0.729142857,,"",
"","100000007927219","B4U1","","",0.075285714,,"",
"","100000007927123","B4U1","","",0.118428571,,"",
"","100000007927580","B4U1","","",0.715571429,,"",
"","100000007927597","B4U1","","",0.525571429,,"",
"","100000007927594","B4U1","","",0.333428571,,"",
"","100000007927607","B4U1","","",0.338285714,,"",
"","100000007927502","B4U1","","",0.409,,"",
"","100000007927520","B4U1","","",1.585571429,,"",
"","100000007927439","B4U1","","",0.210285714,,"",
"","100000007927139","B4U1","","",0.486285714,,"",
"","100000007927108","B4U1","","",0.489428571,,"",
"","100000007927124","B4U1","","",0.06,,"",
"","100000007927148","B4U1","","",0.626714286,,"",
"","100000007927194","B4U1","","",0.164428571,,"",
"","100000007925531","B4U1","","",0.055142857,,"",
"","100000007925547","B4U1","","",0.193285714,,"",
"","100000007925571","B4U1","","",0.147142857,,"",
"","100000007925587","B4U1","","",0.094571429,,"",
"","100000007926379","B4U1","","",0.416,,"",
"","100000007926386","B4U1","","",0.93,,"",
"","100000007928830","B4U1","","",0.516857143,,"",
"","100000007928857","B4U1","","",0.421142857,,"",
"","100000007928897","B4U1","","",0.342571429,,"",
"","100000007929594","B4U1","","",71.14571429,,"",
"","100000007926037","B4U1","","",0.214857143,,"",
"","100000007926055","B4U1","","",0.096428571,,"",
"","100000007926073","B4U1","","",0.058571429,,"",
"","100000007925986","B4U1","","",0.208,,"",
"","100000007925614","B4U1","","",0.199142857,,"",
"","100000007925520","B4U1","","",0.301285714,,"",
"","100000007925581","B4U1","","",0.243142857,,"",
"","100000007925512","B4U1","","",0.118714286,,"",
"","100000007926315","B4U1","","",0.912571429,,"",
"","100000007926309","B4U1","","",0.131714286,,"",
"","100000007926361","B4U1","","",0.022714286,,"",
"","100000007926277","B4U1","","",0.095571429,,"",
"","100000007926192","B4U1","","",0.129571429,,"",
"","100000007926041","B4U1","","",0.244714286,,"",
"","100000007925978","B4U1","","",0.212,,"",
"","100000007927886","B4U1","","",0.493714286,,"",
"","100000007927904","B4U1","","",18.88457143,,"",
"","100000007927969","B4U1","","",0.290571429,,"",
"","100000007927860","B4U1","","",1.670285714,,"",
"","100000007927876","B4U1","","",0.079,,"",
"","100000007928574","B4U1","","",3.52,,"",
"","100000007928517","B4U1","","",6.066,,"",
"","100000007928532","B4U1","","",5.404714286,,"",
"","100000007928129","B4U1","","",3.363428571,,"",
"","100000007928169","B4U1","","",5.365142857,,"",
"","100000007928192","B4U1","","",11.95714286,,"",
"","100000007928211","B4U1","","",11.95714286,,"",
"","100000007928808","B4U1","","",0.496142857,,"",
"","100000007927752","B4U1","","",2.887285714,,"",
"","100000007927764","B4U1","","",3.224142857,,"",
"","100000007927771","B4U1","","",3.117571429,,"",
"","100000007927784","B4U1","","",3.103571429,,"",
"","100000007927799","B4U1","","",3.348428571,,"",
"","100000007927805","B4U1","","",3.595571429,,"",
"","100000007927820","B4U1","","",3.563285714,,"",
"","100000007927725","B4U1","","",4.356,,"",
"","100000007927734","B4U1","","",4.208142857,,"",
"","100000007928535","B4U1","","",4.386,,"",
"","100000007928545","B4U1","","",4.505571429,,"",
"","100000007927918","B4U1","","",0.212714286,,"",
"","100000007927942","B4U1","","",2.514857143,,"",
"","100000007927844","B4U1","","",1.357714286,,"",
"","100000007927861","B4U1","","",1.357714286,,"",
"","100000007927887","B4U1","","",1.357714286,,"",
"","100000007927906","B4U1","","",2.336428571,,"",
"","100000007927772","B4U1","","",2.245142857,,"",
"","100000007927814","B4U1","","",1.098142857,,"",
"","100000007928569","B4U1","","",7.326857143,,"",
"","100000007928588","B4U1","","",7.331857143,,"",
"","100000007928601","B4U1","","",2.862285714,,"",
"","100000007928564","B4U1","","",0.54,,"",
"","100000007926276","B4U1","","",0.289142857,,"",
"","100000007926257","B4U1","","",0.084571429,,"",
"","100000007928583","B4U1","","",3.435428571,,"",
"","100000007928599","B4U1","","",3.432857143,,"",
"","100000007928560","B4U1","","",3.431285714,,"",
"","100000007928699","B4U1","","",0.369571429,,"",
"","100000007928748","B4U1","","",0.351571429,,"",
"","100000007928657","B4U1","","",0.351571429,,"",
"","100000007928676","B4U1","","",0.351571429,,"",
"","100000007928705","B4U1","","",0.351571429,,"",
"","100000007929024","B4U1","","",0.343,,"",
"","100000007928839","B4U1","","",1.698285714,,"",
"","100000007928874","B4U1","","",0.860285714,,"",
"","100000007928890","B4U1","","",0.337285714,,"",
"","100000007928812","B4U1","","",0.909571429,,"",
"","100000007928158","B4U1","","",3.233857143,,"",
"","100000007928119","B4U1","","",4.048,,"",
"","100000007928948","B4U1","","",0.476428571,,"",
"","100000007929002","B4U1","","",0.505142857,,"",
"","100000007928952","B4U1","","",0.530714286,,"",
"","100000007928723","B4U1","","",0.351571429,,"",
"","100000007928757","B4U1","","",0.229428571,,"",
"","100000007928646","B4U1","","",0.686142857,,"",
"","100000007928668","B4U1","","",0.702571429,,"",
"","100000007928698","B4U1","","",0.218285714,,"",
"","100000007928854","B4U1","","",0.922857143,,"",
"","100000007928866","B4U1","","",0.469571429,,"",
"","100000007928934","B4U1","","",1.101857143,,"",
"","100000007928813","B4U1","","",0.465142857,,"",
"","100000007928707","B4U1","","",1.028142857,,"",
"","100000007928969","B4U1","","",0.55,,"",
"","100000007926743","B4U1","","",0.308285714,,"",
"","100000007926767","B4U1","","",0.543142857,,"",
"","100000007927531","B4U1","","",1.330428571,,"",
"","100000007927559","B4U1","","",1.420428571,,"",
"","100000007927492","B4U1","","",0.415857143,,"",
"","100000007927475","B4U1","","",0.779285714,,"",
"","100000007927493","B4U1","","",0.812,,"",
"","100000007927476","B4U1","","",0.245285714,,"",
"","100000007927454","B4U1","","",0.223142857,,"",
"","100000007927496","B4U1","","",0.609857143,,"",
"","100000007925764","B4U1","","",0.654285714,,"",
"","100000007925661","B4U1","","",0.112142857,,"",
"","100000007925689","B4U1","","",0.172285714,,"",
"","100000007925683","B4U1","","",0.188428571,,"",
"","100000007927512","B4U1","","",0.162285714,,"",
"","100000007927542","B4U1","","",0.761857143,,"",
"","100000007927599","B4U1","","",0.265857143,,"",
"","100000007927466","B4U1","","",0.763714286,,"",
"","100000007927392","B4U1","","",0.181,,"",
"","100000007927459","B4U1","","",0.208714286,,"",
"","100000007927364","B4U1","","",0.185142857,,"",
"","100000007927385","B4U1","","",0.120142857,,"",
"","100000007927408","B4U1","","",0.134142857,,"",
"","100000007927427","B4U1","","",0.103428571,,"",
"","100000007927187","B4U1","","",0.920714286,,"",
"","100000007927128","B4U1","","",0.828714286,,"",
"","100000007927146","B4U1","","",0.675428571,,"",
"","100000007927162","B4U1","","",1.057857143,,"",
"","100000007927189","B4U1","","",0.308428571,,"",
"","100000007927196","B4U1","","",0.302285714,,"",
"","100000007927209","B4U1","","",0.353571429,,"",
"","100000007927106","B4U1","","",0.362428571,,"",
"","100000007925592","B4U1","","",0.710428571,,"",
"","100000007925552","B4U1","","",0.044857143,,"",
"","100000007926394","B4U1","","",0.123142857,,"",
"","100000007926304","B4U1","","",0.101142857,,"",
"","100000007926321","B4U1","","",0.104857143,,"",
"","100000007926536","B4U1","","",0.116428571,,"",
"","100000007926068","B4U1","","",0.271571429,,"",
"","100000007926076","B4U1","","",0.091428571,,"",
"","100000007925974","B4U1","","",0.1,,"",
"","100000007926525","B4U1","","",0.136428571,,"",
"","100000007926494","B4U1","","",0.231714286,,"",
"","100000007926457","B4U1","","",0.071714286,,"",
"","100000007926495","B4U1","","",0.274142857,,"",
"","100000007926299","B4U1","","",0.113571429,,"",
"","100000007926284","B4U1","","",0.267428571,,"",
"","100000007926029","B4U1","","",0.097285714,,"",
"","100000007926054","B4U1","","",0.118714286,,"",
"","100000007926094","B4U1","","",0.101,,"",
"","100000007925981","B4U1","","",0.133,,"",
"","100000007926046","B4U1","","",0.140571429,,"",
"","100000007926085","B4U1","","",0.254142857,,"",
"","100000007927773","B4U1","","",1.589142857,,"",
"","100000007927821","B4U1","","",8.717142857,,"",
"","100000007927747","B4U1","","",0.601857143,,"",
"","100000007927766","B4U1","","",3.116571429,,"",
"","100000007927780","B4U1","","",2.036571429,,"",
"","100000007928550","B4U1","","",1.606285714,,"",
"","100000007928590","B4U1","","",2.669142857,,"",
"","100000007927754","B4U1","","",1.665714286,,"",
"","100000007927767","B4U1","","",1.602857143,,"",
"","100000007927787","B4U1","","",1.602857143,,"",
"","100000007927777","B4U1","","",2.052285714,,"",
"","100000007927789","B4U1","","",1.885571429,,"",
"","100000007927810","B4U1","","",1.98,,"",
"","100000007927822","B4U1","","",2.387,,"",
"","100000007927726","B4U1","","",1.697142857,,"",
"","100000007927748","B4U1","","",1.425571429,,"",
"","100000007927760","B4U1","","",0.792142857,,"",
"","100000007927781","B4U1","","",0.792142857,,"",
"","100000007927795","B4U1","","",0.792142857,,"",
"","100000007927732","B4U1","","",2.390285714,,"",
"","100000007927724","B4U1","","",2.099571429,,"",
"","100000007927744","B4U1","","",2.111714286,,"",
"","100000007927759","B4U1","","",2.805428571,,"",
"","100000007927792","B4U1","","",2.474857143,,"",
"","100000007927813","B4U1","","",2.267428571,,"",
"","100000007927733","B4U1","","",2.916285714,,"",
"","100000007927745","B4U1","","",2.846285714,,"",
"","100000007977911","B4U1","","",64.07985714,,"",
"","100000007978179","B4U1","","",28.88714286,,"",
"","100000007978023","B4U1","","",14.78114286,,"",
"","100000007980150","B4U1","","",26.89614286,,"",
"","100000007980214","B4U1","","",26.15142857,,"",
"","100000007979910","B4U1","","",20.65885714,,"",
"","100000007979977","B4U1","","",22.51242857,,"",
"","100000007980086","B4U1","","",28.49114286,,"",
"","100000007980190","B4U1","","",19.18071429,,"",
"","100000007979888","B4U1","","",19.16414286,,"",
"","100000007979954","B4U1","","",11.53485714,,"",
"","100000007980000","B4U1","","",14.64742857,,"",
"","100000007927972","B4U1","","",0.128142857,,"",
"","100000007928056","B4U1","","",0.096142857,,"",
"","100000007928008","B4U1","","",0.090428571,,"",
"","100000007928050","B4U1","","",0.061142857,,"",
"","100000007928074","B4U1","","",0.347285714,,"",
"","100000007928093","B4U1","","",0.063142857,,"",
"","100000007926768","B4U1","","",0.438857143,,"",
"","100000007926784","B4U1","","",0.120285714,,"",
"","100000007926760","B4U1","","",0.385714286,,"",
"","100000007977982","B4U1","","",5.419857143,,"",
"","100000007928395","B4U1","","",4.483857143,,"",
"","100000007928478","B4U1","","",6.258857143,,"",
"","100000007928299","B4U1","","",50.18914286,,"",
"","100000007928315","B4U1","","",50.18914286,,"",
"","100000007928340","B4U1","","",55.20342857,,"",
"","100000007982840","B4U1","","",15.552,,"",
"","100000007982869","B4U1","","",25.812,,"",
"","100000007982648","B4U1","","",151.5888571,,"",
"","100000007982697","B4U1","","",162.0158571,,"",
"","100000007982779","B4U1","","",141.9765714,,"",
"","100000007929511","B4U1","","",13.19142857,,"",
"","100000007929531","B4U1","","",0.518714286,,"",
"","100000007929426","B4U1","","",0.501571429,,"",
"","100000007929472","B4U1","","",0.571571429,,"",
"","100000007929484","B4U1","","",0.592142857,,"",
"","100000007929504","B4U1","","",0.591,,"",
"","100000007929520","B4U1","","",0.627857143,,"",
"","100000007929427","B4U1","","",0.662,,"",
"","100000007929465","B4U1","","",0.704,,"",
"","100000007929486","B4U1","","",0.968142857,,"",
"","100000007925668","B4U1","","",0.292714286,,"",
"","100000007925713","B4U1","","",0.151,,"",
"","100000007925734","B4U1","","",0.251714286,,"",
"","100000007925669","B4U1","","",0.115714286,,"",
"","100000007925688","B4U1","","",0.079714286,,"",
"","100000007925714","B4U1","","",0.219428571,,"",
"","100000007929455","B4U1","","",0.972571429,,"",
"","100000007929469","B4U1","","",0.817714286,,"",
"","100000007925651","B4U1","","",0.099,,"",
"","100000007971124","B4U1","","",0.54,,"",
"","100000007971196","B4U1","","",0.648,,"",
"","100000007973222","B4U1","","",1.527428571,,"",
"","100000007971946","B4U1","","",1.944,,"",
"","100000007927635","B4U1","","",0.095714286,,"",
"","100000007927667","B4U1","","",0.121857143,,"",
"","100000007927699","B4U1","","",0.232285714,,"",
"","100000007970926","B4U1","","",0.678857143,,"",
"","100000007970970","B4U1","","",0.814857143,,"",
"","100000007973099","B4U1","","",1.141714286,,"",
"","100000007973267","B4U1","","",1.006,,"",
"","100000007973342","B4U1","","",1.098428571,,"",
"","100000007972124","B4U1","","",2.995142857,,"",
"","100000007972172","B4U1","","",2.638285714,,"",
"","100000007971947","B4U1","","",4.792142857,,"",
"","100000007971997","B4U1","","",1.826571429,,"",
"","100000007972024","B4U1","","",7.284571429,,"",
"","100000007972071","B4U1","","",0.860428571,,"",
"","100000007972107","B4U1","","",0.956571429,,"",
"","100000007972157","B4U1","","",5.118428571,,"",
"","100000007925413","B4U1","","",0.089571429,,"",
"","100000007925383","B4U1","","",0.640285714,,"",
"","100000007925405","B4U1","","",0.386857143,,"",
"","100000007927704","B4U1","","",0.496857143,,"",
"","100000007978004","B4U1","","",6.153857143,,"",
"","100000007978052","B4U1","","",5.118714286,,"",
"","100000007978095","B4U1","","",9.136571429,,"",
"","100000007977892","B4U1","","",7.262142857,,"",
"","100000007977942","B4U1","","",7.159428571,,"",
"","100000007978005","B4U1","","",8.979142857,,"",
"","100000007926941","B4U1","","",0.728428571,,"",
"","100000007926954","B4U1","","",0.111857143,,"",
"","100000007926975","B4U1","","",0.782428571,,"",
"","100000007926870","B4U1","","",0.485714286,,"",
"","100000007927668","B4U1","","",0.202571429,,"",
"","100000007927650","B4U1","","",0.262,,"",
"","100000007929112","B4U1","","",93.23657143,,"",
"","100000007978053","B4U1","","",9.028,,"",
"","100000007978120","B4U1","","",10.26514286,,"",
"","100000007978160","B4U1","","",10.391,,"",
"","100000007978117","B4U1","","",18.04714286,,"",
"","100000007978158","B4U1","","",16.76185714,,"",
"","100000007977863","B4U1","","",17.88442857,,"",
"","100000007926938","B4U1","","",0.352285714,,"",
"","100000007927713","B4U1","","",0.321142857,,"",
"","100000007929116","B4U1","","",12.957,,"",
"","100000007929061","B4U1","","",5.724,,"",
"","100000007929076","B4U1","","",5.554285714,,"",
"","100000007928419","B4U1","","",3.983142857,,"",
"","100000007928442","B4U1","","",8.821285714,,"",
"","100000007928458","B4U1","","",51.624,,"",
"","100000007928475","B4U1","","",52.56514286,,"",
"","100000007928508","B4U1","","",4.270571429,,"",
"","100000007928325","B4U1","","",5.242714286,,"",
"","100000007928331","B4U1","","",27.15428571,,"",
"","100000007929151","B4U1","","",4.242857143,,"",
"","100000007929104","B4U1","","",16.89428571,,"",
"","100000007929186","B4U1","","",0.398142857,,"",
"","100000007929177","B4U1","","",0.677857143,,"",
"","100000007929461","B4U1","","",0.662,,"",
"","100000007929519","B4U1","","",0.803,,"",
"","100000007926883","B4U1","","",0.324714286,,"",
"","100000007926858","B4U1","","",0.308142857,,"",
"","100000007929530","B4U1","","",0.822,,"",
"","100000007929446","B4U1","","",1.178714286,,"",
"","100000007929462","B4U1","","",0.500714286,,"",
"","100000007929477","B4U1","","",0.833142857,,"",
"","100000007926942","B4U1","","",0.651,,"",
"","100000007971377","B4U1","","",2.988571429,,"",
"","100000007971574","B4U1","","",0.339428571,,"",
"","100000007971281","B4U1","","",0.447428571,,"",
"","100000007971316","B4U1","","",0.416571429,,"",
"","100000007971010","B4U1","","",0.632571429,,"",
"","100000007973127","B4U1","","",2.329714286,,"",
"","100000007973196","B4U1","","",3.332571429,,"",
"","100000007973038","B4U1","","",5.419,,"",
"","100000007925964","B4U1","","",0.294571429,,"",
"","100000007925847","B4U1","","",0.130142857,,"",
"","100000007925837","B4U1","","",0.309857143,,"",
"","100000007925499","B4U1","","",0.091428571,,"",
"","100000007925427","B4U1","","",0.377285714,,"",
"","100000007925463","B4U1","","",0.273,,"",
"","100000007970985","B4U1","","",1.465714286,,"",
"","100000007971049","B4U1","","",1.944,,"",
"","100000007971172","B4U1","","",2.147428571,,"",
"","100000007970925","B4U1","","",2.854285714,,"",
"","100000007973070","B4U1","","",0.817714286,,"",
"","100000007973151","B4U1","","",1.08,,"",
"","100000007925492","B4U1","","",0.166857143,,"",
"","100000007925407","B4U1","","",0.110285714,,"",
"","100000007925789","B4U1","","",0.095428571,,"",
"","100000007978047","B4U1","","",31.94942857,,"",
"","100000007978072","B4U1","","",20.10942857,,"",
"","100000007977854","B4U1","","",46.78871429,,"",
"","100000007977920","B4U1","","",17.94757143,,"",
"","100000007978028","B4U1","","",12.85685714,,"",
"","100000007978094","B4U1","","",12.49185714,,"",
"","100000007978181","B4U1","","",36.08157143,,"",
"","100000007977864","B4U1","","",73.04614286,,"",
"","100000007979953","B4U1","","",24.43785714,,"",
"","100000007979999","B4U1","","",26.00285714,,"",
"","100000007980064","B4U1","","",20.595,,"",
"","100000007980109","B4U1","","",25.46571429,,"",
"","100000007928029","B4U1","","",0.258285714,,"",
"","100000007928047","B4U1","","",0.114285714,,"",
"","100000007928090","B4U1","","",0.359428571,,"",
"","100000007928063","B4U1","","",0.140428571,,"",
"","100000007927638","B4U1","","",0.044,,"",
"","100000007927701","B4U1","","",0.083571429,,"",
"","100000007927642","B4U1","","",0.172857143,,"",
"","100000007927664","B4U1","","",0.084714286,,"",
"","100000007952799","FHS1","","",1.9577,,"",
"","100000007952300","FHS1","","",2.1755,,"",
"","100000007952324","FHS1","","",2.8449,,"",
"","100000007953406","FHS1","","",13.4608,,"",
"","100000007953427","FHS1","","",0.3462,,"",
"","100000007953335","FHS1","","",0.5845,,"",
"","100000007949971","FHS1","","",0.1461,,"",
"","100000007950020","FHS1","","",0.0788,,"",
"","100000007950067","FHS1","","",0.187,,"",
"","100000007950096","FHS1","","",0.1972,,"",
"","100000007949923","FHS1","","",0.2477,,"",
"","100000007946587","FHS1","","",1.1753,,"",
"","100000007946604","FHS1","","",1.7993,,"",
"","100000007946498","FHS1","","",1.9307,,"",
"","100000007946538","FHS1","","",2.1935,,"",
"","100000007944783","FHS1","","",6.0735,,"",
"","100000007944754","FHS1","","",0.2442,,"",
"","100000007944664","FHS1","","",0.3181,,"",
"","100000007944681","FHS1","","",0.2791,,"",
"","100000007934828","FHS1","","",0.107,,"",
"","100000007943735","FHS1","","",0.6751,,"",
"","100000007943650","FHS1","","",0.9719,,"",
"","100000007943657","FHS1","","",1.0375,,"",
"","100000007934725","FHS1","","",0.1025,,"",
"","100000007934767","FHS1","","",0.1194,,"",
"","100000007934785","FHS1","","",0.0591,,"",
"","100000007932727","FHS1","","",0.3138,,"",
"","100000007952905","FHS1","","",1.5549,,"",
"","100000007940579","FHS1","","",2.7579,,"",
"","100000007940602","FHS1","","",2.9462,,"",
"","100000007940630","FHS1","","",3.1804,,"",
"","100000007940652","FHS1","","",3.5742,,"",
"","100000007940683","FHS1","","",4.2466,,"",
"","100000007940703","FHS1","","",4.9906,,"",
"","100000007940568","FHS1","","",5.5549,,"",
"","100000007940443","FHS1","","",2.0002,,"",
"","100000007940515","FHS1","","",1.1521,,"",
"","100000007940539","FHS1","","",1.1936,,"",
"","100000007940402","FHS1","","",1.2947,,"",
"","100000007940422","FHS1","","",1.4934,,"",
"","100000007940452","FHS1","","",1.4872,,"",
"","100000007940505","FHS1","","",1.6942,,"",
"","100000007952843","FHS1","","",1.5975,,"",
"","100000007953349","FHS1","","",0.3625,,"",
"","100000007953343","FHS1","","",0.3379,,"",
"","100000007953626","FHS1","","",0.6804,,"",
"","100000007953655","FHS1","","",0.7426,,"",
"","100000007953669","FHS1","","",0.9025,,"",
"","100000007953697","FHS1","","",0.8232,,"",
"","100000007953600","FHS1","","",1.0636,,"",
"","100000007953627","FHS1","","",1.2538,,"",
"","100000007950763","FHS1","","",5.0339,,"",
"","100000007952336","FHS1","","",3.07,,"",
"","100000007952360","FHS1","","",3.3857,,"",
"","100000007952372","FHS1","","",3.6279,,"",
"","100000007952397","FHS1","","",4.6092,,"",
"","100000007952301","FHS1","","",5.4455,,"",
"","100000007952337","FHS1","","",6.2732,,"",
"","100000007952367","FHS1","","",7.5342,,"",
"","100000007952389","FHS1","","",0.3443,,"",
"","100000007949959","FHS1","","",0.1947,,"",
"","100000007950021","FHS1","","",0.2628,,"",
"","100000007950052","FHS1","","",0.3318,,"",
"","100000007949947","FHS1","","",0.1153,,"",
"","100000007946530","FHS1","","",3.3937,,"",
"","100000007946547","FHS1","","",3.9858,,"",
"","100000007946475","FHS1","","",4.5021,,"",
"","100000007946478","FHS1","","",5.7532,,"",
"","100000007943631","FHS1","","",0.5961,,"",
"","100000007944722","FHS1","","",0.384,,"",
"","100000007944746","FHS1","","",0.4247,,"",
"","100000007944658","FHS1","","",0.5135,,"",
"","100000007944684","FHS1","","",0.4726,,"",
"","100000007935603","FHS1","","",0.0802,,"",
"","100000007935494","FHS1","","",0.1219,,"",
"","100000007935534","FHS1","","",0.0423,,"",
"","100000007941656","FHS1","","",6.057,,"",
"","100000007941681","FHS1","","",7.1642,,"",
"","100000007941583","FHS1","","",8.0962,,"",
"","100000007941623","FHS1","","",0.2213,,"",
"","100000007951717","FHS1","","",1.2772,,"",
"","100000007951754","FHS1","","",1.4667,,"",
"","100000007932763","FHS1","","",0.2717,,"",
"","100000007932799","FHS1","","",0.2557,,"",
"","100000007952865","FHS1","","",2.4742,,"",
"","100000007952880","FHS1","","",2.6738,,"",
"","100000007953687","FHS1","","",0.2809,,"",
"","100000007953715","FHS1","","",1.4108,,"",
"","100000007952295","FHS1","","",0.4404,,"",
"","100000007952318","FHS1","","",0.3847,,"",
"","100000007952338","FHS1","","",0.4951,,"",
"","100000007952351","FHS1","","",0.4957,,"",
"","100000007952373","FHS1","","",0.7504,,"",
"","100000007949995","FHS1","","",0.3681,,"",
"","100000007950633","FHS1","","",5.8819,,"",
"","100000007950654","FHS1","","",5.3182,,"",
"","100000007950632","FHS1","","",6.7704,,"",
"","100000007950662","FHS1","","",7.86,,"",
"","100000007950682","FHS1","","",8.6437,,"",
"","100000007950713","FHS1","","",9.4609,,"",
"","100000007940158","FHS1","","",0.173,,"",
"","100000007940185","FHS1","","",0.18,,"",
"","100000007940223","FHS1","","",0.1851,,"",
"","100000007940117","FHS1","","",0.1977,,"",
"","100000007940142","FHS1","","",0.21,,"",
"","100000007940167","FHS1","","",0.23,,"",
"","100000007939142","FHS1","","",0.7383,,"",
"","100000007939180","FHS1","","",0.8523,,"",
"","100000007939111","FHS1","","",0.9883,,"",
"","100000007946543","FHS1","","",6.6384,,"",
"","100000007946559","FHS1","","",7.2542,,"",
"","100000007946583","FHS1","","",7.8695,,"",
"","100000007946599","FHS1","","",8.6635,,"",
"","100000007946495","FHS1","","",9.2823,,"",
"","100000007946520","FHS1","","",11.5184,,"",
"","100000007946534","FHS1","","",11.8875,,"",
"","100000007944699","FHS1","","",0.5632,,"",
"","100000007944724","FHS1","","",0.604,,"",
"","100000007944673","FHS1","","",0.216,,"",
"","100000007935587","FHS1","","",0.0617,,"",
"","100000007935535","FHS1","","",0.0515,,"",
"","100000007933873","FHS1","","",0.1517,,"",
"","100000007941633","FHS1","","",0.3604,,"",
"","100000007941657","FHS1","","",0.3964,,"",
"","100000007941674","FHS1","","",0.443,,"",
"","100000007950762","FHS1","","",11.2774,,"",
"","100000007950780","FHS1","","",12.1123,,"",
"","100000007940233","FHS1","","",0.1567,,"",
"","100000007940118","FHS1","","",0.1668,,"",
"","100000007940153","FHS1","","",0.1879,,"",
"","100000007952325","FHS1","","",0.8747,,"",
"","100000007952339","FHS1","","",0.9989,,"",
"","100000007950035","FHS1","","",0.52,,"",
"","100000007950105","FHS1","","",16.5632,,"",
"","100000007949934","FHS1","","",0.5758,,"",
"","100000007949957","FHS1","","",0.9312,,"",
"","100000007939149","FHS1","","",1.1126,,"",
"","100000007940168","FHS1","","",0.1978,,"",
"","100000007946575","FHS1","","",13.2968,,"",
"","100000007944748","FHS1","","",0.1923,,"",
"","100000007944633","FHS1","","",0.2446,,"",
"","100000007944659","FHS1","","",0.2414,,"",
"","100000007944674","FHS1","","",0.1605,,"",
"","100000007946485","FHS1","","",13.9937,,"",
"","100000007943602","FHS1","","",6.3911,,"",
"","100000007943532","FHS1","","",0.4777,,"",
"","100000007935553","FHS1","","",0.046,,"",
"","100000007935605","FHS1","","",0.0715,,"",
"","100000007935519","FHS1","","",0.0849,,"",
"","100000007935545","FHS1","","",0.1528,,"",
"","100000007935570","FHS1","","",0.1525,,"",
"","100000007935588","FHS1","","",0.0549,,"",
"","100000007941565","FHS1","","",0.4998,,"",
"","100000007941584","FHS1","","",0.5487,,"",
"","100000007941608","FHS1","","",0.6075,,"",
"","100000007941650","FHS1","","",0.7211,,"",
"","100000007941634","FHS1","","",1.5762,,"",
"","100000007941658","FHS1","","",1.4558,,"",
"","100000007953666","FHS1","","",0.2421,,"",
"","100000007953695","FHS1","","",0.4119,,"",
"","100000007953711","FHS1","","",0.3481,,"",
"","100000007953597","FHS1","","",0.2057,,"",
"","100000007953620","FHS1","","",0.4842,,"",
"","100000007953645","FHS1","","",0.3915,,"",
"","100000007953667","FHS1","","",0.6391,,"",
"","100000007951338","FHS1","","",4.2143,,"",
"","100000007952202","FHS1","","",5.2334,,"",
"","100000007952303","FHS1","","",1.1183,,"",
"","100000007952340","FHS1","","",1.8372,,"",
"","100000007949993","FHS1","","",1.0746,,"",
"","100000007950065","FHS1","","",0.8265,,"",
"","100000007950106","FHS1","","",1.2421,,"",
"","100000007949920","FHS1","","",1.0089,,"",
"","100000007940206","FHS1","","",0.2058,,"",
"","100000007940224","FHS1","","",0.2261,,"",
"","100000007940201","FHS1","","",0.4047,,"",
"","100000007940131","FHS1","","",0.1481,,"",
"","100000007940171","FHS1","","",0.1519,,"",
"","100000007937159","FHS1","","",0.1719,,"",
"","100000007946576","FHS1","","",5.6011,,"",
"","100000007946486","FHS1","","",6.6068,,"",
"","100000007945519","FHS1","","",0.2751,,"",
"","100000007945427","FHS1","","",0.374,,"",
"","100000007945448","FHS1","","",0.447,,"",
"","100000007945459","FHS1","","",0.4119,,"",
"","100000007945482","FHS1","","",0.9353,,"",
"","100000007945493","FHS1","","",0.5396,,"",
"","100000007945441","FHS1","","",0.1711,,"",
"","100000007935495","FHS1","","",0.1183,,"",
"","100000007935524","FHS1","","",0.1898,,"",
"","100000007935501","FHS1","","",0.0766,,"",
"","100000007935517","FHS1","","",0.057,,"",
"","100000007935568","FHS1","","",0.0604,,"",
"","100000007943546","FHS1","","",0.5379,,"",
"","100000007943570","FHS1","","",0.4989,,"",
"","100000007933744","FHS1","","",0.3006,,"",
"","100000007941675","FHS1","","",2.0828,,"",
"","100000007941227","FHS1","","",0.4179,,"",
"","100000007941122","FHS1","","",0.4217,,"",
"","100000007941140","FHS1","","",0.4626,,"",
"","100000007941162","FHS1","","",0.4921,,"",
"","100000007941177","FHS1","","",0.5258,,"",
"","100000007941203","FHS1","","",0.5606,,"",
"","100000007941218","FHS1","","",0.6149,,"",
"","100000007941114","FHS1","","",0.6419,,"",
"","100000007943073","FHS1","","",0.1685,,"",
"","100000007953598","FHS1","","",0.7453,,"",
"","100000007952281","FHS1","","",6.1428,,"",
"","100000007952156","FHS1","","",6.8221,,"",
"","100000007952169","FHS1","","",7.8658,,"",
"","100000007952212","FHS1","","",9.7836,,"",
"","100000007952241","FHS1","","",10.7666,,"",
"","100000007952633","FHS1","","",12.9055,,"",
"","100000007952573","FHS1","","",3.2285,,"",
"","100000007952588","FHS1","","",3.7917,,"",
"","100000007953472","FHS1","","",0.2172,,"",
"","100000007950934","FHS1","","",0.6172,,"",
"","100000007940215","FHS1","","",0.1605,,"",
"","100000007940101","FHS1","","",0.1732,,"",
"","100000007940132","FHS1","","",0.1768,,"",
"","100000007940172","FHS1","","",0.1925,,"",
"","100000007940189","FHS1","","",0.21,,"",
"","100000007940216","FHS1","","",0.2312,,"",
"","100000007940238","FHS1","","",0.3058,,"",
"","100000007940122","FHS1","","",0.3325,,"",
"","100000007950018","FHS1","","",1.1198,,"",
"","100000007950066","FHS1","","",1.8896,,"",
"","100000007950093","FHS1","","",2.0367,,"",
"","100000007949921","FHS1","","",2.2484,,"",
"","100000007949945","FHS1","","",2.4074,,"",
"","100000007939118","FHS1","","",1.2885,,"",
"","100000007945466","FHS1","","",0.904,,"",
"","100000007945483","FHS1","","",0.9872,,"",
"","100000007945500","FHS1","","",0.9044,,"",
"","100000007945516","FHS1","","",1.0804,,"",
"","100000007945428","FHS1","","",1.1828,,"",
"","100000007935477","FHS1","","",0.1696,,"",
"","100000007935502","FHS1","","",0.1972,,"",
"","100000007935544","FHS1","","",0.097,,"",
"","100000007943586","FHS1","","",0.3974,,"",
"","100000007943609","FHS1","","",0.6507,,"",
"","100000007943507","FHS1","","",0.8242,,"",
"","100000007943571","FHS1","","",0.9116,,"",
"","100000007941130","FHS1","","",0.6894,,"",
"","100000007941154","FHS1","","",0.7249,,"",
"","100000007943852","FHS1","","",0.1732,,"",
"","100000007943872","FHS1","","",0.1904,,"",
"","100000007943905","FHS1","","",0.1847,,"",
"","100000007943812","FHS1","","",0.3136,,"",
"","100000007952273","FHS1","","",11.5319,,"",
"","100000007952158","FHS1","","",13.3887,,"",
"","100000007952203","FHS1","","",15.5196,,"",
"","100000007953453","FHS1","","",0.2391,,"",
"","100000007953560","FHS1","","",1.9313,,"",
"","100000007950949","FHS1","","",0.8358,,"",
"","100000007950970","FHS1","","",0.7205,,"",
"","100000007951008","FHS1","","",0.9507,,"",
"","100000007951023","FHS1","","",1.066,,"",
"","100000007940114","FHS1","","",0.336,,"",
"","100000007952649","FHS1","","",3.9589,,"",
"","100000007952550","FHS1","","",5.4738,,"",
"","100000007952604","FHS1","","",6.3153,,"",
"","100000007952626","FHS1","","",6.9021,,"",
"","100000007952641","FHS1","","",7.4868,,"",
"","100000007952665","FHS1","","",8.2421,,"",
"","100000007952564","FHS1","","",8.8306,,"",
"","100000007949559","FHS1","","",0.2223,,"",
"","100000007949582","FHS1","","",0.354,,"",
"","100000007949601","FHS1","","",0.2744,,"",
"","100000007940124","FHS1","","",0.4154,,"",
"","100000007945442","FHS1","","",1.3721,,"",
"","100000007946054","FHS1","","",9.4495,,"",
"","100000007946147","FHS1","","",15.2833,,"",
"","100000007943587","FHS1","","",0.8342,,"",
"","100000007943541","FHS1","","",1.1496,,"",
"","100000007943588","FHS1","","",1.3935,,"",
"","100000007945460","FHS1","","",1.2925,,"",
"","100000007935576","FHS1","","",0.1302,,"",
"","100000007935600","FHS1","","",0.2274,,"",
"","100000007935160","FHS1","","",0.0849,,"",
"","100000007935180","FHS1","","",0.0726,,"",
"","100000007942410","FHS1","","",1.6706,,"",
"","100000007943813","FHS1","","",0.1508,,"",
"","100000007953481","FHS1","","",2.1338,,"",
"","100000007953507","FHS1","","",2.3572,,"",
"","100000007953532","FHS1","","",2.8017,,"",
"","100000007953467","FHS1","","",3.247,,"",
"","100000007953482","FHS1","","",3.6923,,"",
"","100000007951867","FHS1","","",14.1513,,"",
"","100000007952595","FHS1","","",11.3096,,"",
"","100000007952634","FHS1","","",12.6508,,"",
"","100000007952551","FHS1","","",12.3302,,"",
"","100000007949515","FHS1","","",0.4274,,"",
"","100000007940177","FHS1","","",0.4226,,"",
"","100000007939944","FHS1","","",0.4286,,"",
"","100000007949534","FHS1","","",0.5081,,"",
"","100000007945475","FHS1","","",1.7161,,"",
"","100000007945494","FHS1","","",1.8328,,"",
"","100000007945508","FHS1","","",2.0844,,"",
"","100000007945431","FHS1","","",2.3167,,"",
"","100000007942467","FHS1","","",2.0681,,"",
"","100000007942478","FHS1","","",2.4664,,"",
"","100000007943624","FHS1","","",1.5844,,"",
"","100000007944491","FHS1","","",0.0982,,"",
"","100000007925719","FOS1","","",30.39056972,,"",
"","100000007925758","FOS1","","",35.46821627,,"",
"","100000007913576","FOS1","","",12.88974049,,"",
"","100000007913603","FOS1","","",8.42379306,,"",
"","100000007913493","FOS1","","",10.85733328,,"",
"","100000007913546","FOS1","","",72.85524585,,"",
"","100000007913468","FOS1","","",101.3831409,,"",
"","100000007914371","FOS1","","",107.8018891,,"",
"","100000007914385","FOS1","","",36.13284185,,"",
"","100000007914318","FOS1","","",101.0855167,,"",
"","100000007914282","FOS1","","",66.60678708,,"",
"","100000007914330","FOS1","","",60.61599383,,"",
"","100000007913885","FOS1","","",9.78764527,,"",
"","100000007914033","FOS1","","",12.80951389,,"",
"","100000007914049","FOS1","","",12.80951389,,"",
"","100000007913999","FOS1","","",11.97143952,,"",
"","100000007914024","FOS1","","",11.97143952,,"",
"","100000007914050","FOS1","","",11.97143952,,"",
"","100000007914064","FOS1","","",4.653142833,,"",
"","100000007914867","FOS1","","",33.70148795,,"",
"","100000007925646","FOS1","","",49.98483194,,"",
"","100000007925721","FOS1","","",43.33201409,,"",
"","100000007926662","FOS1","","",26.05499329,,"",
"","100000007913625","FOS1","","",32.22589572,,"",
"","100000007913649","FOS1","","",35.80863212,,"",
"","100000007913681","FOS1","","",95.00014715,,"",
"","100000007913691","FOS1","","",0.271809664,,"",
"","100000007913577","FOS1","","",1.525639928,,"",
"","100000007914785","FOS1","","",15.05815522,,"",
"","100000007913474","FOS1","","",94.46518322,,"",
"","100000007914381","FOS1","","",71.33888212,,"",
"","100000007914602","FOS1","","",4.925348972,,"",
"","100000007915335","FOS1","","",19.72487587,,"",
"","100000007913909","FOS1","","",5.054275836,,"",
"","100000007915027","FOS1","","",1.203332144,,"",
"","100000007914097","FOS1","","",19.78922814,,"",
"","100000007914100","FOS1","","",19.78922814,,"",
"","100000007915164","FOS1","","",0.187414233,,"",
"","100000007915160","FOS1","","",109.7969809,,"",
"","100000007915181","FOS1","","",0.174587219,,"",
"","100000007915083","FOS1","","",0.187733895,,"",
"","100000007915105","FOS1","","",149.1679927,,"",
"","100000007927516","FOS1","","",59.27214646,,"",
"","100000007927536","FOS1","","",60.29362969,,"",
"","100000007927554","FOS1","","",59.97817813,,"",
"","100000007929756","FOS1","","",0.867652167,,"",
"","100000008036540","FOS1","","",75.80314222,,"",
"","100000008037072","FOS1","","",73.13806468,,"",
"","100000008037528","FOS1","","",101.5443589,,"",
"","100000008036376","FOS1","","",57.49959697,,"",
"","100000008036792","FOS1","","",101.2500586,,"",
"","100000008037255","FOS1","","",48.38050648,,"",
"","100000007914754","FOS1","","",14.59121738,,"",
"","100000007914623","FOS1","","",5.963772622,,"",
"","100000007915348","FOS1","","",8.181682724,,"",
"","100000007915363","FOS1","","",8.181682724,,"",
"","100000007915385","FOS1","","",8.475384155,,"",
"","100000007915364","FOS1","","",50.00791436,,"",
"","100000007915367","FOS1","","",39.64323157,,"",
"","100000007915379","FOS1","","",49.54717671,,"",
"","100000007915396","FOS1","","",49.54717671,,"",
"","100000007915431","FOS1","","",50.26117673,,"",
"","100000007915329","FOS1","","",50.26117673,,"",
"","100000007915336","FOS1","","",50.26117673,,"",
"","100000007914968","FOS1","","",50.26117673,,"",
"","100000007915299","FOS1","","",1.522437201,,"",
"","100000007915309","FOS1","","",1.756271746,,"",
"","100000007915198","FOS1","","",0.10496164,,"",
"","100000007915292","FOS1","","",0.15207346,,"",
"","100000007915312","FOS1","","",0.160168289,,"",
"","100000007915153","FOS1","","",1.245493213,,"",
"","100000007915173","FOS1","","",1.283352045,,"",
"","100000007915080","FOS1","","",0.375227738,,"",
"","100000007915092","FOS1","","",155.1055038,,"",
"","100000007927136","FOS1","","",6.519371396,,"",
"","100000007927161","FOS1","","",2.566520007,,"",
"","100000007927179","FOS1","","",3.778391892,,"",
"","100000007927180","FOS1","","",18.63673766,,"",
"","100000007926878","FOS1","","",27.83603891,,"",
"","100000007915474","FOS1","","",1.436742552,,"",
"","100000007915494","FOS1","","",2.588703896,,"",
"","100000007915604","FOS1","","",0.067564451,,"",
"","100000007915614","FOS1","","",47.17173169,,"",
"","100000007915632","FOS1","","",0.052367074,,"",
"","100000007915663","FOS1","","",0.058621544,,"",
"","100000007915671","FOS1","","",39.58788399,,"",
"","100000007916373","FOS1","","",0.635960916,,"",
"","100000007916407","FOS1","","",0.406558371,,"",
"","100000007916323","FOS1","","",0.877596376,,"",
"","100000007916345","FOS1","","",0.69411244,,"",
"","100000007916353","FOS1","","",12.75380455,,"",
"","100000007914989","FOS1","","",39.03872892,,"",
"","100000007915186","FOS1","","",0.800422641,,"",
"","100000007915967","FOS1","","",0.534186791,,"",
"","100000007915997","FOS1","","",0.504481439,,"",
"","100000007915193","FOS1","","",0.076667272,,"",
"","100000007916281","FOS1","","",0.956653834,,"",
"","100000007916262","FOS1","","",0.926130742,,"",
"","100000007915126","FOS1","","",0.856859813,,"",
"","100000007915163","FOS1","","",1.0268909,,"",
"","100000007915085","FOS1","","",1.80498749,,"",
"","100000007916143","FOS1","","",24.89204306,,"",
"","100000007916165","FOS1","","",51.09231103,,"",
"","100000007916959","FOS1","","",3.402468388,,"",
"","100000007916982","FOS1","","",5.36231277,,"",
"","100000007916864","FOS1","","",7.1863985,,"",
"","100000007916874","FOS1","","",5.739248009,,"",
"","100000007916900","FOS1","","",2.942943382,,"",
"","100000007927217","FOS1","","",28.85231835,,"",
"","100000007927105","FOS1","","",30.78570029,,"",
"","100000007927186","FOS1","","",53.28797461,,"",
"","100000007927409","FOS1","","",12.77441353,,"",
"","100000007928004","FOS1","","",35.58038064,,"",
"","100000007927682","FOS1","","",38.14088074,,"",
"","100000007927867","FOS1","","",52.86164294,,"",
"","100000008035507","FOS1","","",40.43287823,,"",
"","100000008035775","FOS1","","",30.45601613,,"",
"","100000008036139","FOS1","","",127.0183327,,"",
"","100000008036331","FOS1","","",23.5962263,,"",
"","100000007915511","FOS1","","",3.349291576,,"",
"","100000007915531","FOS1","","",3.943186033,,"",
"","100000007915503","FOS1","","",0.194594587,,"",
"","100000007915551","FOS1","","",0.074845827,,"",
"","100000007915577","FOS1","","",0.057193332,,"",
"","100000007915597","FOS1","","",48.61011267,,"",
"","100000007915625","FOS1","","",0.119423332,,"",
"","100000007915633","FOS1","","",38.19823474,,"",
"","100000007915643","FOS1","","",0.14587088,,"",
"","100000007915664","FOS1","","",34.97496805,,"",
"","100000007915552","FOS1","","",0.15198713,,"",
"","100000007916374","FOS1","","",0.332296599,,"",
"","100000007916021","FOS1","","",0.488943114,,"",
"","100000007916049","FOS1","","",0.532568953,,"",
"","100000007916066","FOS1","","",0.542111936,,"",
"","100000007915934","FOS1","","",0.196309825,,"",
"","100000007915993","FOS1","","",0.308030354,,"",
"","100000007915932","FOS1","","",1.321705699,,"",
"","100000007916005","FOS1","","",0.629127734,,"",
"","100000007916030","FOS1","","",0.865379448,,"",
"","100000007916295","FOS1","","",0.553048869,,"",
"","100000007916227","FOS1","","",0.66930094,,"",
"","100000007916124","FOS1","","",25.96667639,,"",
"","100000007916144","FOS1","","",28.4861383,,"",
"","100000007916949","FOS1","","",8.644839056,,"",
"","100000007916865","FOS1","","",7.382793109,,"",
"","100000007927366","FOS1","","",14.66360947,,"",
"","100000007927979","FOS1","","",32.53771265,,"",
"","100000007927976","FOS1","","",57.65910525,,"",
"","100000007928044","FOS1","","",13.16358526,,"",
"","100000007927683","FOS1","","",16.26703962,,"",
"","100000007927631","FOS1","","",18.5277312,,"",
"","100000007927717","FOS1","","",24.41303109,,"",
"","100000007927928","FOS1","","",69.67957079,,"",
"","100000007927957","FOS1","","",109.1003645,,"",
"","100000007927954","FOS1","","",33.5985831,,"",
"","100000008035964","FOS1","","",15.73799399,,"",
"","100000008035777","FOS1","","",64.12433624,,"",
"","100000008036050","FOS1","","",44.98721449,,"",
"","100000008036233","FOS1","","",31.52771139,,"",
"","100000007915442","FOS1","","",0.778064356,,"",
"","100000007915699","FOS1","","",13.90758305,,"",
"","100000007916449","FOS1","","",9.457728254,,"",
"","100000007915578","FOS1","","",0.158873554,,"",
"","100000007915587","FOS1","","",52.18191252,,"",
"","100000007916413","FOS1","","",0.096131801,,"",
"","100000007916421","FOS1","","",0.087026562,,"",
"","100000007916309","FOS1","","",0.091542823,,"",
"","100000007917133","FOS1","","",18.69279793,,"",
"","100000007917019","FOS1","","",29.64134408,,"",
"","100000007917451","FOS1","","",1.961000186,,"",
"","100000007917477","FOS1","","",4.02981764,,"",
"","100000007916055","FOS1","","",0.855754142,,"",
"","100000007916076","FOS1","","",0.853879925,,"",
"","100000007915939","FOS1","","",0.878470371,,"",
"","100000007912916","FOS1","","",4.011330029,,"",
"","100000007912928","FOS1","","",4.332236431,,"",
"","100000007912944","FOS1","","",4.599658433,,"",
"","100000007912931","FOS1","","",20.22559301,,"",
"","100000007916100","FOS1","","",25.55383882,,"",
"","100000007916092","FOS1","","",26.48611569,,"",
"","100000007913818","FOS1","","",1.902285315,,"",
"","100000007913836","FOS1","","",263.2502187,,"",
"","100000007913718","FOS1","","",79.1215231,,"",
"","100000007913347","FOS1","","",26.07364519,,"",
"","100000007913360","FOS1","","",26.07364519,,"",
"","100000007913335","FOS1","","",30.75353022,,"",
"","100000007927768","FOS1","","",31.38954973,,"",
"","100000007916503","FOS1","","",5.809861767,,"",
"","100000007916536","FOS1","","",8.430713816,,"",
"","100000007916485","FOS1","","",8.604341052,,"",
"","100000007916441","FOS1","","",10.59323904,,"",
"","100000007916809","FOS1","","",42.05555866,,"",
"","100000007916679","FOS1","","",59.25551575,,"",
"","100000007916579","FOS1","","",3.874226607,,"",
"","100000007916564","FOS1","","",24.58528687,,"",
"","100000007916625","FOS1","","",38.4325574,,"",
"","100000007917042","FOS1","","",29.29553422,,"",
"","100000007917066","FOS1","","",73.44614129,,"",
"","100000007917093","FOS1","","",36.2785183,,"",
"","100000007917127","FOS1","","",19.90101998,,"",
"","100000007917314","FOS1","","",57.29281705,,"",
"","100000007917332","FOS1","","",57.79688142,,"",
"","100000007917273","FOS1","","",47.65460074,,"",
"","100000007917315","FOS1","","",218.2376162,,"",
"","100000007917459","FOS1","","",3.536582107,,"",
"","100000007917501","FOS1","","",3.499605168,,"",
"","100000007913826","FOS1","","",0.909607457,,"",
"","100000007913861","FOS1","","",1.112678026,,"",
"","100000007913860","FOS1","","",146.413546,,"",
"","100000008026033","FOS1","","",7.090559915,,"",
"","100000008026216","FOS1","","",6.592950731,,"",
"","100000008026299","FOS1","","",6.154068606,,"",
"","100000008026467","FOS1","","",6.606386525,,"",
"","100000008025290","FOS1","","",6.83029139,,"",
"","100000008026907","FOS1","","",2.16246782,,"",
"","100000007916475","FOS1","","",9.306285666,,"",
"","100000007916494","FOS1","","",12.80951389,,"",
"","100000007916757","FOS1","","",7.193651851,,"",
"","100000007916777","FOS1","","",11.47245474,,"",
"","100000007916797","FOS1","","",14.06823057,,"",
"","100000007913657","FOS1","","",33.53471904,,"",
"","100000007916649","FOS1","","",39.11366045,,"",
"","100000007916668","FOS1","","",51.92295697,,"",
"","100000007916617","FOS1","","",2.219798139,,"",
"","100000007913420","FOS1","","",70.4919333,,"",
"","100000007914292","FOS1","","",172.0313332,,"",
"","100000007914293","FOS1","","",32.59874203,,"",
"","100000007917111","FOS1","","",3.201169344,,"",
"","100000007917001","FOS1","","",2.296770017,,"",
"","100000007917036","FOS1","","",2.567255264,,"",
"","100000007913938","FOS1","","",1.41065106,,"",
"","100000007913967","FOS1","","",1.41065106,,"",
"","100000007913923","FOS1","","",5.054275836,,"",
"","100000007913935","FOS1","","",5.054275836,,"",
"","100000007914034","FOS1","","",24.03632177,,"",
"","100000007914859","FOS1","","",33.70148795,,"",
"","100000007914879","FOS1","","",33.70148795,,"",
"","100000007914912","FOS1","","",33.41770074,,"",
"","100000007914926","FOS1","","",15.05815522,,"",
"","100000007914818","FOS1","","",33.41770074,,"",
"","100000007929763","FOS1","","",0.489002641,,"",
"","100000007929909","FOS1","","",0.484688884,,"",
"","100000007925374","FOS1","","",20.77509921,,"",
"","100000007925397","FOS1","","",18.95304132,,"",
"","100000007925445","FOS1","","",24.14824585,,"",
"","100000007925717","FOS1","","",24.94511018,,"",
"","100000007925737","FOS1","","",38.32147918,,"",
"","100000008003228","NYS1","","",6.59,,"",
"","100000008018259","NYS1","","",1.04,,"",
"","100000007944494","NYS1","","",0.281,,"",
"","100000007942646","NYS1","","",1.28,,"",
"","100000008006086","NYS1","","",1.58,,"",
"","100000008002109","NYS1","","",0.63,,"",
"","100000007943586","NYS1","","",0.7009,,"",
"","100000007941875","NYS1","","",2.21,,"",
"","100000007941901","NYS1","","",2.12,,"",
"","100000007941916","NYS1","","",2.55,,"",
"","100000007942674","NYS1","","",2.44,,"",
"","100000007942690","NYS1","","",2.37,,"",
"","100000007942728","NYS1","","",2.87,,"",
"","100000008012059","NYS1","","",4.56,,"",
"","100000008012372","NYS1","","",4.93,,"",
"","100000008011104","NYS1","","",6.29,,"",
"","100000008010669","NYS1","","",4.69,,"",
"","100000008010045","NYS1","","",3.2,,"",
"","100000008010600","NYS1","","",5.02,,"",
"","100000008010830","NYS1","","",2.26,,"",
"","100000008009992","NYS1","","",2.84,,"",
"","100000008010761","NYS1","","",3.44,,"",
"","100000008010315","NYS1","","",3.89,,"",
"","100000008009938","NYS1","","",5.99,,"",
"","100000008010569","NYS1","","",6.74,,"",
"","100000008009939","NYS1","","",8.01,,"",
"","100000008010342","NYS1","","",9.45,,"",
"","100000008001409","NYS1","","",1.91,,"",
"","100000008001578","NYS1","","",1.98,,"",
"","100000008001858","NYS1","","",1.89,,"",
"","100000008002319","NYS1","","",2.11,,"",
"","100000008001334","NYS1","","",2.85,,"",
"","100000008001589","NYS1","","",3.6,,"",
"","100000008001776","NYS1","","",3.81,,"",
"","100000008002512","NYS1","","",3.84,,"",
"","100000008003308","NYS1","","",1.24,,"",
"","100000008003475","NYS1","","",2.77,,"",
"","100000008001438","NYS1","","",2.8,,"",
"","100000008001560","NYS1","","",1.81,,"",
"","100000008011080","NYS1","","",4.87,,"",
"","100000008011225","NYS1","","",4.88,,"",
"","100000008011935","NYS1","","",5.26,,"",
"","100000008011008","NYS1","","",7.23,,"",
"","100000008012266","NYS1","","",7.52,,"",
"","100000008011248","NYS1","","",4.04,,"",
"","100000008011175","NYS1","","",3.6,,"",
"","100000008011328","NYS1","","",6.2,,"",
"","100000008011768","NYS1","","",4.17,,"",
"","100000008009965","NYS1","","",5.01,,"",
"","100000008009913","NYS1","","",2.17,,"",
"","100000008010319","NYS1","","",2.42,,"",
"","100000008010691","NYS1","","",2.28,,"",
"","100000008009836","NYS1","","",3,,"",
"","100000008010237","NYS1","","",3.55,,"",
"","100000008012683","NYS1","","",8.58,,"",
"","100000008009859","NYS1","","",13.86,,"",
"","100000008010423","NYS1","","",2.15,,"",
"","100000008009777","NYS1","","",2.22,,"",
"","100000008001535","NYS1","","",0.0954,,"",
"","100000008004623","NYS1","","",2.3,,"",
"","100000008004794","NYS1","","",2.97,,"",
"","100000008005058","NYS1","","",0.322,,"",
"","100000008005230","NYS1","","",0.3364,,"",
"","100000008004540","NYS1","","",0.52,,"",
"","100000008001494","NYS1","","",2.83,,"",
"","100000008001670","NYS1","","",4.17,,"",
"","100000008001946","NYS1","","",3,,"",
"","100000007941229","NYS1","","",1.66,,"",
"","100000007941115","NYS1","","",1.93,,"",
"","100000007941142","NYS1","","",1.37,,"",
"","100000007941155","NYS1","","",1.6,,"",
"","100000007941184","NYS1","","",1.59,,"",
"","100000007941199","NYS1","","",1.73,,"",
"","100000008011386","NYS1","","",10.33,,"",
"","100000008011647","NYS1","","",5.01,,"",
"","100000008011936","NYS1","","",4.65,,"",
"","100000008012145","NYS1","","",4.84,,"",
"","100000008011009","NYS1","","",20.67,,"",
"","100000008011387","NYS1","","",5.03,,"",
"","100000008011552","NYS1","","",4.82,,"",
"","100000008011492","NYS1","","",3.92,,"",
"","100000008017187","NYS1","","",1.63,,"",
"","100000008017489","NYS1","","",1.94,,"",
"","100000008017698","NYS1","","",1.85,,"",
"","100000008017966","NYS1","","",2.91,,"",
"","100000008016677","NYS1","","",2.64,,"",
"","100000008017993","NYS1","","",1.15,,"",
"","100000008016941","NYS1","","",2.25,,"",
"","100000008017207","NYS1","","",2.88,,"",
"","100000008013101","NYS1","","",5.5,,"",
"","100000008020526","NYS1","","",0.1528,,"",
"","100000008020438","NYS1","","",0.0558,,"",
"","100000008004712","NYS1","","",0.53,,"",
"","100000008004019","NYS1","","",0.74,,"",
"","100000008004189","NYS1","","",0.94,,"",
"","100000008000346","NYS1","","",0.5,,"",
"","100000008000594","NYS1","","",0.63,,"",
"","100000008000757","NYS1","","",0.74,,"",
"","100000007941224","NYS1","","",2.62,,"",
"","100000007941111","NYS1","","",1.76,,"",
"","100000007941136","NYS1","","",1.64,,"",
"","100000007941152","NYS1","","",1.87,,"",
"","100000007941173","NYS1","","",3,,"",
"","100000007941191","NYS1","","",3.81,,"",
"","100000007941235","NYS1","","",5.81,,"",
"","100000007941137","NYS1","","",1.38,,"",
"","100000007941159","NYS1","","",2.52,,"",
"","100000007941174","NYS1","","",2.5,,"",
"","100000008010298","NYS1","","",45.71,,"",
"","100000008016707","NYS1","","",52.85,,"",
"","100000008016917","NYS1","","",4.64,,"",
"","100000008017091","NYS1","","",4.32,,"",
"","100000008017388","NYS1","","",6.17,,"",
"","100000008018048","NYS1","","",8.5,,"",
"","100000008017285","NYS1","","",13.44,,"",
"","100000008018103","NYS1","","",35.39,,"",
"","100000008013273","NYS1","","",3.63,,"",
"","100000008000512","NYS1","","",1.64,,"",
"","100000008000913","NYS1","","",1.95,,"",
"","100000008000348","NYS1","","",1.34,,"",
"","100000007943852","NYS1","","",0.2645,,"",
"","100000007943872","NYS1","","",0.2757,,"",
"","100000007943905","NYS1","","",0.2675,,"",
"","100000007943812","NYS1","","",0.4981,,"",
"","100000008000516","NYS1","","",1.89,,"",
"","100000008000965","NYS1","","",1.56,,"",
"","100000008001224","NYS1","","",3.79,,"",
"","100000008000327","NYS1","","",1.49,,"",
"","100000008000809","NYS1","","",1.69,,"",
"","100000008001051","NYS1","","",1.82,,"",
"","100000008000328","NYS1","","",2.33,,"",
"","100000008000731","NYS1","","",2.22,,"",
"","100000007941200","NYS1","","",2.54,,"",
"","100000007941215","NYS1","","",2.91,,"",
"","100000007941112","NYS1","","",2.77,,"",
"","100000007941185","NYS1","","",3.09,,"",
"","100000008017359","NYS1","","",7.76,,"",
"","100000008017286","NYS1","","",3.39,,"",
"","100000008017010","NYS1","","",5.22,,"",
"","100000008026468","NYS1","","",3.37,,"",
"","100000008020561","NYS1","","",0.54,,"",
"","100000008020489","NYS1","","",2.78,,"",
"","100000008019552","NYS1","","",3.57,,"",
"","100000008020603","NYS1","","",1.79,,"",
"","100000007943813","NYS1","","",0.2358,,"",
"","100000007943198","NYS1","","",0.6839,,"",
"","100000008018694","NYS1","","",1.25,,"",
"","100000008018777","NYS1","","",1.01,,"",
"","100000008018950","NYS1","","",1.32,,"",
"","100000008018496","NYS1","","",0.48,,"",
"","100000008020850","NYS1","","",0.92,,"",
"","100000008019754","NYS1","","",0.91,,"",
"","100000008019931","NYS1","","",1.24,,"",
"","100000008020178","NYS1","","",0.81,,"",
"","100000008020326","NYS1","","",0.71,,"",
"","100000008020580","NYS1","","",0.89,,"",
"","100000008019932","NYS1","","",1.02,,"",
"","100000008020094","NYS1","","",1.09,,"",
"","100000008020327","NYS1","","",1.23,,"",
"","100000008019553","NYS1","","",0.3497,,"",
"","100000008019674","NYS1","","",0.47,,"",
"","100000008019861","NYS1","","",0.9,,"",
"","100000008020274","NYS1","","",0.97,,"",
"","100000008020513","NYS1","","",1.04,,"",
"","100000008018445","NYS1","","",0.3843,,"",
"","100000008018692","NYS1","","",0.57,,"",
"","100000008018866","NYS1","","",0.76,,"",
"","100000008019116","NYS1","","",0.53,,"",
"","100000008018111","NYS1","","",0.87,,"",
"","100000008018281","NYS1","","",0.5,,"",
"","100000007941365","NYS1","","",4.71,,"",
"","100000007941408","NYS1","","",4.69,,"",
"","100000007999302","NYS1","","",1.46,,"",
"","100000007943643","NYS1","","",0.59,,"",
"","100000007943682","NYS1","","",0.88,,"",
"","100000007943735","NYS1","","",1.22,,"",
"","100000008022727","NYS1","","",40.34,,"",
"","100000008023473","NYS1","","",39.52,,"",
"","100000008018199","NYS1","","",0.44,,"",
"","100000008019382","NYS1","","",0.2996,,"",
"","100000008019072","NYS1","","",0.3724,,"",
"","100000008018176","NYS1","","",0.42,,"",
"","100000008018502","NYS1","","",1.53,,"",
"","100000008018663","NYS1","","",1.49,,"",
"","100000008018338","NYS1","","",1,,"",
"","100000008018528","NYS1","","",0.91,,"",
"","100000008018693","NYS1","","",0.93,,"",
"","100000008018949","NYS1","","",0.87,,"",
"","100000008019027","NYS1","","",0.51,,"",
"","100000008018112","NYS1","","",0.5,,"",
"","100000008018282","NYS1","","",1.35,,"",
"","100000008018362","NYS1","","",1.32,,"",
"","100000008018529","NYS1","","",1.35,,"",
"","100000007941268","NYS1","","",5,,"",
"","100000007941333","NYS1","","",6.36,,"",
"","100000007941355","NYS1","","",6.13,,"",
"","100000007941386","NYS1","","",6.64,,"",
"","100000007943650","NYS1","","",1.72,,"",
"","100000007943657","NYS1","","",2.05,,"",
"","100000007943631","NYS1","","",1.13,,"",
"","100000008010182","NYS1","","",2.3,,"",
"","100000008010343","NYS1","","",2.63,,"",
"","100000008010570","NYS1","","",2.67,,"",
"","100000008001859","NYS1","","",4.62,,"",
"","100000008002132","NYS1","","",5.48,,"",
"","100000008003929","NYS1","","",0.5,,"",
"","100000008002907","NYS1","","",0.78,,"",
"","100000007956408","FHS1","","",32.3949,,"",
"","100000007931827","FOS1","","",0.299255849,,"",
"","100000007932016","FOS1","","",0.089926267,,"",
"","100000007931976","FOS1","","",0.145821376,,"",
"","100000007932694","FOS1","","",0.248896048,,"",
"","100000007932601","FOS1","","",0.130420611,,"",
"","100000007932308","FOS1","","",0.194816192,,"",
"","100000007932114","FOS1","","",0.33347418,,"",
"","100000007927366","FHS1","","",10.6162,,"",
"","100000007927438","FHS1","","",56.8302,,"",
"","100000007927336","FHS1","","",16.7043,,"",
"","100000007931254","FHS1","","",0.1145,,"",
"","100000007931728","FHS1","","",0.39,,"",
"","100000007931059","FHS1","","",1.3908,,"",
"","100000007931089","FHS1","","",1.3908,,"",
"","100000007929799","FHS1","","",1.6391,,"",
"","100000007956503","FHS1","","",92.907,,"",
"","100000007956609","FHS1","","",13.5372,,"",
"","100000007956675","FHS1","","",23.9051,,"",
"","100000007932036","FOS1","","",0.17701268,,"",
"","100000007932070","FOS1","","",0.079814775,,"",
"","100000007932107","FOS1","","",0.085599014,,"",
"","100000007932576","FOS1","","",0.350150155,,"",
"","100000007932653","FOS1","","",0.137284384,,"",
"","100000007932583","FOS1","","",0.1076101,,"",
"","100000007932442","FOS1","","",0.133902657,,"",
"","100000007931464","FOS1","","",0.214345309,,"",
"","100000007931375","FOS1","","",0.205177386,,"",
"","100000007931387","FOS1","","",0.217240528,,"",
"","100000007931875","FOS1","","",0.419722112,,"",
"","100000007931762","FOS1","","",0.268351387,,"",
"","100000007931775","FOS1","","",0.218848275,,"",
"","100000007931851","FOS1","","",0.454264826,,"",
"","100000007927441","FHS1","","",21.3836,,"",
"","100000007927297","FHS1","","",13.5345,,"",
"","100000007931668","FHS1","","",0.4908,,"",
"","100000007931685","FHS1","","",0.5847,,"",
"","100000007931641","FHS1","","",0.2638,,"",
"","100000007931659","FHS1","","",0.2628,,"",
"","100000007931686","FHS1","","",0.3583,,"",
"","100000007931713","FHS1","","",0.3423,,"",
"","100000007930994","FHS1","","",2.0904,,"",
"","100000007931017","FHS1","","",0.4285,,"",
"","100000007931039","FHS1","","",0.5157,,"",
"","100000007956419","FHS1","","",39.0947,,"",
"","100000007952963","FHS1","","",2.0989,,"",
"","100000007952979","FHS1","","",2.0989,,"",
"","100000007953741","FHS1","","",2.0989,,"",
"","100000007953802","FHS1","","",2.0989,,"",
"","100000007953811","FHS1","","",2.0989,,"",
"","100000007956522","FHS1","","",35.6289,,"",
"","100000007956543","FHS1","","",174.2138,,"",
"","100000007933229","FOS1","","",0.33760168,,"",
"","100000007928044","FHS1","","",9.4842,,"",
"","100000007930978","FHS1","","",0.2583,,"",
"","100000007930851","FHS1","","",0.2994,,"",
"","100000007930903","FHS1","","",0.3257,,"",
"","100000007930992","FHS1","","",0.9323,,"",
"","100000007953777","FHS1","","",2.0989,,"",
"","100000007933630","FOS1","","",0.827440804,,"",
"","100000007933516","FOS1","","",0.81754055,,"",
"","100000007933214","FOS1","","",0.39784628,,"",
"","100000007933408","FOS1","","",0.133135156,,"",
"","100000007933744","FOS1","","",0.27633996,,"",
"","100000007927994","FHS1","","",10.8677,,"",
"","100000007927986","FHS1","","",12.4275,,"",
"","100000007927988","FHS1","","",14.113,,"",
"","100000007927863","FHS1","","",27.8238,,"",
"","100000007931088","FHS1","","",3.4804,,"",
"","100000007927768","FHS1","","",25.3836,,"",
"","100000007955172","FHS1","","",0.93,,"",
"","100000007955060","FHS1","","",0.93,,"",
"","100000007927962","FHS1","","",31.354,,"",
"","100000007927925","FHS1","","",68.3409,,"",
"","100000007927738","FHS1","","",30.7421,,"",
"","100000007927803","FHS1","","",60.5785,,"",
"","100000007953495","FHS1","","",2.0989,,"",
"","100000007957637","FHS1","","",19.0943,,"",
"","100000007934760","FOS1","","",0.157980099,,"",
"","100000007934777","FOS1","","",0.101950992,,"",
"","100000007934792","FOS1","","",0.235802663,,"",
"","100000007934812","FOS1","","",0.259116512,,"",
"","100000007934723","FOS1","","",0.302468624,,"",
"","100000007934765","FOS1","","",0.369026036,,"",
"","100000007957184","FHS1","","",91.7404,,"",
"","100000007957204","FHS1","","",784.614,,"",
"","100000007957228","FHS1","","",14.4489,,"",
"","100000007957248","FHS1","","",4.1975,,"",
"","100000007957119","FHS1","","",66.4519,,"",
"","100000007957158","FHS1","","",626.9104,,"",
"","100000007927804","FHS1","","",28.4275,,"",
"","100000007957650","FHS1","","",10.6662,,"",
"","100000007957598","FHS1","","",5.283,,"",
"","100000007934775","FOS1","","",0.035796422,,"",
"","100000007934828","FOS1","","",0.056576997,,"",
"","100000007934725","FOS1","","",0.052042439,,"",
"","100000007934767","FOS1","","",0.068200507,,"",
"","100000007934785","FOS1","","",0.032105916,,"",
"","100000007957976","FHS1","","",20.0453,,"",
"","100000007957998","FHS1","","",32.7547,,"",
"","100000007958014","FHS1","","",123.4151,,"",
"","100000007957965","FHS1","","",27.3585,,"",
"","100000007958002","FHS1","","",24.8415,,"",
"","100000007957688","FHS1","","",123.8281,,"",
"","100000007931409","FOS1","","",0.10143345,,"",
"","100000007931458","FOS1","","",0.180919035,,"",
"","100000007930357","FHS1","","",0.2381,,"",
"","100000007930365","FHS1","","",0.3087,,"",
"","100000007929756","FHS1","","",1.1685,,"",
"","100000007930022","FHS1","","",0.4615,,"",
"","100000007955386","NGC1","","",0.405,,"",
"","100000007955297","NGC1","","",0.523,,"",
"","100000007955336","NGC1","","",0.558,,"",
"","100000007955361","NGC1","","",0.72,,"",
"","100000007955286","NGC1","","",0.868,,"",
"","100000007955350","NGC1","","",0.332,,"",
"","100000007945024","NGC1","","",0.52,,"",
"","100000007945080","NGC1","","",2.18,,"",
"","100000007945822","NGC1","","",2.06,,"",
"","100000007945868","NGC1","","",2.54,,"",
"","100000007937861","NAT1","","",142.3907,,"",
"","100000007937887","NAT1","","",315.7459,,"",
"","100000007937788","NAT1","","",117.275,,"",
"","100000007951115","NGC1","","",1.42,,"",
"","100000007951138","NGC1","","",1.63,,"",
"","100000007951078","NGC1","","",1.86,,"",
"","100000007951100","NGC1","","",2.31,,"",
"","100000007944525","NGC1","","",0.805,,"",
"","100000007944547","NGC1","","",0.9,,"",
"","100000007944566","NGC1","","",0.828,,"",
"","100000007944579","NGC1","","",0.99,,"",
"","100000007944599","NGC1","","",1.08,,"",
"","100000007944531","NGC1","","",1.26,,"",
"","100000007944550","NGC1","","",1.19,,"",
"","100000007943532","NGC1","","",0.407,,"",
"","100000007943546","NGC1","","",0.48,,"",
"","100000007943570","NGC1","","",0.43,,"",
"","100000007943586","NGC1","","",0.53,,"",
"","100000007943609","NGC1","","",0.59,,"",
"","100000007943507","NGC1","","",0.74,,"",
"","100000007932909","NGC1","","",0.303,,"",
"","100000007932922","NGC1","","",0.441,,"",
"","100000007932885","NGC1","","",0.2175,,"",
"","100000007932871","NGC1","","",0.62,,"",
"","100000007945850","NGC1","","",0.268,,"",
"","100000007945869","NGC1","","",0.325,,"",
"","100000007945898","NGC1","","",0.294,,"",
"","100000007945918","NGC1","","",0.2275,,"",
"","100000007945792","NGC1","","",0.355,,"",
"","100000007945814","NGC1","","",0.396,,"",
"","100000007933462","NAT1","","",0.4209,,"",
"","100000007931987","NAT1","","",1.2066,,"",
"","100000007951111","NGC1","","",5.62,,"",
"","100000007944585","NGC1","","",1.45,,"",
"","100000007944597","NGC1","","",1.66,,"",
"","100000007944796","NGC1","","",2.96,,"",
"","100000007944809","NGC1","","",3.42,,"",
"","100000007943571","NGC1","","",0.87,,"",
"","100000007943587","NGC1","","",1.04,,"",
"","100000007943541","NGC1","","",1.11,,"",
"","100000007943588","NGC1","","",1.97,,"",
"","100000007943624","NGC1","","",2.23,,"",
"","100000007935517","NGC1","","",0.1375,,"",
"","100000007935568","NGC1","","",0.154,,"",
"","100000007935477","NGC1","","",0.179,,"",
"","100000007935502","NGC1","","",0.22,,"",
"","100000007932872","NGC1","","",0.272,,"",
"","100000007933630","NGC1","","",1,,"",
"","100000007933516","NGC1","","",1.15,,"",
"","100000007933214","NGC1","","",0.477,,"",
"","100000007950934","NGC1","","",0.4535,,"",
"","100000007950949","NGC1","","",0.635,,"",
"","100000007955051","NGC1","","",0.0995,,"",
"","100000007954480","NGC1","","",11.24,,"",
"","100000007954509","NGC1","","",13.59,,"",
"","100000007954386","NGC1","","",14.78,,"",
"","100000007945841","NGC1","","",0.465,,"",
"","100000007945860","NGC1","","",0.429,,"",
"","100000007945888","NGC1","","",0.52,,"",
"","100000007945908","NGC1","","",0.591,,"",
"","100000007945936","NGC1","","",0.873,,"",
"","100000007945870","NGC1","","",0.2355,,"",
"","100000007945899","NGC1","","",1.01,,"",
"","100000007946520","NGC1","","",10.14,,"",
"","100000007938881","NAT1","","",189.6805,,"",
"","100000007938891","NAT1","","",173.3045,,"",
"","100000007951754","NGC1","","",1.04,,"",
"","100000007951699","NGC1","","",1.41,,"",
"","100000007944758","NGC1","","",3.76,,"",
"","100000007944770","NGC1","","",4.2,,"",
"","100000007944823","NGC1","","",5.11,,"",
"","100000007945198","NGC1","","",13.19,,"",
"","100000007945215","NGC1","","",14.79,,"",
"","100000007944748","NGC1","","",0.3475,,"",
"","100000007944633","NGC1","","",0.3535,,"",
"","100000007944659","NGC1","","",0.3205,,"",
"","100000007935544","NGC1","","",0.1655,,"",
"","100000007935576","NGC1","","",0.1585,,"",
"","100000007935600","NGC1","","",0.292,,"",
"","100000007935160","NGC1","","",0.1745,,"",
"","100000007935180","NGC1","","",0.164,,"",
"","100000007934872","NGC1","","",0.201,,"",
"","100000007934888","NGC1","","",0.1655,,"",
"","100000007934948","NGC1","","",0.292,,"",
"","100000007934858","NGC1","","",0.58,,"",
"","100000007950970","NGC1","","",0.506,,"",
"","100000007951008","NGC1","","",0.715,,"",
"","100000007951023","NGC1","","",0.756,,"",
"","100000007950957","NGC1","","",0.3715,,"",
"","100000007950993","NGC1","","",0.409,,"",
"","100000007954408","NGC1","","",0.201,,"",
"","100000007954450","NGC1","","",0.0965,,"",
"","100000007944491","NGC1","","",0.0885,,"",
"","100000007944386","NGC1","","",0.1285,,"",
"","100000007946534","NGC1","","",11.41,,"",
"","100000007946575","NGC1","","",13.93,,"",
"","100000007946485","NGC1","","",15.88,,"",
"","100000007946683","NGC1","","",1.19,,"",
"","100000007946701","NGC1","","",1.39,,"",
"","100000007946621","NGC1","","",1.59,,"",
"","100000007946638","NGC1","","",1.92,,"",
"","100000007939173","NAT1","","",181.2944,,"",
"","100000007939037","NAT1","","",115.931,,"",
"","100000007936424","NAT1","","",53.4499,,"",
"","100000007936317","NAT1","","",79.535,,"",
"","100000007936331","NAT1","","",89.2384,,"",
"","100000007950763","NGC1","","",3.91,,"",
"","100000007945088","NGC1","","",15.82,,"",
"","100000007945138","NGC1","","",18.05,,"",
"","100000007944674","NGC1","","",0.249,,"",
"","100000007945519","NGC1","","",0.387,,"",
"","100000007945427","NGC1","","",0.433,,"",
"","100000007945448","NGC1","","",0.506,,"",
"","100000007945459","NGC1","","",0.481,,"",
"","100000007945482","NGC1","","",0.567,,"",
"","100000007945493","NGC1","","",0.645,,"",
"","100000007945441","NGC1","","",0.3,,"",
"","100000007940223","NGC1","","",0.093,,"",
"","100000007940117","NGC1","","",0.124,,"",
"","100000007940142","NGC1","","",0.1095,,"",
"","100000007940167","NGC1","","",0.1565,,"",
"","100000007934860","NGC1","","",0.1745,,"",
"","100000007934875","NGC1","","",0.164,,"",
"","100000007934932","NGC1","","",0.17,,"",
"","100000007934964","NGC1","","",0.311,,"",
"","100000007934848","NGC1","","",0.398,,"",
"","100000007934880","NGC1","","",0.2395,,"",
"","100000007933408","NGC1","","",0.0965,,"",
"","100000007944257","NGC1","","",3.08,,"",
"","100000007944407","NGC1","","",0.1075,,"",
"","100000007944435","NGC1","","",0.0705,,"",
"","100000007944494","NGC1","","",0.1655,,"",
"","100000007944353","NGC1","","",0.205,,"",
"","100000007944436","NGC1","","",0.299,,"",
"","100000007944375","NGC1","","",0.0785,,"",
"","100000007946721","NGC1","","",2.18,,"",
"","100000007946759","NGC1","","",2.47,,"",
"","100000007946627","NGC1","","",2.76,,"",
"","100000007946951","NGC1","","",2.93,,"",
"","100000007946980","NGC1","","",3.21,,"",
"","100000007935596","NAT1","","",36.4976,,"",
"","100000007935481","NAT1","","",11.4646,,"",
"","100000007938924","NAT1","","",216.8659,,"",
"","100000007942976","NGC1","","",0.115,,"",
"","100000007945090","NGC1","","",0.767,,"",
"","100000007945122","NGC1","","",0.833,,"",
"","100000007945170","NGC1","","",0.756,,"",
"","100000007945196","NGC1","","",0.9,,"",
"","100000007945969","NGC1","","",0.227,,"",
"","100000007945991","NGC1","","",0.2025,,"",
"","100000007946005","NGC1","","",0.157,,"",
"","100000007946025","NGC1","","",0.2485,,"",
"","100000007946039","NGC1","","",0.282,,"",
"","100000007945963","NGC1","","",0.365,,"",
"","100000007940233","NGC1","","",0.073,,"",
"","100000007940118","NGC1","","",0.0835,,"",
"","100000007940153","NGC1","","",0.078,,"",
"","100000007940168","NGC1","","",0.0885,,"",
"","100000007940206","NGC1","","",0.099,,"",
"","100000007940224","NGC1","","",0.1045,,"",
"","100000007940201","NGC1","","",0.136,,"",
"","100000007934942","NGC1","","",0.2915,,"",
"","100000007934950","NGC1","","",0.2285,,"",
"","100000007944209","NGC1","","",0.278,,"",
"","100000007944203","NGC1","","",0.352,,"",
"","100000007944227","NGC1","","",0.311,,"",
"","100000007944272","NGC1","","",0.446,,"",
"","100000007944306","NGC1","","",0.532,,"",
"","100000007942487","NGC1","","",0.4465,,"",
"","100000007943933","NGC1","","",0.545,,"",
"","100000007944242","NGC1","","",0.115,,"",
"","100000007944258","NGC1","","",0.526,,"",
"","100000007935526","NAT1","","",45.3103,,"",
"","100000007935589","NAT1","","",36.4807,,"",
"","100000007935514","NAT1","","",34.0464,,"",
"","100000007935574","NAT1","","",32.8358,,"",
"","100000007939681","NAT1","","",146.1402,,"",
"","100000007939707","NAT1","","",83.0669,,"",
"","100000007939738","NAT1","","",159.2212,,"",
"","100000007939758","NAT1","","",115.6623,,"",
"","100000007937706","NAT1","","",134.7984,,"",
"","100000007943048","NGC1","","",0.09,,"",
"","100000007953073","NGC1","","",1.41,,"",
"","100000007953000","NGC1","","",1.76,,"",
"","100000007953020","NGC1","","",1.6,,"",
"","100000007953064","NGC1","","",1.99,,"",
"","100000007953332","NGC1","","",7.81,,"",
"","100000007953351","NGC1","","",8.95,,"",
"","100000007953443","NGC1","","",10.05,,"",
"","100000007953427","NGC1","","",0.683,,"",
"","100000007953335","NGC1","","",0.94,,"",
"","100000007953349","NGC1","","",0.799,,"",
"","100000007953343","NGC1","","",0.507,,"",
"","100000007953626","NGC1","","",1.11,,"",
"","100000007945977","NGC1","","",0.357,,"",
"","100000007945997","NGC1","","",0.493,,"",
"","100000007946011","NGC1","","",0.499,,"",
"","100000007946029","NGC1","","",0.806,,"",
"","100000007945957","NGC1","","",0.168,,"",
"","100000007945970","NGC1","","",0.93,,"",
"","100000007946006","NGC1","","",1.56,,"",
"","100000007940131","NGC1","","",0.0995,,"",
"","100000007940171","NGC1","","",0.0985,,"",
"","100000007940215","NGC1","","",0.1025,,"",
"","100000007940132","NGC1","","",0.1025,,"",
"","100000007932474","NGC1","","",0.0575,,"",
"","100000007940084","NGC1","","",0.3,,"",
"","100000007939932","NGC1","","",0.38,,"",
"","100000007939992","NGC1","","",0.33,,"",
"","100000007940541","NGC1","","",0.71,,"",
"","100000007940455","NGC1","","",0.87,,"",
"","100000007941634","NGC1","","",1.47,,"",
"","100000007941658","NGC1","","",1.92,,"",
"","100000007941675","NGC1","","",2.31,,"",
"","100000007941227","NGC1","","",0.437,,"",
"","100000007935267","NGC1","","",0.261,,"",
"","100000007935287","NGC1","","",0.328,,"",
"","100000007935301","NGC1","","",0.292,,"",
"","100000007935246","NGC1","","",0.558,,"",
"","100000007944131","NGC1","","",0.648,,"",
"","100000007944076","NGC1","","",1,,"",
"","100000007954499","NGC1","","",0.1095,,"",
"","100000007954714","NGC1","","",0.75,,"",
"","100000007942475","NGC1","","",1.218,,"",
"","100000007943211","NGC1","","",1.51,,"",
"","100000007943232","NGC1","","",1.41,,"",
"","100000007943301","NGC1","","",2.11,,"",
"","100000007943326","NGC1","","",2.49,,"",
"","100000007943293","NGC1","","",1.05,,"",
"","100000007945466","NGC1","","",1.41,,"",
"","100000007945483","NGC1","","",1.6,,"",
"","100000007945500","NGC1","","",1.45,,"",
"","100000007945516","NGC1","","",1.7,,"",
"","100000007945428","NGC1","","",1.83,,"",
"","100000007945442","NGC1","","",2.13,,"",
"","100000007945460","NGC1","","",2.11,,"",
"","100000007945475","NGC1","","",2.35,,"",
"","100000007944201","NGC1","","",0.78,,"",
"","100000007944268","NGC1","","",0.95,,"",
"","100000007944289","NGC1","","",1.1,,"",
"","100000007944215","NGC1","","",1.35,,"",
"","100000007944241","NGC1","","",1.56,,"",
"","100000007935213","NAT1","","",36.5341,,"",
"","100000007935138","NAT1","","",32.4064,,"",
"","100000007935165","NAT1","","",11.4646,,"",
"","100000007935201","NAT1","","",32.8925,,"",
"","100000007935224","NAT1","","",10.8699,,"",
"","100000007939342","NAT1","","",99.7726,,"",
"","100000007939213","NAT1","","",226.9786,,"",
"","100000007942977","NGC1","","",0.0995,,"",
"","100000007944189","NGC1","","",3.36,,"",
"","100000007944063","NGC1","","",4.24,,"",
"","100000007944092","NGC1","","",4.67,,"",
"","100000007944112","NGC1","","",5.64,,"",
"","100000007943852","NGC1","","",0.171,,"",
"","100000007943872","NGC1","","",0.227,,"",
"","100000007943905","NGC1","","",0.1995,,"",
"","100000007943812","NGC1","","",0.32,,"",
"","100000007953655","NGC1","","",1.15,,"",
"","100000007953669","NGC1","","",1.45,,"",
"","100000007953600","NGC1","","",1.72,,"",
"","100000007953627","NGC1","","",2.3,,"",
"","100000007953687","NGC1","","",0.616,,"",
"","100000007953715","NGC1","","",2.35,,"",
"","100000007953666","NGC1","","",0.468,,"",
"","100000007953695","NGC1","","",0.632,,"",
"","100000007932308","NGC1","","",0.177,,"",
"","100000007933744","NGC1","","",0.273,,"",
"","100000007932465","NGC1","","",0.0705,,"",
"","100000007941122","NGC1","","",0.365,,"",
"","100000007941140","NGC1","","",0.407,,"",
"","100000007941162","NGC1","","",0.446,,"",
"","100000007941177","NGC1","","",0.495,,"",
"","100000007941203","NGC1","","",0.542,,"",
"","100000007941218","NGC1","","",0.772,,"",
"","100000007941114","NGC1","","",0.646,,"",
"","100000007941130","NGC1","","",0.957,,"",
"","100000007941154","NGC1","","",0.791,,"",
"","100000007941193","NGC1","","",0.92,,"",
"","100000007935313","NGC1","","",0.2245,,"",
"","100000007954753","NGC1","","",0.91,,"",
"","100000007954774","NGC1","","",0.81,,"",
"","100000007954715","NGC1","","",1.05,,"",
"","100000007954731","NGC1","","",1.27,,"",
"","100000007943284","NGC1","","",0.814,,"",
"","100000007943310","NGC1","","",1.053,,"",
"","100000007954632","NGC1","","",0.484,,"",
"","100000007954532","NGC1","","",0.1335,,"",
"","100000007945494","NGC1","","",2.46,,"",
"","100000007945508","NGC1","","",2.69,,"",
"","100000007945431","NGC1","","",3.03,,"",
"","100000007944320","NGC1","","",1.82,,"",
"","100000007944335","NGC1","","",2.26,,"",
"","100000007944216","NGC1","","",2.89,,"",
"","100000007935666","NAT1","","",103.3289,,"",
"","100000007935743","NAT1","","",17.9553,,"",
"","100000007939624","NAT1","","",222.8082,,"",
"","100000007937832","NAT1","","",151.7709,,"",
"","100000007950313","NGC1","","",12.85,,"",
"","100000007944143","NGC1","","",5.5,,"",
"","100000007943813","NGC1","","",0.151,,"",
"","100000007944544","NGC1","","",1.138,,"",
"","100000007953711","NGC1","","",0.549,,"",
"","100000007953597","NGC1","","",0.3385,,"",
"","100000007932442","NGC1","","",0.117,,"",
"","100000007941237","NGC1","","",1.18,,"",
"","100000007941131","NGC1","","",1.35,,"",
"","100000007945202","NGC1","","",5.91,,"",
"","100000007945235","NGC1","","",6.4,,"",
"","100000007945151","NGC1","","",7,,"",
"","100000007945183","NGC1","","",7.83,,"",
"","100000007945102","NGC1","","",9.64,,"",
"","100000007945120","NGC1","","",10.53,,"",
"","100000007955326","NGC1","","",0.126,,"",
"","100000007985625","NAT1","","",47.8189,,"",
"","100000007913096","NAT1","","",0.1154,,"",
"","100000007913130","NAT1","","",0.022,,"",
"","100000007913030","NAT1","","",0.3258,,"",
"","100000007913048","NAT1","","",0.0572,,"",
"","100000007913074","NAT1","","",0.0345,,"",
"","100000007913097","NAT1","","",0.2292,,"",
"","100000007913114","NAT1","","",0.0864,,"",
"","100000007913139","NAT1","","",0.4672,,"",
"","100000007897778","NAT1","","",0.1155,,"",
"","100000007897736","NAT1","","",0.1337,,"",
"","100000007897743","NAT1","","",0.2147,,"",
"","100000007897751","NAT1","","",0.1661,,"",
"","100000007900954","NAT1","","",0.1999,,"",
"","100000007893843","NAT1","","",0.848,,"",
"","100000007972172","NAT1","","",11.4821,,"",
"","100000007971947","NAT1","","",17.0863,,"",
"","100000007971997","NAT1","","",5.9901,,"",
"","100000007972024","NAT1","","",13.3316,,"",
"","100000007972071","NAT1","","",2.4593,,"",
"","100000007972107","NAT1","","",2.9961,,"",
"","100000007972157","NAT1","","",12.785,,"",
"","100000007976046","NAT1","","",0.3732,,"",
"","100000007976913","NAT1","","",0.5887,,"",
"","100000007976633","NAT1","","",0.5157,,"",
"","100000007976786","NAT1","","",0.2731,,"",
"","100000007976834","NAT1","","",0.2615,,"",
"","100000007976893","NAT1","","",0.393,,"",
"","100000007979815","NAT1","","",5.58,,"",
"","100000007979622","NAT1","","",5.6317,,"",
"","100000007979166","NAT1","","",4.4719,,"",
"","100000007979218","NAT1","","",4.5371,,"",
"","100000007979263","NAT1","","",4.5084,,"",
"","100000007979336","NAT1","","",6.6276,,"",
"","100000007979385","NAT1","","",6.7176,,"",
"","100000007979198","NAT1","","",7.2904,,"",
"","100000007971790","NAT1","","",1.9786,,"",
"","100000007971733","NAT1","","",2.2947,,"",
"","100000007975822","NAT1","","",20.9448,,"",
"","100000007974992","NAT1","","",3.6767,,"",
"","100000007979932","NAT1","","",18.7065,,"",
"","100000007980022","NAT1","","",21.7729,,"",
"","100000007979869","NAT1","","",11.2936,,"",
"","100000007979912","NAT1","","",7.8687,,"",
"","100000007978995","NAT1","","",8.087,,"",
"","100000007979003","NAT1","","",8.1306,,"",
"","100000007979024","NAT1","","",9.9367,,"",
"","100000007979050","NAT1","","",9.7676,,"",
"","100000007979088","NAT1","","",14.3099,,"",
"","100000007984414","NAT1","","",194.5456,,"",
"","100000007984470","NAT1","","",206.2001,,"",
"","100000007985626","NAT1","","",20.9813,,"",
"","100000007913031","NAT1","","",0.1679,,"",
"","100000007913049","NAT1","","",0.7074,,"",
"","100000007913018","NAT1","","",0.2269,,"",
"","100000007912918","NAT1","","",0.0359,,"",
"","100000007912933","NAT1","","",0.0657,,"",
"","100000007912955","NAT1","","",0.395,,"",
"","100000007900965","NAT1","","",0.1773,,"",
"","100000007900981","NAT1","","",0.9611,,"",
"","100000007900993","NAT1","","",0.3205,,"",
"","100000007900975","NAT1","","",10.0134,,"",
"","100000007897762","NAT1","","",0.2714,,"",
"","100000007897721","NAT1","","",0.1904,,"",
"","100000007977250","NAT1","","",3.1611,,"",
"","100000007977408","NAT1","","",3.1683,,"",
"","100000007977058","NAT1","","",5.1069,,"",
"","100000007977028","NAT1","","",5.6877,,"",
"","100000007979557","NAT1","","",10.9076,,"",
"","100000007979558","NAT1","","",51.6105,,"",
"","100000007979240","NAT1","","",8.4456,,"",
"","100000007979312","NAT1","","",4.0818,,"",
"","100000007979361","NAT1","","",3.94,,"",
"","100000007979434","NAT1","","",4.1298,,"",
"","100000007979484","NAT1","","",4.0181,,"",
"","100000007981494","NAT1","","",4.7938,,"",
"","100000007981572","NAT1","","",4.8543,,"",
"","100000007981625","NAT1","","",4.8953,,"",
"","100000007971828","NAT1","","",3.4821,,"",
"","100000007974168","NAT1","","",1.7411,,"",
"","100000007974209","NAT1","","",2.2907,,"",
"","100000007975742","NAT1","","",10.792,,"",
"","100000007975845","NAT1","","",25.5235,,"",
"","100000007974894","NAT1","","",6.0975,,"",
"","100000007974825","NAT1","","",8.3107,,"",
"","100000007979910","NAT1","","",33.1603,,"",
"","100000007979977","NAT1","","",36.8082,,"",
"","100000007980086","NAT1","","",50.07,,"",
"","100000007980190","NAT1","","",27.947,,"",
"","100000007979888","NAT1","","",27.4859,,"",
"","100000007979954","NAT1","","",23.5893,,"",
"","100000007980000","NAT1","","",24.8537,,"",
"","100000007979911","NAT1","","",10.5398,,"",
"","100000007979957","NAT1","","",10.5634,,"",
"","100000007979979","NAT1","","",10.5634,,"",
"","100000007980023","NAT1","","",10.5634,,"",
"","100000007980045","NAT1","","",12.4352,,"",
"","100000007979063","NAT1","","",9.7676,,"",
"","100000007984391","NAT1","","",77.0342,,"",
"","100000007984278","NAT1","","",380.7127,,"",
"","100000007984194","NAT1","","",213.0494,,"",
"","100000007985752","NAT1","","",50.483,,"",
"","100000007985427","NAT1","","",9.1083,,"",
"","100000007912969","NAT1","","",0.1268,,"",
"","100000007900987","NAT1","","",0.3235,,"",
"","100000007901011","NAT1","","",1.3627,,"",
"","100000007900950","NAT1","","",0.1623,,"",
"","100000007900925","NAT1","","",0.5374,,"",
"","100000007900912","NAT1","","",4.7508,,"",
"","100000007897745","NAT1","","",0.3807,,"",
"","100000007897752","NAT1","","",0.3468,,"",
"","100000007897746","NAT1","","",0.5937,,"",
"","100000007897803","NAT1","","",1.1109,,"",
"","100000007977188","NAT1","","",8.7905,,"",
"","100000007977155","NAT1","","",1.8017,,"",
"","100000007977315","NAT1","","",2.2861,,"",
"","100000007979653","NAT1","","",12.8795,,"",
"","100000007979704","NAT1","","",12.8725,,"",
"","100000007979730","NAT1","","",10.9203,,"",
"","100000007979777","NAT1","","",10.6858,,"",
"","100000007983533","NAT1","","",68.7238,,"",
"","100000007985602","NAT1","","",36.1777,,"",
"","100000007985675","NAT1","","",44.0859,,"",
"","100000007973958","NAT1","","",2.0826,,"",
"","100000007974009","NAT1","","",3.6198,,"",
"","100000007975604","NAT1","","",4.8447,,"",
"","100000007975717","NAT1","","",5.6668,,"",
"","100000007975761","NAT1","","",9.2355,,"",
"","100000007975917","NAT1","","",14.8669,,"",
"","100000007978160","NAT1","","",17.5347,,"",
"","100000007978117","NAT1","","",26.5265,,"",
"","100000007978158","NAT1","","",25.0483,,"",
"","100000007977863","NAT1","","",27.2092,,"",
"","100000007980065","NAT1","","",32.7646,,"",
"","100000007980110","NAT1","","",19.0082,,"",
"","100000007980170","NAT1","","",36.3938,,"",
"","100000007980215","NAT1","","",20.6521,,"",
"","100000007980169","NAT1","","",18.9401,,"",
"","100000007979908","NAT1","","",29.451,,"",
"","100000007979952","NAT1","","",28.8744,,"",
"","100000007980043","NAT1","","",48.074,,"",
"","100000007980108","NAT1","","",39.5562,,"",
"","100000007980149","NAT1","","",9.8626,,"",
"","100000007980088","NAT1","","",12.4778,,"",
"","100000007982309","NAT1","","",96.8187,,"",
"","100000007984276","NAT1","","",188.5992,,"",
"","100000007984392","NAT1","","",201.7983,,"",
"","100000007983231","NAT1","","",213.0913,,"",
"","100000007913949","NAT1","","",0.5744,,"",
"","100000007913970","NAT1","","",0.6165,,"",
"","100000007914151","NAT1","","",0.6726,,"",
"","100000007914179","NAT1","","",0.6524,,"",
"","100000007914197","NAT1","","",0.709,,"",
"","100000007903437","NAT1","","",0.1079,,"",
"","100000007903484","NAT1","","",0.0665,,"",
"","100000007903167","NAT1","","",0.3969,,"",
"","100000007903251","NAT1","","",0.2094,,"",
"","100000007903298","NAT1","","",0.7787,,"",
"","100000007916015","NAT1","","",0.2809,,"",
"","100000007897796","NAT1","","",1.356,,"",
"","100000007897785","NAT1","","",0.0661,,"",
"","100000007979675","NAT1","","",44.4,,"",
"","100000007979838","NAT1","","",5.0208,,"",
"","100000007979521","NAT1","","",5.2962,,"",
"","100000007979573","NAT1","","",4.2885,,"",
"","100000007979624","NAT1","","",4.1579,,"",
"","100000007979699","NAT1","","",6.2205,,"",
"","100000007979752","NAT1","","",5.5436,,"",
"","100000007983948","NAT1","","",63.7776,,"",
"","100000007983999","NAT1","","",68.5166,,"",
"","100000007984078","NAT1","","",108.6658,,"",
"","100000007985445","NAT1","","",44.7117,,"",
"","100000007985532","NAT1","","",50.5812,,"",
"","100000007985649","NAT1","","",44.8558,,"",
"","100000007985699","NAT1","","",51.3365,,"",
"","100000007973781","NAT1","","",3.4514,,"",
"","100000007978179","NAT1","","",44.5579,,"",
"","100000007978023","NAT1","","",20.9303,,"",
"","100000007977982","NAT1","","",10.1035,,"",
"","100000007977920","NAT1","","",26.9124,,"",
"","100000007978028","NAT1","","",21.4906,,"",
"","100000007978094","NAT1","","",18.2475,,"",
"","100000007978181","NAT1","","",57.2873,,"",
"","100000007977864","NAT1","","",116.1706,,"",
"","100000007979953","NAT1","","",51.8986,,"",
"","100000007979999","NAT1","","",37.1022,,"",
"","100000007980213","NAT1","","",8.809,,"",
"","100000007979909","NAT1","","",12.4903,,"",
"","100000007979931","NAT1","","",18.0732,,"",
"","100000007982300","NAT1","","",84.924,,"",
"","100000007982324","NAT1","","",23.0035,,"",
"","100000007982359","NAT1","","",212.3386,,"",
"","100000007960912","NAT1","","",0.9667,,"",
"","100000007960979","NAT1","","",2.0856,,"",
"","100000007961025","NAT1","","",2.9499,,"",
"","100000007960723","NAT1","","",2.3696,,"",
"","100000007914229","NAT1","","",0.7274,,"",
"","100000007903367","NAT1","","",0.3245,,"",
"","100000007903414","NAT1","","",1.8314,,"",
"","100000007903485","NAT1","","",0.3888,,"",
"","100000007903460","NAT1","","",0.2498,,"",
"","100000007903109","NAT1","","",1.6467,,"",
"","100000007903203","NAT1","","",0.4709,,"",
"","100000007903252","NAT1","","",3.3169,,"",
"","100000007903321","NAT1","","",1.3388,,"",
"","100000007903369","NAT1","","",3.0829,,"",
"","100000007915968","NAT1","","",0.3509,,"",
"","100000007915985","NAT1","","",0.4094,,"",
"","100000007916022","NAT1","","",0.4816,,"",
"","100000007916043","NAT1","","",0.5405,,"",
"","100000007916067","NAT1","","",0.6097,,"",
"","100000007916085","NAT1","","",0.6986,,"",
"","100000007901247","NAT1","","",0.2696,,"",
"","100000007901020","NAT1","","",0.1141,,"",
"","100000007901074","NAT1","","",0.9304,,"",
"","100000007901128","NAT1","","",0.1628,,"",
"","100000007978976","NAT1","","",10.3061,,"",
"","100000007979598","NAT1","","",10.834,,"",
"","100000007979623","NAT1","","",10.4724,,"",
"","100000007979674","NAT1","","",10.4724,,"",
"","100000007983230","NAT1","","",7.6587,,"",
"","100000007983746","NAT1","","",16.4594,,"",
"","100000007983585","NAT1","","",55.0674,,"",
"","100000007983665","NAT1","","",10.641,,"",
"","100000007985446","NAT1","","",57.4025,,"",
"","100000007978468","NAT1","","",36.6128,,"",
"","100000007978521","NAT1","","",50.902,,"",
"","100000007978047","NAT1","","",45.0681,,"",
"","100000007978004","NAT1","","",10.1556,,"",
"","100000007978052","NAT1","","",10.1253,,"",
"","100000007978095","NAT1","","",16.7466,,"",
"","100000007977892","NAT1","","",10.4917,,"",
"","100000007977942","NAT1","","",11.1146,,"",
"","100000007978005","NAT1","","",13.6448,,"",
"","100000007980064","NAT1","","",30.6283,,"",
"","100000007980150","NAT1","","",41.8341,,"",
"","100000007980214","NAT1","","",48.2611,,"",
"","100000007982581","NAT1","","",287.4605,,"",
"","100000007982265","NAT1","","",95.6565,,"",
"","100000007964183","NAT1","","",8.8964,,"",
"","100000007960849","NAT1","","",2.6866,,"",
"","100000007960913","NAT1","","",4.0312,,"",
"","100000007960959","NAT1","","",5.2483,,"",
"","100000007961026","NAT1","","",4.1342,,"",
"","100000007960724","NAT1","","",4.028,,"",
"","100000007960850","NAT1","","",0.7919,,"",
"","100000007914125","NAT1","","",1.7498,,"",
"","100000007907202","NAT1","","",0.2673,,"",
"","100000007907304","NAT1","","",0.2589,,"",
"","100000007907341","NAT1","","",0.1418,,"",
"","100000007901075","NAT1","","",0.1134,,"",
"","100000007901109","NAT1","","",0.5188,,"",
"","100000007901160","NAT1","","",0.2522,,"",
"","100000007901189","NAT1","","",2.5904,,"",
"","100000007901234","NAT1","","",0.6859,,"",
"","100000007983352","NAT1","","",549.4275,,"",
"","100000007983036","NAT1","","",586.3583,,"",
"","100000007983098","NAT1","","",302.6722,,"",
"","100000007983141","NAT1","","",298.0635,,"",
"","100000007983257","NAT1","","",261.8111,,"",
"","100000007983305","NAT1","","",19.4266,,"",
"","100000007983351","NAT1","","",6.868,,"",
"","100000007983035","NAT1","","",24.4653,,"",
"","100000007983834","NAT1","","",84.8909,,"",
"","100000007983719","NAT1","","",18.5818,,"",
"","100000007959876","NAT1","","",1.2304,,"",
"","100000007959913","NAT1","","",1.8719,,"",
"","100000007959946","NAT1","","",3.3733,,"",
"","100000007960030","NAT1","","",8.9373,,"",
"","100000007959837","NAT1","","",1.3704,,"",
"","100000007959877","NAT1","","",1.4679,,"",
"","100000007962121","NAT1","","",2.0388,,"",
"","100000007978072","NAT1","","",28.1812,,"",
"","100000007977911","NAT1","","",99.418,,"",
"","100000007978053","NAT1","","",14.4817,,"",
"","100000007978120","NAT1","","",16.0593,,"",
"","100000007982323","NAT1","","",117.4429,,"",
"","100000007961004","NAT1","","",1.1429,,"",
"","100000007960701","NAT1","","",1.7151,,"",
"","100000007960775","NAT1","","",2.4177,,"",
"","100000007960871","NAT1","","",7.6557,,"",
"","100000007960980","NAT1","","",12.3506,,"",
"","100000007907401","NAT1","","",0.4479,,"",
"","100000007907203","NAT1","","",0.151,,"",
"","100000007907305","NAT1","","",0.8,,"",
"","100000008028520","NAT1","","",3.1602,,"",
"","100000008028735","NAT1","","",3.81,,"",
"","100000007905327","NAT1","","",0.5569,,"",
"","100000007905433","NAT1","","",0.1589,,"",
"","100000007905530","NAT1","","",3.5525,,"",
"","100000007905285","NAT1","","",3.0719,,"",
"","100000007905379","NAT1","","",3.8867,,"",
"","100000007905414","NAT1","","",3.0132,,"",
"","100000007960054","NAT1","","",1.0104,,"",
"","100000007959885","NAT1","","",1.3034,,"",
"","100000007962192","NAT1","","",4.1082,,"",
"","100000007961882","NAT1","","",2.9824,,"",
"","100000007961934","NAT1","","",3.0195,,"",
"","100000007962052","NAT1","","",3.9825,,"",
"","100000007962122","NAT1","","",4.3239,,"",
"","100000007962166","NAT1","","",4.5131,,"",
"","100000007961935","NAT1","","",5.6132,,"",
"","100000007961981","NAT1","","",4.6221,,"",
"","100000007962098","NAT1","","",1.0628,,"",
"","100000007982648","NAT1","","",272.0363,,"",
"","100000007982697","NAT1","","",332.7652,,"",
"","100000007982779","NAT1","","",223.3683,,"",
"","100000007960413","NAT1","","",47.5417,,"",
"","100000007963692","NAT1","","",3.6108,,"",
"","100000008030365","NAT1","","",15.2378,,"",
"","100000008030223","NAT1","","",25.6472,,"",
"","100000007905565","NAT1","","",3.9013,,"",
"","100000007905302","NAT1","","",6.2364,,"",
"","100000007959923","NAT1","","",1.9192,,"",
"","100000007959959","NAT1","","",3.5246,,"",
"","100000007960010","NAT1","","",4.0913,,"",
"","100000007960042","NAT1","","",1.0607,,"",
"","100000007959850","NAT1","","",1.3276,,"",
"","100000007959886","NAT1","","",1.7448,,"",
"","100000007959908","NAT1","","",2.6822,,"",
"","100000007959974","NAT1","","",5.6164,,"",
"","100000007960055","NAT1","","",0.7852,,"",
"","100000007962053","NAT1","","",4.4755,,"",
"","100000007962097","NAT1","","",8.0891,,"",
"","100000007962141","NAT1","","",1.5793,,"",
"","100000007962215","NAT1","","",1.4787,,"",
"","100000007961901","NAT1","","",2.5507,,"",
"","100000007961957","NAT1","","",2.3536,,"",
"","100000007962029","NAT1","","",2.0448,,"",
"","100000007962075","NAT1","","",9.5865,,"",
"","100000007962193","NAT1","","",1.2139,,"",
"","100000007960958","NAT1","","",1.6636,,"",
"","100000007982840","NAT1","","",33.7587,,"",
"","100000007982869","NAT1","","",46.7516,,"",
"","100000007984965","NAT1","","",35.005,,"",
"","100000007958440","NAT1","","",20.2172,,"",
"","100000007958482","NAT1","","",28.4525,,"",
"","100000007958551","NAT1","","",42.7076,,"",
"","100000007958599","NAT1","","",30.4231,,"",
"","100000007958356","NAT1","","",59.2225,,"",
"","100000007958461","NAT1","","",24.517,,"",
"","100000007963643","NAT1","","",1.9124,,"",
"","100000007963674","NAT1","","",2.1041,,"",
"","100000007963729","NAT1","","",2.0073,,"",
"","100000007963728","NAT1","","",5.3987,,"",
"","100000007963755","NAT1","","",1.8446,,"",
"","100000007963614","NAT1","","",1.9886,,"",
"","100000007963623","NAT1","","",1.9433,,"",
"","100000007963652","NAT1","","",2.0127,,"",
"","100000007964227","NAT1","","",2.555,,"",
"","100000007893430","NSR1","","",1.8911,,"",
"","100000007912951","NSR1","","",0.0124,,"",
"","100000008036556","NSR1","","",0.2577,,"",
"","100000008036638","NSR1","","",0.0933,,"",
"","100000008034015","NSR1","","",0.5452,,"",
"","100000008034482","NSR1","","",0.094,,"",
"","100000008034762","NSR1","","",0.096,,"",
"","100000008027059","NSR1","","",2.4668,,"",
"","100000008027367","NSR1","","",1.9064,,"",
"","100000008027575","NSR1","","",1.3734,,"",
"","100000008027873","NSR1","","",10.0914,,"",
"","100000008026572","NSR1","","",3.1114,,"",
"","100000008026801","NSR1","","",2.2986,,"",
"","100000007981264","NSR1","","",37.4785,,"",
"","100000007980967","NSR1","","",36.2331,,"",
"","100000007981019","NSR1","","",36.0388,,"",
"","100000007981066","NSR1","","",5.1246,,"",
"","100000007981144","NSR1","","",4.3397,,"",
"","100000007957707","NSR1","","",0.3746,,"",
"","100000007894396","NSR1","","",14.8511,,"",
"","100000007894408","NSR1","","",31.5751,,"",
"","100000007894412","NSR1","","",0.6866,,"",
"","100000007894416","NSR1","","",0.2919,,"",
"","100000007899822","NSR1","","",0.379,,"",
"","100000007894400","NSR1","","",0.3106,,"",
"","100000007894405","NSR1","","",1.5864,,"",
"","100000007912941","NSR1","","",4.0346,,"",
"","100000007900975","NSR1","","",7.116,,"",
"","100000007900987","NSR1","","",0.2942,,"",
"","100000007901011","NSR1","","",0.9102,,"",
"","100000007900950","NSR1","","",0.1296,,"",
"","100000007900925","NSR1","","",0.513,,"",
"","100000008033656","NSR1","","",0.1048,,"",
"","100000008034106","NSR1","","",0.1132,,"",
"","100000008034301","NSR1","","",0.121,,"",
"","100000008003308","NSR1","","",0.6613,,"",
"","100000008003475","NSR1","","",1.0766,,"",
"","100000008004535","NSR1","","",0.2079,,"",
"","100000008005227","NSR1","","",0.2417,,"",
"","100000008027079","NSR1","","",19.45,,"",
"","100000008027779","NSR1","","",14.27,,"",
"","100000008016155","NSR1","","",12.1737,,"",
"","100000007952145","NSR1","","",10.414,,"",
"","100000007951854","NSR1","","",1.2381,,"",
"","100000007957708","NSR1","","",1.727,,"",
"","100000007960054","NSR1","","",0.7548,,"",
"","100000007959885","NSR1","","",1.1552,,"",
"","100000007959923","NSR1","","",1.7766,,"",
"","100000007959959","NSR1","","",3.2755,,"",
"","100000007960010","NSR1","","",3.18,,"",
"","100000007960042","NSR1","","",0.7373,,"",
"","100000008022727","NSR1","","",21.1713,,"",
"","100000008023473","NSR1","","",19.5956,,"",
"","100000008018496","NSR1","","",0.2284,,"",
"","100000007894393","NSR1","","",1.871,,"",
"","100000007894397","NSR1","","",0.3406,,"",
"","100000007894941","NSR1","","",0.9672,,"",
"","100000007894410","NSR1","","",0.7283,,"",
"","100000007894413","NSR1","","",7.062,,"",
"","100000007894418","NSR1","","",1.5631,,"",
"","100000007900912","NSR1","","",2.4,,"",
"","100000007901247","NSR1","","",0.2942,,"",
"","100000007901020","NSR1","","",0.0878,,"",
"","100000007901074","NSR1","","",0.9102,,"",
"","100000007901128","NSR1","","",0.1296,,"",
"","100000007896221","NSR1","","",2.1661,,"",
"","100000007896226","NSR1","","",8.3965,,"",
"","100000007896241","NSR1","","",0.4229,,"",
"","100000007898506","NSR1","","",0.328,,"",
"","100000007898484","NSR1","","",1.5792,,"",
"","100000007898487","NSR1","","",0.7289,,"",
"","100000007902727","NSR1","","",0.35,,"",
"","100000007903640","NSR1","","",1.8441,,"",
"","100000007903297","NSR1","","",0.4501,,"",
"","100000007903344","NSR1","","",0.097,,"",
"","100000007903414","NSR1","","",1.2013,,"",
"","100000007903485","NSR1","","",0.163,,"",
"","100000007903460","NSR1","","",0.098,,"",
"","100000007999302","NSR1","","",0.914,,"",
"","100000008004444","NSR1","","",0.2791,,"",
"","100000008004710","NSR1","","",0.3237,,"",
"","100000008004967","NSR1","","",0.3919,,"",
"","100000008004185","NSR1","","",0.459,,"",
"","100000008004445","NSR1","","",0.4851,,"",
"","100000007951871","NSR1","","",10.414,,"",
"","100000007959850","NSR1","","",0.8695,,"",
"","100000007959886","NSR1","","",1.1297,,"",
"","100000007959908","NSR1","","",1.7117,,"",
"","100000007959974","NSR1","","",4.39,,"",
"","100000007960055","NSR1","","",0.5137,,"",
"","100000007959876","NSR1","","",0.84,,"",
"","100000007959913","NSR1","","",1.2202,,"",
"","100000007959946","NSR1","","",2.32,,"",
"","100000007959837","NSR1","","",0.9524,,"",
"","100000007959877","NSR1","","",1.09,,"",
"","100000008019072","NSR1","","",0.1832,,"",
"","100000007895200","NSR1","","",0.163,,"",
"","100000007895212","NSR1","","",0.1564,,"",
"","100000007895211","NSR1","","",0.3678,,"",
"","100000007895214","NSR1","","",0.2296,,"",
"","100000007894329","NSR1","","",0.0371,,"",
"","100000007894442","NSR1","","",0.0479,,"",
"","100000007894431","NSR1","","",0.3373,,"",
"","100000007894439","NSR1","","",0.0827,,"",
"","100000007894443","NSR1","","",0.0644,,"",
"","100000007894728","NSR1","","",1.16,,"",
"","100000007904228","NSR1","","",0.4616,,"",
"","100000007903913","NSR1","","",0.0971,,"",
"","100000007903958","NSR1","","",1.38,,"",
"","100000007904024","NSR1","","",0.1044,,"",
"","100000007904100","NSR1","","",0.1365,,"",
"","100000007904151","NSR1","","",0.8762,,"",
"","100000007903933","NSR1","","",0.0365,,"",
"","100000007905359","NSR1","","",1.6129,,"",
"","100000007904493","NSR1","","",0.128,,"",
"","100000008004623","NSR1","","",0.876,,"",
"","100000008001859","NSR1","","",4.0806,,"",
"","100000008002132","NSR1","","",4.2516,,"",
"","100000008000346","NSR1","","",0.4066,,"",
"","100000008000757","NSR1","","",0.529,,"",
"","100000008000512","NSR1","","",1.1184,,"",
"","100000008000913","NSR1","","",1.2026,,"",
"","100000007955832","NSR1","","",2.5282,,"",
"","100000007955849","NSR1","","",3.0886,,"",
"","100000007956940","NSR1","","",2.526,,"",
"","100000007956506","NSR1","","",25.34,,"",
"","100000007956449","NSR1","","",10.48,,"",
"","100000007956478","NSR1","","",5.068,,"",
"","100000007956380","NSR1","","",4.6929,,"",
"","100000007962121","NSR1","","",1.3983,,"",
"","100000007962192","NSR1","","",2.8307,,"",
"","100000007961882","NSR1","","",2.05,,"",
"","100000007961934","NSR1","","",2.16,,"",
"","100000007962122","NSR1","","",3.18,,"",
"","100000007962166","NSR1","","",3.26,,"",
"","100000007953724","NSR1","","",10.155,,"",
"","100000007953739","NSR1","","",1.9558,,"",
"","100000007953770","NSR1","","",4.8192,,"",
"","100000008028839","NSR1","","",2.9809,,"",
"","100000008013322","NSR1","","",21.55,,"",
"","100000008028494","NSR1","","",16.8919,,"",
"","100000008028108","NSR1","","",11.84,,"",
"","100000007903981","NSR1","","",0.027,,"",
"","100000007904204","NSR1","","",0.1753,,"",
"","100000007903982","NSR1","","",0.0395,,"",
"","100000007904254","NSR1","","",0.814,,"",
"","100000007903957","NSR1","","",0.0868,,"",
"","100000007902830","NSR1","","",0.0149,,"",
"","100000008028735","NSR1","","",1.681,,"",
"","100000007903109","NSR1","","",0.632,,"",
"","100000007903203","NSR1","","",0.187,,"",
"","100000007903252","NSR1","","",1.47,,"",
"","100000008002596","NSR1","","",1.79,,"",
"","100000008001589","NSR1","","",1.908,,"",
"","100000008001776","NSR1","","",2.1118,,"",
"","100000008002512","NSR1","","",2.3666,,"",
"","100000008001535","NSR1","","",0.0404,,"",
"","100000008000348","NSR1","","",0.8019,,"",
"","100000008000851","NSR1","","",0.313,,"",
"","100000008001072","NSR1","","",0.76,,"",
"","100000007956397","NSR1","","",5.3689,,"",
"","100000007956440","NSR1","","",5.896,,"",
"","100000007956415","NSR1","","",9.67,,"",
"","100000007956460","NSR1","","",9.47,,"",
"","100000007956480","NSR1","","",8.0811,,"",
"","100000007956824","NSR1","","",14.41,,"",
"","100000007956742","NSR1","","",2.5529,,"",
"","100000007956779","NSR1","","",2.75,,"",
"","100000007956701","NSR1","","",3.0974,,"",
"","100000007956702","NSR1","","",3.9156,,"",
"","100000007956696","NSR1","","",4.3244,,"",
"","100000007956721","NSR1","","",2.6878,,"",
"","100000007956735","NSR1","","",3.4738,,"",
"","100000007956762","NSR1","","",3.3504,,"",
"","100000007956780","NSR1","","",5.2622,,"",
"","100000007953783","NSR1","","",3.283,,"",
"","100000008028548","NSR1","","",7.7433,,"",
"","100000008029171","NSR1","","",3.5271,,"",
"","100000008012683","NSR1","","",5.0909,,"",
"","100000007910915","NSR1","","",0.0633,,"",
"","100000007910711","NSR1","","",0.0708,,"",
"","100000007910810","NSR1","","",0.1297,,"",
"","100000007910952","NSR1","","",0.1753,,"",
"","100000007910811","NSR1","","",0.1834,,"",
"","100000007912763","NSR1","","",1.2174,,"",
"","100000007912545","NSR1","","",0.6246,,"",
"","100000007912577","NSR1","","",0.1586,,"",
"","100000007897785","NSR1","","",0.049,,"",
"","100000007897789","NSR1","","",0.0506,,"",
"","100000007898425","NSR1","","",0.3293,,"",
"","100000007898451","NSR1","","",0.4926,,"",
"","100000007898393","NSR1","","",0.7259,,"",
"","100000007898426","NSR1","","",0.902,,"",
"","100000007898457","NSR1","","",1.9143,,"",
"","100000007956795","NSR1","","",5.2851,,"",
"","100000007957224","NSR1","","",11.7468,,"",
"","100000007957244","NSR1","","",9.5023,,"",
"","100000007957123","NSR1","","",11.7468,,"",
"","100000007957139","NSR1","","",14.307,,"",
"","100000007958033","NSR1","","",17.95,,"",
"","100000007958054","NSR1","","",15.4,,"",
"","100000007957972","NSR1","","",9.79,,"",
"","100000007957984","NSR1","","",20.275,,"",
"","100000007956688","NSR1","","",4.3632,,"",
"","100000007956713","NSR1","","",4.2078,,"",
"","100000007956727","NSR1","","",4.6753,,"",
"","100000007956770","NSR1","","",10.1034,,"",
"","100000007956796","NSR1","","",9.1554,,"",
"","100000007956703","NSR1","","",15.0498,,"",
"","100000007956608","NSR1","","",6.9011,,"",
"","100000007953867","NSR1","","",9.0978,,"",
"","100000007953958","NSR1","","",5.9402,,"",
"","100000007954145","NSR1","","",18.1422,,"",
"","100000007954231","NSR1","","",7.8134,,"",
"","100000007954232","NSR1","","",14.075,,"",
"","100000008017286","NSR1","","",1.9246,,"",
"","100000008017010","NSR1","","",3.684,,"",
"","100000008017500","NSR1","","",4.9995,,"",
"","100000008017806","NSR1","","",5.1635,,"",
"","100000008013101","NSR1","","",3.2518,,"",
"","100000008011909","NSR1","","",1.9778,,"",
"","100000008010219","NSR1","","",22.31,,"",
"","100000008010298","NSR1","","",16.42,,"",
"","100000007899738","NSR1","","",0.1414,,"",
"","100000007899718","NSR1","","",1.4406,,"",
"","100000007899722","NSR1","","",0.069,,"",
"","100000007913098","NSR1","","",0.0486,,"",
"","100000007913122","NSR1","","",0.0734,,"",
"","100000007913140","NSR1","","",0.1058,,"",
"","100000007912650","NSR1","","",0.5528,,"",
"","100000007912702","NSR1","","",0.9546,,"",
"","100000007912514","NSR1","","",1.2956,,"",
"","100000007911526","NSR1","","",0.7712,,"",
"","100000007911578","NSR1","","",1.36,,"",
"","100000007898394","NSR1","","",4.3754,,"",
"","100000007898427","NSR1","","",0.1666,,"",
"","100000007898442","NSR1","","",0.304,,"",
"","100000007898342","NSR1","","",2.4052,,"",
"","100000007898337","NSR1","","",0.359,,"",
"","100000007898358","NSR1","","",0.1277,,"",
"","100000007898384","NSR1","","",1.0021,,"",
"","100000007898250","NSR1","","",0.2504,,"",
"","100000007898284","NSR1","","",0.1457,,"",
"","100000007898500","NSR1","","",0.8199,,"",
"","100000007978023","NSR1","","",21.12,,"",
"","100000007977892","NSR1","","",11.0586,,"",
"","100000007978005","NSR1","","",14.5444,,"",
"","100000007980215","NSR1","","",22.1774,,"",
"","100000007958008","NSR1","","",15.7342,,"",
"","100000007958058","NSR1","","",12.7838,,"",
"","100000007957955","NSR1","","",19.95,,"",
"","100000007957974","NSR1","","",13.31,,"",
"","100000007958012","NSR1","","",23.0742,,"",
"","100000008017709","NSR1","","",2.5734,,"",
"","100000008017978","NSR1","","",3.076,,"",
"","100000008016689","NSR1","","",3.6907,,"",
"","100000008016925","NSR1","","",3.82,,"",
"","100000008017099","NSR1","","",4.7838,,"",
"","100000008017399","NSR1","","",6.81,,"",
"","100000008016707","NSR1","","",17.52,,"",
"","100000007899726","NSR1","","",0.34,,"",
"","100000007899734","NSR1","","",0.0836,,"",
"","100000007899736","NSR1","","",0.0997,,"",
"","100000007913032","NSR1","","",0.146,,"",
"","100000007913115","NSR1","","",0.2362,,"",
"","100000007913076","NSR1","","",0.0112,,"",
"","100000007913091","NSR1","","",0.0122,,"",
"","100000007913116","NSR1","","",0.0172,,"",
"","100000007913023","NSR1","","",0.0274,,"",
"","100000007911525","NSR1","","",0.2758,,"",
"","100000007911576","NSR1","","",0.169,,"",
"","100000007911650","NSR1","","",0.1612,,"",
"","100000007911758","NSR1","","",0.206,,"",
"","100000007911433","NSR1","","",0.1806,,"",
"","100000007912911","NSR1","","",0.204,,"",
"","100000007912935","NSR1","","",0.034,,"",
"","100000007911854","NSR1","","",0.179,,"",
"","100000007912015","NSR1","","",0.1588,,"",
"","100000008007005","NSR1","","",1.22,,"",
"","100000007979838","NSR1","","",4.8102,,"",
"","100000007979573","NSR1","","",4.7256,,"",
"","100000007979624","NSR1","","",4.7256,,"",
"","100000007979699","NSR1","","",6.5245,,"",
"","100000007979815","NSR1","","",5.9534,,"",
"","100000007979622","NSR1","","",5.9534,,"",
"","100000008026523","NSR1","","",14.61,,"",
"","100000007935692","FOS1","","",65.97514825,,"",
"","100000007935666","FOS1","","",87.62945997,,"",
"","100000007935743","FOS1","","",21.15802351,,"",
"","100000008031031","FOS1","","",6.247691591,,"",
"","100000008030575","FOS1","","",8.841603249,,"",
"","100000008030444","FOS1","","",3.842817832,,"",
"","100000008030051","FOS1","","",2.951555914,,"",
"","100000008025138","FOS1","","",22.50047132,,"",
"","100000008026074","FOS1","","",53.35068938,,"",
"","100000008000823","FOS1","","",102.749027,,"",
"","100000007998745","FOS1","","",24.09472237,,"",
"","100000307438702","FOS1","","",0.1805,,"",
"","100000007893006","FOS1","","",0.699885825,,"",
"","100000007893009","FOS1","","",53.16727127,,"",
"","100000007892997","FOS1","","",4.801602823,,"",
"","100000007892945","FOS1","","",0.424064803,,"",
"","100000007893990","FOS1","","",95.41493222,,"",
"","100000007894419","FOS1","","",1.906213998,,"",
"","100000007894432","FOS1","","",1.920065386,,"",
"","100000007894440","FOS1","","",1.920065386,,"",
"","100000007894430","FOS1","","",2.869870346,,"",
"","100000007894434","FOS1","","",2.641890564,,"",
"","100000007894654","FOS1","","",2.515423058,,"",
"","100000007895181","FOS1","","",7.970089293,,"",
"","100000007895186","FOS1","","",11.96862895,,"",
"","100000007895168","FOS1","","",15.96743321,,"",
"","100000007895676","FOS1","","",12.32796832,,"",
"","100000007895680","FOS1","","",5.863370772,,"",
"","100000007895661","FOS1","","",6.656549761,,"",
"","100000007895663","FOS1","","",3.733757403,,"",
"","100000007895673","FOS1","","",5.141719219,,"",
"","100000007895677","FOS1","","",5.141719219,,"",
"","100000007938558","FOS1","","",83.85878023,,"",
"","100000007938631","FOS1","","",110.4836057,,"",
"","100000007938654","FOS1","","",111.7560824,,"",
"","100000007938549","FOS1","","",94.46895803,,"",
"","100000007999817","FOS1","","",90.78976965,,"",
"","100000007998397","FOS1","","",112.3172408,,"",
"","100000007998487","FOS1","","",127.2928729,,"",
"","100000007999840","FOS1","","",26.89025743,,"",
"","100000007892613","FOS1","","",0.530423576,,"",
"","100000007892956","FOS1","","",0.726338606,,"",
"","100000007893064","FOS1","","",0.691863269,,"",
"","100000007893044","FOS1","","",0.824846522,,"",
"","100000007893390","FOS1","","",0.593633907,,"",
"","100000007893995","FOS1","","",1.23315706,,"",
"","100000007893977","FOS1","","",1.194163434,,"",
"","100000007893975","FOS1","","",1.258664468,,"",
"","100000007898212","FOS1","","",214.1336888,,"",
"","100000007898181","FOS1","","",107.0645976,,"",
"","100000007895668","FOS1","","",279.8821215,,"",
"","100000007999069","FOS1","","",24.73653518,,"",
"","100000007999283","FOS1","","",35.56712625,,"",
"","100000007999614","FOS1","","",18.05098513,,"",
"","100000007998323","FOS1","","",50.07807878,,"",
"","100000007998574","FOS1","","",1.409134478,,"",
"","100000007998686","FOS1","","",106.1665348,,"",
"","100000007999196","FOS1","","",114.0554838,,"",
"","100000008010124","FOS1","","",197.3574374,,"",
"","100000008010843","FOS1","","",17.19037817,,"",
"","100000007896587","FOS1","","",11.65104367,,"",
"","100000007896591","FOS1","","",11.88080788,,"",
"","100000007896569","FOS1","","",20.05445675,,"",
"","100000007896585","FOS1","","",46.84172018,,"",
"","100000007896692","FOS1","","",5.457939355,,"",
"","100000007897186","FOS1","","",4.665312068,,"",
"","100000007897192","FOS1","","",14.09809699,,"",
"","100000007897202","FOS1","","",19.77669691,,"",
"","100000007897188","FOS1","","",47.89555336,,"",
"","100000007897402","FOS1","","",13.48871625,,"",
"","100000007897409","FOS1","","",6.044126253,,"",
"","100000007897412","FOS1","","",15.64699192,,"",
"","100000007897421","FOS1","","",12.40245416,,"",
"","100000007897823","FOS1","","",17.16103892,,"",
"","100000007897830","FOS1","","",304.4096173,,"",
"","100000007897805","FOS1","","",170.3133391,,"",
"","100000007897812","FOS1","","",141.7995881,,"",
"","100000007898192","FOS1","","",40.50098296,,"",
"","100000007898201","FOS1","","",63.11680389,,"",
"","100000007898182","FOS1","","",47.11030627,,"",
"","100000007898194","FOS1","","",2.712441196,,"",
"","100000007900071","FOS1","","",90.49842644,,"",
"","100000007900083","FOS1","","",262.9545306,,"",
"","100000007900087","FOS1","","",82.86531361,,"",
"","100000007900058","FOS1","","",205.8690406,,"",
"","100000007939477","FOS1","","",140.0672732,,"",
"","100000007939428","FOS1","","",219.8243505,,"",
"","100000007939370","FOS1","","",115.0808297,,"",
"","100000007939414","FOS1","","",154.4520099,,"",
"","100000008010987","FOS1","","",78.88949056,,"",
"","100000008011200","FOS1","","",150.2644229,,"",
"","100000008011650","FOS1","","",3.171725354,,"",
"","100000008011841","FOS1","","",2.169661876,,"",
"","100000008012248","FOS1","","",3.081132538,,"",
"","100000008011084","FOS1","","",3.192615243,,"",
"","100000008011229","FOS1","","",2.934600677,,"",
"","100000008011464","FOS1","","",2.262061795,,"",
"","100000008011230","FOS1","","",5.294435399,,"",
"","100000008011252","FOS1","","",1.692793655,,"",
"","100000008011490","FOS1","","",0.865702884,,"",
"","100000008011766","FOS1","","",0.890354666,,"",
"","100000008011963","FOS1","","",5.949039549,,"",
"","100000008010890","FOS1","","",9.48855593,,"",
"","100000008009964","FOS1","","",14.30096624,,"",
"","100000007896665","FOS1","","",14.57284238,,"",
"","100000007896631","FOS1","","",46.03639672,,"",
"","100000007896634","FOS1","","",46.90944309,,"",
"","100000007897193","FOS1","","",58.06827245,,"",
"","100000007897203","FOS1","","",45.75800728,,"",
"","100000007897182","FOS1","","",53.18549168,,"",
"","100000007897821","FOS1","","",11.70746001,,"",
"","100000007897831","FOS1","","",20.81777717,,"",
"","100000007897817","FOS1","","",57.05835264,,"",
"","100000007939361","FOS1","","",162.3138587,,"",
"","100000007939424","FOS1","","",144.2351778,,"",
"","100000307493547","FOS1","","",38.1588,,"",
"","100000307493548","FOS1","","",41.183,,"",
"","100000307493549","FOS1","","",13.6637,,"",
"","100000307493550","FOS1","","",15.3558,,"",
"","100000307493551","FOS1","","",20.3138,,"",
"","100000307493553","FOS1","","",45.8102,,"",
"","100000008011491","FOS1","","",3.659353394,,"",
"","100000008012415","FOS1","","",10.26721674,,"",
"","100000008011052","FOS1","","",11.37096529,,"",
"","100000008010150","FOS1","","",176.4985213,,"",
"","100000008031192","FOS1","","",3.293569463,,"",
"","100000008010700","FOS1","","",0.545821856,,"",
"","100000008030642","FOS1","","",0.413564007,,"",
"","100000008030818","FOS1","","",0.494147942,,"",
"","100000007896650","FOS1","","",35.16879526,,"",
"","100000307430461","FOS1","","",164.9771,,"",
"","100000307430462","FOS1","","",187.3465,,"",
"","100000307430463","FOS1","","",198.8488,,"",
"","100000307430464","FOS1","","",209.2779,,"",
"","100000307430465","FOS1","","",245.7626,,"",
"","100000307430488","FOS1","","",25.7497,,"",
"","100000307430488","FOS1","","",0.2575,,"",
"","100000307430489","FOS1","","",28.5563,,"",
"","100000307430489","FOS1","","",0.2856,,"",
"","100000007901532","FOS1","","",55.62690687,,"",
"","100000007901315","FOS1","","",117.397495,,"",
"","100000307430554","FOS1","","",90.2201,,"",
"","100000007901533","FOS1","","",51.80917343,,"",
"","100000007901300","FOS1","","",59.44868811,,"",
"","100000007901350","FOS1","","",441.5083276,,"",
"","100000307430568","FOS1","","",9.8303,,"",
"","100000307430569","FOS1","","",14.3181,,"",
"","100000307430570","FOS1","","",20.4932,,"",
"","100000307430571","FOS1","","",25.8052,,"",
"","100000307430572","FOS1","","",32.6573,,"",
"","100000307430573","FOS1","","",35.5002,,"",
"","100000307430574","FOS1","","",45.6027,,"",
"","100000307430575","FOS1","","",50.5492,,"",
"","100000307430576","FOS1","","",58.5323,,"",
"","100000307438613","FOS1","","",23.0622,,"",
"","100000008010644","FOS1","","",3.505660505,,"",
"","100000008009862","FOS1","","",8.039942736,,"",
"","100000008010185","FOS1","","",0.602317363,,"",
"","100000008011198","FOS1","","",1.197951523,,"",
"","100000008013212","FOS1","","",0.728141663,,"",
"","100000008012486","FOS1","","",0.454617403,,"",
"","100000008012651","FOS1","","",6.926229849,,"",
"","100000008012812","FOS1","","",0.775523806,,"",
"","100000008013213","FOS1","","",0.625024495,,"",
"","100000008013446","FOS1","","",1.630752513,,"",
"","100000008031941","FOS1","","",8.058199718,,"",
"","100000008030633","FOS1","","",0.924137545,,"",
"","100000008030903","FOS1","","",0.906510779,,"",
"","100000008031092","FOS1","","",1.069846528,,"",
"","100000008031586","FOS1","","",1.261836971,,"",
"","100000008030904","FOS1","","",0.676919399,,"",
"","100000307430466","FOS1","","",131.0423,,"",
"","100000307430467","FOS1","","",136.5829,,"",
"","100000307430471","FOS1","","",185.0449,,"",
"","100000307430496","FOS1","","",18.1344,,"",
"","100000307430496","FOS1","","",0.1813,,"",
"","100000307430497","FOS1","","",21.0833,,"",
"","100000307430497","FOS1","","",0.2108,,"",
"","100000307430498","FOS1","","",24.7363,,"",
"","100000307430498","FOS1","","",0.2474,,"",
"","100000307430499","FOS1","","",30.7015,,"",
"","100000307430499","FOS1","","",0.307,,"",
"","100000307430500","FOS1","","",32.4066,,"",
"","100000307430500","FOS1","","",0.3241,,"",
"","100000007901002","FOS1","","",199.2720052,,"",
"","100000007901005","FOS1","","",203.9644617,,"",
"","100000307430527","FOS1","","",128.9382,,"",
"","100000307430528","FOS1","","",154.1781,,"",
"","100000007905428","FOS1","","",8.622094366,,"",
"","100000307438729","FOS1","","",8.4752,,"",
"","100000307438730","FOS1","","",12.5206,,"",
"","100000307438731","FOS1","","",14.7476,,"",
"","100000307438732","FOS1","","",16.9062,,"",
"","100000307430577","FOS1","","",60.2769,,"",
"","100000307430578","FOS1","","",65.9285,,"",
"","100000307438614","FOS1","","",28.9406,,"",
"","100000307438615","FOS1","","",36.4481,,"",
"","100000008010026","FOS1","","",1.319750989,,"",
"","100000008010425","FOS1","","",0.786414575,,"",
"","100000008010962","FOS1","","",0.912279771,,"",
"","100000008017113","FOS1","","",10.2230551,,"",
"","100000008029635","FOS1","","",92.32936497,,"",
"","100000008013603","FOS1","","",1.203399009,,"",
"","100000008012734","FOS1","","",0.696475999,,"",
"","100000008013545","FOS1","","",1.004525545,,"",
"","100000008012505","FOS1","","",2.025596976,,"",
"","100000008012914","FOS1","","",1.333163609,,"",
"","100000008030634","FOS1","","",2.197154951,,"",
"","100000008030811","FOS1","","",4.24915237,,"",
"","100000307430472","FOS1","","",9.4181,,"",
"","100000307430472","FOS1","","",0.0942,,"",
"","100000307438669","FOS1","","",68.9257,,"",
"","100000307438670","FOS1","","",118.7964,,"",
"","100000007904122","FOS1","","",86.75604898,,"",
"","100000007904175","FOS1","","",126.6672336,,"",
"","100000307438704","FOS1","","",20.0832,,"",
"","100000307438704","FOS1","","",0.2008,,"",
"","100000307438706","FOS1","","",22.1919,,"",
"","100000307438706","FOS1","","",0.2219,,"",
"","100000307438708","FOS1","","",23.6742,,"",
"","100000007905411","FOS1","","",43.78587783,,"",
"","100000307438739","FOS1","","",10.8832,,"",
"","100000307438740","FOS1","","",13.534,,"",
"","100000307438741","FOS1","","",12.7833,,"",
"","100000307438742","FOS1","","",14.8998,,"",
"","100000007891913","FOS1","","",0.345465881,,"",
"","100000007891891","FOS1","","",0.661969821,,"",
"","100000007891901","FOS1","","",0.761364079,,"",
"","100000007891905","FOS1","","",0.821946747,,"",
"","100000007891912","FOS1","","",0.714147508,,"",
"","100000007935667","FOS1","","",8.479882001,,"",
"","100000007935702","FOS1","","",38.42854167,,"",
"","100000007935950","FOS1","","",15.93815664,,"",
"","100000008031099","FOS1","","",5.287656211,,"",
"","100000008031002","FOS1","","",6.092887899,,"",
"","100000008030168","FOS1","","",6.092887899,,"",
"","100000008030399","FOS1","","",5.951111423,,"",
"","100000008030476","FOS1","","",26.99324859,,"",
"","100000008025996","FOS1","","",23.01834862,,"",
"","100000008029824","FOS1","","",113.399747,,"",
"","100000008030394","FOS1","","",102.2729245,,"",
"","100000008013236","FOS1","","",2.627712295,,"",
"","100000307438708","FOS1","","",0.2367,,"",
"","100000307438710","FOS1","","",26.476,,"",
"","100000307438710","FOS1","","",0.2648,,"",
"","100000307438712","FOS1","","",27.8295,,"",
"","100000307438712","FOS1","","",0.2783,,"",
"","100000307438713","FOS1","","",29.0239,,"",
"","100000307438713","FOS1","","",0.2902,,"",
"","100000007893058","FOS1","","",39.83343173,,"",
"","100000007905393","FOS1","","",92.06922785,,"",
"","100000007905447","FOS1","","",6.700574496,,"",
"","100000007905548","FOS1","","",20.13687674,,"",
"","100000307438770","FOS1","","",5.5114,,"",
"","100000007893983","FOS1","","",1.260574879,,"",
"","100000007893991","FOS1","","",1.241708315,,"",
"","100000007893974","FOS1","","",1.422453689,,"",
"","100000007893978","FOS1","","",1.648654988,,"",
"","100000007893981","FOS1","","",1.745715851,,"",
"","100000007895056","FOS1","","",10.11956229,,"",
"","100000007895081","FOS1","","",13.42471963,,"",
"","100000007895701","FOS1","","",118.401835,,"",
"","100000007895713","FOS1","","",43.11839411,,"",
"","100000007895716","FOS1","","",86.26292308,,"",
"","100000007895691","FOS1","","",42.50975453,,"",
"","100000007895688","FOS1","","",54.26238265,,"",
"","100000007970094","SEE1","","",0.0424,,"",
"","100000007969546","SEE1","","",0.0598,,"",
"","100000007943712","SEE1","","",4.635,,"",
"","100000007943733","SEE1","","",3.9984,,"",
"","100000007944768","SEE1","","",9.51,,"",
"","100000007944779","SEE1","","",3.75,,"",
"","100000007944799","SEE1","","",2.7744,,"",
"","100000007940029","SEE1","","",5.601508,,"",
"","100000008000965","SEE1","","",1.956709,,"",
"","100000008001224","SEE1","","",4.737312,,"",
"","100000008000327","SEE1","","",1.807164,,"",
"","100000008000809","SEE1","","",2.00255,,"",
"","100000008001051","SEE1","","",2.273964,,"",
"","100000007945033","SEE1","","",5.116218,,"",
"","100000007945343","SEE1","","",9.18488,,"",
"","100000007945370","SEE1","","",11.353978,,"",
"","100000007945385","SEE1","","",39.273,,"",
"","100000007945413","SEE1","","",10.1325,,"",
"","100000007945265","SEE1","","",13.769752,,"",
"","100000007945304","SEE1","","",5.557152,,"",
"","100000007945360","SEE1","","",19.598446,,"",
"","100000007945402","SEE1","","",28.4513,,"",
"","100000007945100","SEE1","","",91.881436,,"",
"","100000007945118","SEE1","","",171.6052,,"",
"","100000007945150","SEE1","","",189.1745,,"",
"","100000007946034","SEE1","","",146.087,,"",
"","100000007976236","SEE1","","",0.487067,,"",
"","100000007975981","SEE1","","",0.69456,,"",
"","100000007976063","SEE1","","",0.5308,,"",
"","100000007976123","SEE1","","",0.6348,,"",
"","100000007976186","SEE1","","",0.591451,,"",
"","100000007976217","SEE1","","",0.807741,,"",
"","100000007976014","SEE1","","",0.906336,,"",
"","100000007967124","SEE1","","",0.3998,,"",
"","100000007966914","SEE1","","",0.353955,,"",
"","100000007966975","SEE1","","",0.4869,,"",
"","100000007967016","SEE1","","",0.6428,,"",
"","100000007967073","SEE1","","",0.323145,,"",
"","100000007967109","SEE1","","",0.535248,,"",
"","100000007966952","SEE1","","",0.3464,,"",
"","100000007966955","SEE1","","",0.266679,,"",
"","100000007969046","SEE1","","",0.444799,,"",
"","100000007968058","SEE1","","",0.5252,,"",
"","100000007968510","SEE1","","",0.22113,,"",
"","100000007968446","SEE1","","",0.182,,"",
"","100000007968128","SEE1","","",0.1133,,"",
"","100000007968106","SEE1","","",0.12954,,"",
"","100000007968219","SEE1","","",0.1308,,"",
"","100000007968284","SEE1","","",0.186084,,"",
"","100000007968401","SEE1","","",0.199044,,"",
"","100000007968107","SEE1","","",0.203472,,"",
"","100000007969252","SEE1","","",0.205,,"",
"","100000007969350","SEE1","","",0.1264,,"",
"","100000007969214","SEE1","","",0.0842,,"",
"","100000007969621","SEE1","","",0.0612,,"",
"","100000007969707","SEE1","","",0.0604,,"",
"","100000007969763","SEE1","","",0.0642,,"",
"","100000007972130","SEE1","","",0.161891,,"",
"","100000007972003","SEE1","","",0.211646,,"",
"","100000007972029","SEE1","","",0.10058,,"",
"","100000007972161","SEE1","","",0.281089,,"",
"","100000007943723","SEE1","","",4.2243,,"",
"","100000007939105","SEE1","","",84.17262,,"",
"","100000007940060","SEE1","","",202.94548,,"",
"","100000007940039","SEE1","","",114.3104,,"",
"","100000007940070","SEE1","","",105.843014,,"",
"","100000007940092","SEE1","","",113.38078,,"",
"","100000007939958","SEE1","","",113.38078,,"",
"","100000007939991","SEE1","","",113.38078,,"",
"","100000008002132","SEE1","","",5.453805,,"",
"","100000007945256","SEE1","","",30.282,,"",
"","100000007945289","SEE1","","",407.623,,"",
"","100000007939404","SEE1","","",4.8421,,"",
"","100000007939443","SEE1","","",4.8421,,"",
"","100000007975123","SEE1","","",0.46,,"",
"","100000007975159","SEE1","","",0.3788,,"",
"","100000007975208","SEE1","","",0.4554,,"",
"","100000007977121","SEE1","","",0.7204,,"",
"","100000007977184","SEE1","","",0.8398,,"",
"","100000007977282","SEE1","","",0.5102,,"",
"","100000007977374","SEE1","","",0.3114,,"",
"","100000007976165","SEE1","","",0.50576,,"",
"","100000007976020","SEE1","","",0.215384,,"",
"","100000007976051","SEE1","","",0.18981,,"",
"","100000007976175","SEE1","","",0.206024,,"",
"","100000007981118","SEE1","","",0.38628,,"",
"","100000007966917","SEE1","","",1.0578,,"",
"","100000007966956","SEE1","","",0.89,,"",
"","100000007980924","SEE1","","",0.722304,,"",
"","100000007980584","SEE1","","",0.84387,,"",
"","100000007980731","SEE1","","",0.618998,,"",
"","100000007967702","SEE1","","",0.3479,,"",
"","100000007968489","SEE1","","",0.3143,,"",
"","100000007968490","SEE1","","",0.2695,,"",
"","100000007968559","SEE1","","",0.186615,,"",
"","100000007973412","SEE1","","",0.37985,,"",
"","100000007973096","SEE1","","",0.379315,,"",
"","100000007972008","SEE1","","",0.332663,,"",
"","100000007972035","SEE1","","",0.304843,,"",
"","100000007972121","SEE1","","",0.812451,,"",
"","100000007972036","SEE1","","",0.255852,,"",
"","100000007971954","SEE1","","",0.3584,,"",
"","100000007971989","SEE1","","",0.4541,,"",
"","100000007972030","SEE1","","",0.259261,,"",
"","100000007972896","SEE1","","",0.148,,"",
"","100000007972567","SEE1","","",0.192814,,"",
"","100000007943676","SEE1","","",3.71,,"",
"","100000007943612","SEE1","","",5.4774,,"",
"","100000007943543","SEE1","","",5.1,,"",
"","100000007945560","SEE1","","",26.9533,,"",
"","100000007945585","SEE1","","",17.11741,,"",
"","100000007945601","SEE1","","",17.366849,,"",
"","100000007939106","SEE1","","",120.175766,,"",
"","100000007939161","SEE1","","",145.625472,,"",
"","100000007940040","SEE1","","",122.4512,,"",
"","100000007940071","SEE1","","",125.61,,"",
"","100000007939358","SEE1","","",36.64143,,"",
"","100000007939383","SEE1","","",36.64143,,"",
"","100000007939405","SEE1","","",44.1667,,"",
"","100000007939468","SEE1","","",15.1875,,"",
"","100000007976208","SEE1","","",0.2648,,"",
"","100000007976006","SEE1","","",0.196026,,"",
"","100000007976114","SEE1","","",0.29876,,"",
"","100000007981240","SEE1","","",0.437308,,"",
"","100000007981312","SEE1","","",0.3902,,"",
"","100000007980953","SEE1","","",0.428162,,"",
"","100000007981203","SEE1","","",0.484,,"",
"","100000007980993","SEE1","","",0.5926,,"",
"","100000007980585","SEE1","","",0.404424,,"",
"","100000007980863","SEE1","","",0.49032,,"",
"","100000007980906","SEE1","","",0.46,,"",
"","100000007980610","SEE1","","",0.5755,,"",
"","100000007980661","SEE1","","",0.2603,,"",
"","100000007970629","SEE1","","",0.34133,,"",
"","100000007970708","SEE1","","",0.6057,,"",
"","100000007970760","SEE1","","",0.305244,,"",
"","100000007971296","SEE1","","",0.241128,,"",
"","100000007971354","SEE1","","",0.314473,,"",
"","100000007971378","SEE1","","",0.231762,,"",
"","100000007972155","SEE1","","",0.368368,,"",
"","100000007971944","SEE1","","",0.52002,,"",
"","100000007971982","SEE1","","",0.9888,,"",
"","100000007972022","SEE1","","",0.56496,,"",
"","100000007972139","SEE1","","",1.029747,,"",
"","100000007973517","SEE1","","",0.091524,,"",
"","100000007973574","SEE1","","",0.119791,,"",
"","100000007973678","SEE1","","",0.1168,,"",
"","100000007973449","SEE1","","",0.17206,,"",
"","100000007973780","SEE1","","",0.7429,,"",
"","100000007944422","SEE1","","",238.247306,,"",
"","100000007945634","SEE1","","",33.5606,,"",
"","100000007945561","SEE1","","",41.031076,,"",
"","100000007945799","SEE1","","",19.576188,,"",
"","100000007945755","SEE1","","",18.872469,,"",
"","100000007941739","SEE1","","",21.05316981,,"",
"","100000007941805","SEE1","","",5.72009434,,"",
"","100000007938965","SEE1","","",14.9142,,"",
"","100000007940645","SEE1","","",35.751213,,"",
"","100000007940719","SEE1","","",27.8499,,"",
"","100000007940658","SEE1","","",42.704215,,"",
"","100000007941451","SEE1","","",99.0252,,"",
"","100000007976007","SEE1","","",0.5212,,"",
"","100000007976812","SEE1","","",0.4817,,"",
"","100000007981087","SEE1","","",0.160312,,"",
"","100000007976664","SEE1","","",0.1037,,"",
"","100000007976665","SEE1","","",0.1162,,"",
"","100000007976733","SEE1","","",0.0604,,"",
"","100000007976826","SEE1","","",0.13272,,"",
"","100000007970553","SEE1","","",0.511674,,"",
"","100000007970735","SEE1","","",0.3461,,"",
"","100000007972398","SEE1","","",0.276702,,"",
"","100000007972174","SEE1","","",0.346252,,"",
"","100000007974572","SEE1","","",0.447795,,"",
"","100000007973483","SEE1","","",0.1012,,"",
"","100000007973533","SEE1","","",0.1782,,"",
"","100000007973719","SEE1","","",0.116905,,"",
"","100000007973720","SEE1","","",0.28056,,"",
"","100000007973961","SEE1","","",0.285603,,"",
"","100000007975780","SEE1","","",0.864579,,"",
"","100000007946079","SEE1","","",193.630942,,"",
"","100000007946155","SEE1","","",142.524749,,"",
"","100000007946287","SEE1","","",47.488954,,"",
"","100000007946330","SEE1","","",501.92087,,"",
"","100000007946234","SEE1","","",219.775967,,"",
"","100000007945748","SEE1","","",20.85664,,"",
"","100000007941713","SEE1","","",13.17916981,,"",
"","100000007940646","SEE1","","",27.868512,,"",
"","100000007940731","SEE1","","",22.278488,,"",
"","100000007940637","SEE1","","",23.762226,,"",
"","100000007941581","SEE1","","",36.2308,,"",
"","100000007941153","SEE1","","",51.904687,,"",
"","100000007941192","SEE1","","",37.3984,,"",
"","100000007941216","SEE1","","",58.71,,"",
"","100000007941492","SEE1","","",92.7143,,"",
"","100000007976643","SEE1","","",0.14972,,"",
"","100000007976929","SEE1","","",0.06767,,"",
"","100000007976644","SEE1","","",0.06074,,"",
"","100000007976685","SEE1","","",0.18649,,"",
"","100000007976910","SEE1","","",0.1531,,"",
"","100000007976629","SEE1","","",0.51511,,"",
"","100000007976666","SEE1","","",0.40033,,"",
"","100000007978757","SEE1","","",10.3257,,"",
"","100000007977793","SEE1","","",2.5143,,"",
"","100000007974534","SEE1","","",0.3852,,"",
"","100000007974608","SEE1","","",0.09752,,"",
"","100000007974644","SEE1","","",0.0833,,"",
"","100000007973659","SEE1","","",0.228096,,"",
"","100000007973721","SEE1","","",0.355,,"",
"","100000007974805","SEE1","","",0.1966,,"",
"","100000007974871","SEE1","","",0.4085,,"",
"","100000007975019","SEE1","","",0.397,,"",
"","100000007975129","SEE1","","",0.3123,,"",
"","100000007975149","SEE1","","",0.645,,"",
"","100000007975190","SEE1","","",0.2621,,"",
"","100000007975130","SEE1","","",0.3272,,"",
"","100000007975151","SEE1","","",0.147,,"",
"","100000007946056","SEE1","","",14.7222,,"",
"","100000007946083","SEE1","","",22.128595,,"",
"","100000007946084","SEE1","","",15.809676,,"",
"","100000007946112","SEE1","","",19.5,,"",
"","100000007946304","SEE1","","",59.989015,,"",
"","100000007946295","SEE1","","",160.54387,,"",
"","100000007944463","SEE1","","",299.949048,,"",
"","100000007944027","SEE1","","",15.9742,,"",
"","100000007943929","SEE1","","",3.213,,"",
"","100000007943951","SEE1","","",4.7488,,"",
"","100000007943968","SEE1","","",30.422,,"",
"","100000007946503","SEE1","","",460.4216,,"",
"","100000007946542","SEE1","","",233.7816,,"",
"","100000007946582","SEE1","","",118.8705,,"",
"","100000007943983","SEE1","","",23.161,,"",
"","100000007941569","SEE1","","",26.994549,,"",
"","100000007941613","SEE1","","",24.918069,,"",
"","100000007941654","SEE1","","",30.183429,,"",
"","100000007941139","SEE1","","",459.112921,,"",
"","100000007941913","SEE1","","",28.070432,,"",
"","100000007941860","SEE1","","",49.210903,,"",
"","100000007981961","SEE1","","",0.979089,,"",
"","100000007982109","SEE1","","",0.392,,"",
"","100000007982170","SEE1","","",0.3109,,"",
"","100000007981773","SEE1","","",0.330844,,"",
"","100000007981930","SEE1","","",0.317736,,"",
"","100000007981995","SEE1","","",0.309034,,"",
"","100000007982530","SEE1","","",0.379995,,"",
"","100000007982629","SEE1","","",0.3579,,"",
"","100000007982577","SEE1","","",0.570843,,"",
"","100000007977983","SEE1","","",1.57397,,"",
"","100000007976499","SEE1","","",0.04887,,"",
"","100000007976612","SEE1","","",0.03397,,"",
"","100000007976292","SEE1","","",0.03497,,"",
"","100000007976377","SEE1","","",0.01924,,"",
"","100000007976521","SEE1","","",0.0537,,"",
"","100000007978891","SEE1","","",0.6904,,"",
"","100000007974763","SEE1","","",0.4906,,"",
"","100000007974827","SEE1","","",0.4828,,"",
"","100000007974872","SEE1","","",0.3798,,"",
"","100000007974968","SEE1","","",0.5259,,"",
"","100000007974764","SEE1","","",0.4078,,"",
"","100000007974828","SEE1","","",0.6837,,"",
"","100000007974896","SEE1","","",0.777,,"",
"","100000007974946","SEE1","","",0.7515,,"",
"","100000007975044","SEE1","","",1.8231,,"",
"","100000007975168","SEE1","","",0.1694,,"",
"","100000007975192","SEE1","","",0.1548,,"",
"","100000007975074","SEE1","","",0.1094,,"",
"","100000007975131","SEE1","","",0.2406,,"",
"","100000007975117","SEE1","","",0.274,,"",
"","100000007975133","SEE1","","",0.1546,,"",
"","100000007975171","SEE1","","",0.1036,,"",
"","100000007975212","SEE1","","",0.244,,"",
"","100000007975097","SEE1","","",0.2588,,"",
"","100000007975118","SEE1","","",0.4742,,"",
"","100000007944963","SEE1","","",770.5988,,"",
"","100000007944877","SEE1","","",12.1,,"",
"","100000007944520","SEE1","","",2.6316,,"",
"","100000007944533","SEE1","","",4.14,,"",
"","100000007944552","SEE1","","",26.362981,,"",
"","100000007944580","SEE1","","",16.5042,,"",
"","100000007944593","SEE1","","",5.831238,,"",
"","100000007944613","SEE1","","",6.29,,"",
"","100000007944521","SEE1","","",21.95,,"",
"","100000007944538","SEE1","","",5.967,,"",
"","100000007944831","SEE1","","",18.83,,"",
"","100000007944844","SEE1","","",5.43,,"",
"","100000007944755","SEE1","","",3.162,,"",
"","100000007944806","SEE1","","",7.91,,"",
"","100000007944819","SEE1","","",3.6312,,"",
"","100000007944008","SEE1","","",21.147,,"",
"","100000007944028","SEE1","","",6.0208,,"",
"","100000007943930","SEE1","","",7.9606,,"",
"","100000007943952","SEE1","","",28.514,,"",
"","100000007943969","SEE1","","",6.7098,,"",
"","100000007943991","SEE1","","",9.487,,"",
"","100000007944009","SEE1","","",4.2051,,"",
"","100000007944029","SEE1","","",11.2996,,"",
"","100000007943922","SEE1","","",12.6882,,"",
"","100000007943946","SEE1","","",17.702,,"",
"","100000007943963","SEE1","","",20.5322,,"",
"","100000007943370","SEE1","","",11.077,,"",
"","100000007943401","SEE1","","",4.0704,,"",
"","100000007943420","SEE1","","",7.4518,,"",
"","100000007944001","SEE1","","",324.1374,,"",
"","100000007943931","SEE1","","",27.136,,"",
"","100000007943953","SEE1","","",5.1834,,"",
"","100000007943970","SEE1","","",30.9414,,"",
"","100000007943992","SEE1","","",3.3456,,"",
"","100000007944010","SEE1","","",17.5748,,"",
"","100000007944031","SEE1","","",11.7448,,"",
"","100000007944238","SEE1","","",4.5368,,"",
"","100000007944265","SEE1","","",3.3558,,"",
"","100000007944286","SEE1","","",24.1044,,"",
"","100000007944179","SEE1","","",9.27,,"",
"","100000007944074","SEE1","","",10.78,,"",
"","100000007944089","SEE1","","",10.8756,,"",
"","100000007941827","SEE1","","",57.90305,,"",
"","100000007942722","SEE1","","",36.75022,,"",
"","100000007942761","SEE1","","",56.867958,,"",
"","100000007977660","SEE1","","",1.364475,,"",
"","100000007978161","SEE1","","",0.577752,,"",
"","100000007977984","SEE1","","",0.7282,,"",
"","100000007977962","SEE1","","",0.4718,,"",
"","100000007980025","SEE1","","",1.9993,,"",
"","100000007975470","SEE1","","",0.7743,,"",
"","100000007975578","SEE1","","",0.1742,,"",
"","100000007969215","SEE1","","",0.1151,,"",
"","100000007975144","SEE1","","",0.3424,,"",
"","100000007975172","SEE1","","",0.347,,"",
"","100000007975187","SEE1","","",0.3268,,"",
"","100000007969857","SEE1","","",0.0782,,"",
"","100000007969526","SEE1","","",0.1078,,"",
"","100000007969593","SEE1","","",0.121,,"",
"","100000007969736","SEE1","","",0.1416,,"",
"","100000007969570","SEE1","","",0.0524,,"",
"","100000007944581","SEE1","","",7.7622,,"",
"","100000007944600","SEE1","","",3.4374,,"",
"","100000007944526","SEE1","","",8.56,,"",
"","100000007944573","SEE1","","",11.118,,"",
"","100000007944607","SEE1","","",13.7694,,"",
"","100000007944314","SEE1","","",6.2116,,"",
"","100000007944333","SEE1","","",3.4068,,"",
"","100000007944213","SEE1","","",9.9216,,"",
"","100000007944229","SEE1","","",4.2824,,"",
"","100000007944315","SEE1","","",320.9,,"",
"","100000007944206","SEE1","","",42.579264,,"",
"","100000007944059","SEE1","","",4.1234,,"",
"","100000007945074","SEE1","","",4.387594,,"",
"","100000007945350","SEE1","","",7.300584,,"",
"","100000007945371","SEE1","","",41.075,,"",
"","100000007945391","SEE1","","",4.0916,,"",
"","100000007945278","SEE1","","",25.663308,,"",
"","100000007945268","SEE1","","",16.6706,,"",
"","100000007945269","SEE1","","",5.985,,"",
"","100000007967297","SEE1","","",0.7515,,"",
"","100000007979051","SEE1","","",0.1935,,"",
"","100000007979090","SEE1","","",0.191148,,"",
"","100000007979114","SEE1","","",0.1332,,"",
"","100000007967182","SEE1","","",1.052256,,"",
"","100000007967967","SEE1","","",0.163028,,"",
"","100000007968682","SEE1","","",0.5443,,"",
"","100000007968727","SEE1","","",0.481719,,"",
"","100000007968467","SEE1","","",0.20241,,"",
"","100000007968683","SEE1","","",0.354,,"",
"","100000007968749","SEE1","","",0.273362,,"",
"","100000007968791","SEE1","","",0.7173,,"",
"","100000007970433","SEE1","","",0.188892,,"",
"","100000007970195","SEE1","","",0.233928,,"",
"","100000007970409","SEE1","","",0.1508,,"",
"","100000007970481","SEE1","","",0.1731,,"",
"","100000007970170","SEE1","","",0.1906,,"",
"","100000007970087","SEE1","","",0.1271,,"",
"","100000007970041","SEE1","","",0.1237,,"",
"","100000007984629","NYS1","","",26.8,,"",
"","100000007984829","NYS1","","",27.12,,"",
"","100000007947147","NYS2","","",1.26,,"",
"","100000007977637","NYS1","","",9.62,,"",
"","100000007977776","NYS1","","",10.6,,"",
"","100000007985340","NYS1","","",17.36,,"",
"","100000007985290","NYS1","","",18.73,,"",
"","100000007985331","NYS1","","",8.58,,"",
"","100000007978047","NYS1","","",44.97,,"",
"","100000007985103","NYS1","","",9.81,,"",
"","100000007985180","NYS1","","",8.85,,"",
"","100000007985233","NYS1","","",11.09,,"",
"","100000007985141","NYS1","","",38.99,,"",
"","100000007978976","NYS1","","",11.48,,"",
"","100000007979598","NYS1","","",12.6,,"",
"","100000007979623","NYS1","","",11.91,,"",
"","100000007979674","NYS1","","",12.5,,"",
"","100000007966620","NYS1","","",4.4,,"",
"","100000007966714","NYS1","","",3.96,,"",
"","100000007966841","NYS1","","",4.78,,"",
"","100000007966900","NYS1","","",4.94,,"",
"","100000007966491","NYS1","","",7.89,,"",
"","100000007967222","NYS1","","",6.11,,"",
"","100000007957334","NYS1","","",9.62,,"",
"","100000007957366","NYS1","","",12.25,,"",
"","100000007957395","NYS1","","",16.55,,"",
"","100000007957270","NYS1","","",47.69,,"",
"","100000007957301","NYS1","","",17.7,,"",
"","100000007957321","NYS1","","",19.54,,"",
"","100000007957350","NYS1","","",27.65,,"",
"","100000007957374","NYS1","","",14.8,,"",
"","100000007957396","NYS1","","",20.64,,"",
"","100000007957281","NYS1","","",27.52,,"",
"","100000007957302","NYS1","","",10.92,,"",
"","100000007957993","NYS1","","",20.24,,"",
"","100000007958007","NYS1","","",36.82,,"",
"","100000007958033","NYS1","","",21.28,,"",
"","100000007958054","NYS1","","",23.58,,"",
"","100000007957972","NYS1","","",14.68,,"",
"","100000007957984","NYS1","","",23.18,,"",
"","100000007958008","NYS1","","",19.97,,"",
"","100000007957707","NYS1","","",0.7743,,"",
"","100000007970506","NYS1","","",3.31,,"",
"","100000007970577","NYS1","","",5.16,,"",
"","100000007970628","NYS1","","",5.66,,"",
"","100000007971562","NYS1","","",6.56,,"",
"","100000007983533","NYS1","","",58.08,,"",
"","100000007970985","NYS1","","",4.53,,"",
"","100000007971049","NYS1","","",9.13,,"",
"","100000007971172","NYS1","","",8.74,,"",
"","100000007970925","NYS1","","",9.79,,"",
"","100000007985752","NYS1","","",54.63,,"",
"","100000007985427","NYS1","","",10.86,,"",
"","100000007973070","NYS1","","",4.07,,"",
"","100000007973151","NYS1","","",4.67,,"",
"","100000007946448","NYS2","","",1.953,,"",
"","100000007946011","NYS2","","",0.58635,,"",
"","100000007945957","NYS2","","",0.16767,,"",
"","100000007945970","NYS2","","",0.684,,"",
"","100000007985274","NYS1","","",27.81,,"",
"","100000007985291","NYS1","","",32.11,,"",
"","100000007987085","NYS1","","",16.03,,"",
"","100000007987158","NYS1","","",66,,"",
"","100000007987208","NYS1","","",65.89,,"",
"","100000007979838","NYS1","","",4.93,,"",
"","100000007979521","NYS1","","",6.07,,"",
"","100000007945214","NYS2","","",0.963,,"",
"","100000007945087","NYS2","","",1.233,,"",
"","100000007945119","NYS2","","",1.152,,"",
"","100000007945968","NYS2","","",1.395,,"",
"","100000007956612","NYS1","","",10.39,,"",
"","100000007957438","NYS1","","",9.37,,"",
"","100000007957478","NYS1","","",24.7,,"",
"","100000007957494","NYS1","","",23,,"",
"","100000007956982","NYS1","","",6.74,,"",
"","100000007957010","NYS1","","",6.74,,"",
"","100000007957057","NYS1","","",5.89,,"",
"","100000007957076","NYS1","","",6.37,,"",
"","100000007957329","NYS1","","",17.46,,"",
"","100000007957344","NYS1","","",13.85,,"",
"","100000007957273","NYS1","","",25.26,,"",
"","100000007957293","NYS1","","",23.08,,"",
"","100000007957347","NYS1","","",8.64,,"",
"","100000007958058","NYS1","","",16.07,,"",
"","100000007957955","NYS1","","",22.55,,"",
"","100000007957974","NYS1","","",18.35,,"",
"","100000007957989","NYS1","","",55.43,,"",
"","100000007958012","NYS1","","",24.3,,"",
"","100000007958052","NYS1","","",18.65,,"",
"","100000007960413","NYS1","","",55.11,,"",
"","100000007973781","NYS1","","",5.34,,"",
"","100000007987134","NYS1","","",39.53,,"",
"","100000007971312","NYS1","","",12.94,,"",
"","100000007971499","NYS1","","",1.1,,"",
"","100000007971542","NYS1","","",1.89,,"",
"","100000007971610","NYS1","","",1.48,,"",
"","100000007986702","NYS1","","",108.65,,"",
"","100000007971124","NYS1","","",1.47,,"",
"","100000007971196","NYS1","","",1.69,,"",
"","100000007973222","NYS1","","",6.87,,"",
"","100000007946006","NYS2","","",1.386,,"",
"","100000007985316","NYS1","","",6.15,,"",
"","100000007985357","NYS1","","",5.36,,"",
"","100000007974458","NYS1","","",5.3,,"",
"","100000007974308","NYS1","","",6.24,,"",
"","100000007945949","NYS2","","",0.5922,,"",
"","100000007945964","NYS2","","",1.89,,"",
"","100000007945978","NYS2","","",3.384,,"",
"","100000007945969","NYS2","","",0.26991,,"",
"","100000007956601","NYS1","","",10.18,,"",
"","100000007957487","NYS1","","",13.35,,"",
"","100000007969285","NYS1","","",38.84,,"",
"","100000007969322","NYS1","","",79.31,,"",
"","100000007957101","NYS1","","",8.46,,"",
"","100000007956994","NYS1","","",8.73,,"",
"","100000007957011","NYS1","","",10.2,,"",
"","100000007975742","NYS1","","",14.53,,"",
"","100000007975845","NYS1","","",34.38,,"",
"","100000007975604","NYS1","","",6.13,,"",
"","100000007975717","NYS1","","",6.56,,"",
"","100000007975761","NYS1","","",12.44,,"",
"","100000007985788","NYS1","","",90.16,,"",
"","100000007985881","NYS1","","",35.06,,"",
"","100000007985918","NYS1","","",61.34,,"",
"","100000007986516","NYS1","","",63.73,,"",
"","100000007986703","NYS1","","",4.63,,"",
"","100000007986828","NYS1","","",11.2,,"",
"","100000007986498","NYS1","","",14.67,,"",
"","100000007986360","NYS1","","",2.63,,"",
"","100000007986236","NYS1","","",2.7,,"",
"","100000007986306","NYS1","","",12.08,,"",
"","100000007986343","NYS1","","",11.25,,"",
"","100000007986211","NYS1","","",19.14,,"",
"","100000007971946","NYS1","","",7.55,,"",
"","100000007972124","NYS1","","",10.86,,"",
"","100000007972172","NYS1","","",12.87,,"",
"","100000007945603","NYS2","","",2.61,,"",
"","100000007945626","NYS2","","",2.961,,"",
"","100000007945641","NYS2","","",3.231,,"",
"","100000007974480","NYS1","","",13.15,,"",
"","100000007976647","NYS1","","",0.6284,,"",
"","100000007976696","NYS1","","",0.97,,"",
"","100000007976742","NYS1","","",0.89,,"",
"","100000007945991","NYS2","","",0.21591,,"",
"","100000007946005","NYS2","","",0.14535,,"",
"","100000007946025","NYS2","","",0.34101,,"",
"","100000007945963","NYS2","","",0.40509,,"",
"","100000007945977","NYS2","","",0.36018,,"",
"","100000007945997","NYS2","","",0.57969,,"",
"","100000007945526","NYS2","","",1.908,,"",
"","100000007945537","NYS2","","",2.007,,"",
"","100000007945822","NYS2","","",2.043,,"",
"","100000007969385","NYS1","","",58.52,,"",
"","100000007969453","NYS1","","",18.97,,"",
"","100000007969302","NYS1","","",118.01,,"",
"","100000007969344","NYS1","","",25.75,,"",
"","100000007969407","NYS1","","",14.6,,"",
"","100000007970119","NYS1","","",223.95,,"",
"","100000007970029","NYS1","","",112.1,,"",
"","100000007970086","NYS1","","",140.62,,"",
"","100000007958349","NYS1","","",2.49,,"",
"","100000007958101","NYS1","","",2.98,,"",
"","100000007958237","NYS1","","",2.82,,"",
"","100000007958082","NYS1","","",3.69,,"",
"","100000007959850","NYS1","","",1.97,,"",
"","100000007960958","NYS1","","",2.67,,"",
"","100000007961003","NYS1","","",4.19,,"",
"","100000007960700","NYS1","","",6,,"",
"","100000007960748","NYS1","","",7.61,,"",
"","100000007976350","NYS1","","",6.79,,"",
"","100000007976398","NYS1","","",5.92,,"",
"","100000007976472","NYS1","","",15.75,,"",
"","100000007976518","NYS1","","",13.47,,"",
"","100000007976269","NYS1","","",3.41,,"",
"","100000007976324","NYS1","","",3.95,,"",
"","100000007976374","NYS1","","",5.23,,"",
"","100000007986542","NYS1","","",3.12,,"",
"","100000007986678","NYS1","","",2.88,,"",
"","100000007986807","NYS1","","",12.36,,"",
"","100000007988501","NYS1","","",4.95,,"",
"","100000007988549","NYS1","","",5.98,,"",
"","100000007988612","NYS1","","",38.28,,"",
"","100000007972235","NYS1","","",9.61,,"",
"","100000007975095","NYS1","","",3.42,,"",
"","100000007975142","NYS1","","",4.17,,"",
"","100000007975164","NYS1","","",3.74,,"",
"","100000007976809","NYS1","","",1.3,,"",
"","100000007945868","NYS2","","",2.268,,"",
"","100000007945850","NYS2","","",0.26748,,"",
"","100000007945869","NYS2","","",0.34191,,"",
"","100000007945898","NYS2","","",0.3375,,"",
"","100000007945918","NYS2","","",0.22806,,"",
"","100000007945792","NYS2","","",0.43389,,"",
"","100000007945814","NYS2","","",0.5184,,"",
"","100000007970142","NYS1","","",101.22,,"",
"","100000007966207","NYS1","","",23.33,,"",
"","100000007959886","NYS1","","",2.12,,"",
"","100000007959908","NYS1","","",3.22,,"",
"","100000007959974","NYS1","","",7.18,,"",
"","100000007960055","NYS1","","",0.98,,"",
"","100000007959876","NYS1","","",1.45,,"",
"","100000007959913","NYS1","","",2.25,,"",
"","100000007959946","NYS1","","",3.88,,"",
"","100000007960824","NYS1","","",10.67,,"",
"","100000007960912","NYS1","","",1.39,,"",
"","100000007960979","NYS1","","",2.88,,"",
"","100000007961025","NYS1","","",4.59,,"",
"","100000007960723","NYS1","","",2.88,,"",
"","100000007960849","NYS1","","",3.65,,"",
"","100000007960913","NYS1","","",5.54,,"",
"","100000007960959","NYS1","","",7.03,,"",
"","100000007961026","NYS1","","",5.85,,"",
"","100000007961496","NYS1","","",2.25,,"",
"","100000007961136","NYS1","","",2.7,,"",
"","100000007961214","NYS1","","",5.15,,"",
"","100000007980822","NYS1","","",149.21,,"",
"","100000007982966","NYS1","","",63.06,,"",
"","100000007949447","NYS2","","",1.224,,"",
"","100000007949470","NYS2","","",1.125,,"",
"","100000007949391","NYS2","","",1.656,,"",
"","100000007975143","NYS1","","",8.12,,"",
"","100000007976373","NYS1","","",8.15,,"",
"","100000007976423","NYS1","","",15.43,,"",
"","100000007976495","NYS1","","",16.76,,"",
"","100000007976540","NYS1","","",35.44,,"",
"","100000007976608","NYS1","","",4.63,,"",
"","100000007976289","NYS1","","",4.62,,"",
"","100000007978181","NYS1","","",60.93,,"",
"","100000007977864","NYS1","","",138.38,,"",
"","100000007979953","NYS1","","",51.3,,"",
"","100000007979999","NYS1","","",38.08,,"",
"","100000007945841","NYS2","","",0.62514,,"",
"","100000007945860","NYS2","","",0.59526,,"",
"","100000007945888","NYS2","","",0.70605,,"",
"","100000007945908","NYS2","","",0.747,,"",
"","100000007966183","NYS1","","",8.72,,"",
"","100000007966101","NYS1","","",11.68,,"",
"","100000007966208","NYS1","","",8.73,,"",
"","100000007960030","NYS1","","",13.28,,"",
"","100000007959837","NYS1","","",2,,"",
"","100000007959877","NYS1","","",1.81,,"",
"","100000007962121","NYS1","","",2.9,,"",
"","100000007962192","NYS1","","",5.89,,"",
"","100000007961882","NYS1","","",4.13,,"",
"","100000007961934","NYS1","","",4.27,,"",
"","100000007962122","NYS1","","",6.23,,"",
"","100000007960724","NYS1","","",5.72,,"",
"","100000007960850","NYS1","","",1.29,,"",
"","100000007961004","NYS1","","",1.45,,"",
"","100000007960701","NYS1","","",2.19,,"",
"","100000007961272","NYS1","","",6.03,,"",
"","100000007962501","NYS1","","",4.34,,"",
"","100000007962547","NYS1","","",7.21,,"",
"","100000007962247","NYS1","","",9.7,,"",
"","100000007962296","NYS1","","",13.73,,"",
"","100000007979952","NYS1","","",29,,"",
"","100000007980043","NYS1","","",46.69,,"",
"","100000007980108","NYS1","","",39.09,,"",
"","100000007980149","NYS1","","",11.43,,"",
"","100000007980213","NYS1","","",10.05,,"",
"","100000007979931","NYS1","","",18.63,,"",
"","100000007979932","NYS1","","",22.24,,"",
"","100000007980022","NYS1","","",23.43,,"",
"","100000007984414","NYS1","","",214.09,,"",
"","100000007984470","NYS1","","",232.03,,"",
"","100000007982840","NYS1","","",37.82,,"",
"","100000007982869","NYS1","","",48.88,,"",
"","100000007949402","NYS2","","",0.33606,,"",
"","100000007949427","NYS2","","",1.566,,"",
"","100000007949448","NYS2","","",1.575,,"",
"","100000007949482","NYS2","","",1.719,,"",
"","100000007949495","NYS2","","",1.683,,"",
"","100000007949403","NYS2","","",1.89,,"",
"","100000007975186","NYS1","","",14.94,,"",
"","100000007977459","NYS1","","",10.61,,"",
"","100000007977588","NYS1","","",9.04,,"",
"","100000007977754","NYS1","","",8.8,,"",
"","100000007977484","NYS1","","",6.94,,"",
"","100000007976031","NYS1","","",37.92,,"",
"","100000007978072","NYS1","","",30.39,,"",
"","100000007977854","NYS1","","",79.05,,"",
"","100000007977911","NYS1","","",104.23,,"",
"","100000007978179","NYS1","","",48.65,,"",
"","100000007980064","NYS1","","",27.65,,"",
"","100000007980150","NYS1","","",43.29,,"",
"","100000007980214","NYS1","","",83.78,,"",
"","100000007979910","NYS1","","",50.35,,"",
"","100000007979977","NYS1","","",37.19,,"",
"","100000007980086","NYS1","","",58.53,,"",
"","100000007980190","NYS1","","",31.42,,"",
"","100000007979888","NYS1","","",27.68,,"",
"","100000007979954","NYS1","","",27.87,,"",
"","100000007948589","NYS2","","",0.64269,,"",
"","100000007948483","NYS2","","",0.72,,"",
"","100000007948509","NYS2","","",0.59427,,"",
"","100000007948557","NYS2","","",0.44991,,"",
"","100000007964183","NYS1","","",11.42,,"",
"","100000007965002","NYS1","","",14.23,,"",
"","100000007962502","NYS1","","",33.6,,"",
"","100000007962272","NYS1","","",3.99,,"",
"","100000007962394","NYS1","","",6.15,,"",
"","100000007962461","NYS1","","",9.89,,"",
"","100000007962523","NYS1","","",14.28,,"",
"","100000007979869","NYS1","","",13.55,,"",
"","100000007979911","NYS1","","",11.99,,"",
"","100000007979957","NYS1","","",12.56,,"",
"","100000007979979","NYS1","","",11.8,,"",
"","100000007980023","NYS1","","",13.68,,"",
"","100000007980045","NYS1","","",13.95,,"",
"","100000007980088","NYS1","","",14.34,,"",
"","100000007980132","NYS1","","",14.43,,"",
"","100000007979218","NYS1","","",5.29,,"",
"","100000007984194","NYS1","","",279.3,,"",
"","100000007983230","NYS1","","",8.1,,"",
"","100000007983305","NYS1","","",19.66,,"",
"","100000007983351","NYS1","","",8.46,,"",
"","100000007983035","NYS1","","",24.25,,"",
"","100000007983834","NYS1","","",79.74,,"",
"","100000007985602","NYS1","","",26.73,,"",
"","100000007985675","NYS1","","",33.33,,"",
"","100000007985445","NYS1","","",38.37,,"",
"","100000007982648","NYS1","","",307.94,,"",
"","100000007984663","NYS1","","",10.71,,"",
"","100000007949394","NYS2","","",0.11556,,"",
"","100000007949408","NYS2","","",0.18702,,"",
"","100000007946257","NYS2","","",2.637,,"",
"","100000007977687","NYS1","","",9.63,,"",
"","100000007978541","NYS1","","",9.87,,"",
"","100000007978228","NYS1","","",8.28,,"",
"","100000007978270","NYS1","","",11.19,,"",
"","100000007978023","NYS1","","",22.51,,"",
"","100000007977982","NYS1","","",11.63,,"",
"","100000007978004","NYS1","","",11.35,,"",
"","100000007978052","NYS1","","",12.4,,"",
"","100000007978095","NYS1","","",24.02,,"",
"","100000007980000","NYS1","","",27.3,,"",
"","100000007980065","NYS1","","",36.39,,"",
"","100000007980110","NYS1","","",20.25,,"",
"","100000007980170","NYS1","","",39.9,,"",
"","100000007980215","NYS1","","",21.26,,"",
"","100000007980169","NYS1","","",20.21,,"",
"","100000007979908","NYS1","","",28.84,,"",
"","100000007979573","NYS1","","",5.23,,"",
"","100000007979624","NYS1","","",4.75,,"",
"","100000007979699","NYS1","","",6.26,,"",
"","100000007979752","NYS1","","",6.4,,"",
"","100000007948579","NYS2","","",0.873,,"",
"","100000007948456","NYS2","","",1.107,,"",
"","100000007949412","NYS2","","",0.666,,"",
"","100000007949426","NYS2","","",0.837,,"",
"","100000007966873","NYS1","","",8.26,,"",
"","100000007966436","NYS1","","",8.74,,"",
"","100000007966527","NYS1","","",7.57,,"",
"","100000007957387","NYS1","","",8.09,,"",
"","100000007957956","NYS1","","",21.04,,"",
"","100000007957970","NYS1","","",29.87,,"",
"","100000007979263","NYS1","","",5.25,,"",
"","100000007979336","NYS1","","",7.69,,"",
"","100000007979385","NYS1","","",7.81,,"",
"","100000007979198","NYS1","","",8.16,,"",
"","100000007979240","NYS1","","",9.78,,"",
"","100000007979312","NYS1","","",4.77,,"",
"","100000007979361","NYS1","","",4.62,,"",
"","100000007979434","NYS1","","",4.95,,"",
"","100000007979484","NYS1","","",4.68,,"",
"","100000007980491","NYS1","","",18.73,,"",
"","100000007983948","NYS1","","",70.65,,"",
"","100000007983999","NYS1","","",95.5,,"",
"","100000007984078","NYS1","","",91.05,,"",
"","100000007971294","NYS1","","",2.31,,"",
"","100000007985532","NYS1","","",39.15,,"",
"","100000007985649","NYS1","","",41.89,,"",
"","100000007985699","NYS1","","",46.37,,"",
"","100000007985446","NYS1","","",42.86,,"",
"","100000007985283","NYS1","","",33.13,,"",
"","100000007985307","NYS1","","",39.94,,"",
"","100000007985325","NYS1","","",8.36,,"",
"","100000007985349","NYS1","","",9.67,,"",
"","100000007985230","NYS1","","",24.57,,"",
"","100000007984873","NYS1","","",39.1,,"",
"","100000007984936","NYS1","","",32.01,,"",
"","100000007980193","NYS1","","",10.15,,"",
"","100000007979890","NYS1","","",8.87,,"",
"","100000007979912","NYS1","","",9.2,,"",
"","100000007978995","NYS1","","",9.58,,"",
"","100000007979003","NYS1","","",9.67,,"",
"","100000007979024","NYS1","","",12.72,,"",
"","100000007979050","NYS1","","",10.93,,"",
"","100000007979063","NYS1","","",12.01,,"",
"","100000007979014","NYS1","","",20.68,,"",
"","100000007979815","NYS1","","",6.56,,"",
"","100000007979622","NYS1","","",7.98,,"",
"","100000007979557","NYS1","","",10.51,,"",
"","100000007966591","NYS1","","",11.22,,"",
"","100000007957501","NYS1","","",15.59,,"",
"","100000007957536","NYS1","","",2.31,,"",
"","100000007957421","NYS1","","",4.43,,"",
"","100000007957035","NYS1","","",11.03,,"",
"","100000007957058","NYS1","","",14.88,,"",
"","100000007957083","NYS1","","",15.86,,"",
"","100000007957102","NYS1","","",15.31,,"",
"","100000007956983","NYS1","","",17.76,,"",
"","100000007957003","NYS1","","",28.37,,"",
"","100000007957029","NYS1","","",25.53,,"",
"","100000007957050","NYS1","","",29.78,,"",
"","100000007957077","NYS1","","",11.42,,"",
"","100000007957258","NYS1","","",8.88,,"",
"","100000007957294","NYS1","","",12.75,,"",
"","100000007957314","NYS1","","",10.22,,"",
"","100000007957339","NYS1","","",11.23,,"",
"","100000007957185","NYS1","","",13.13,,"",
"","100000007957211","NYS1","","",19.39,,"",
"","100000007957229","NYS1","","",21.7,,"",
"","100000007957255","NYS1","","",13.88,,"",
"","100000007957128","NYS1","","",14.4,,"",
"","100000007957131","NYS1","","",12.33,,"",
"","100000007958059","NYS1","","",13.32,,"",
"","100000007957975","NYS1","","",19.17,,"",
"","100000007981494","NYS1","","",5.61,,"",
"","100000007981572","NYS1","","",5.7,,"",
"","100000007981625","NYS1","","",6.04,,"",
"","100000007981471","NYS1","","",6.97,,"",
"","100000007981547","NYS1","","",6.68,,"",
"","100000007981600","NYS1","","",6.51,,"",
"","100000007980565","NYS1","","",23.37,,"",
"","100000007980237","NYS1","","",23.71,,"",
"","100000007980300","NYS1","","",27.49,,"",
"","100000007980324","NYS1","","",28.73,,"",
"","100000007980345","NYS1","","",30,,"",
"","100000007980982","NYS1","","",26.79,,"",
"","100000007985789","NYS1","","",39.18,,"",
"","100000007971475","NYS1","","",3.91,,"",
"","100000007971522","NYS1","","",5.34,,"",
"","100000007971277","NYS1","","",7.71,,"",
"","100000007971377","NYS1","","",11.75,,"",
"","100000007971574","NYS1","","",1.53,,"",
"","100000007971281","NYS1","","",2.11,,"",
"","100000007971316","NYS1","","",1.9,,"",
"","100000007970926","NYS1","","",2.69,,"",
"","100000007970970","NYS1","","",2.7,,"",
"","100000007973099","NYS1","","",3.06,,"",
"","100000007973267","NYS1","","",3.49,,"",
"","100000007973342","NYS1","","",4.68,,"",
"","100000007973127","NYS1","","",10.8,,"",
"","100000007971947","NYS1","","",23.01,,"",
"","100000007971997","NYS1","","",8.07,,"",
"","100000007972071","NYS1","","",2.88,,"",
"","100000007972107","NYS1","","",3.94,,"",
"","100000007945556","NYS2","","",4.356,,"",
"","100000007945631","NYS2","","",5.715,,"",
"","100000007945557","NYS2","","",9.207,,"",
"","100000007945599","NYS2","","",11.808,,"",
"","100000007945639","NYS2","","",10.26,,"",
"","100000007985044","NYS1","","",28.1,,"",
"","100000007984938","NYS1","","",57.5,,"",
"","100000007985018","NYS1","","",8.52,,"",
"","100000007985260","NYS1","","",4.95,,"",
"","100000007979023","NYS1","","",17.02,,"",
"","100000007979049","NYS1","","",17.63,,"",
"","100000007979062","NYS1","","",16.16,,"",
"","100000007979088","NYS1","","",15.12,,"",
"","100000007979558","NYS1","","",52.13,,"",
"","100000007979653","NYS1","","",13.42,,"",
"","100000007979704","NYS1","","",13.56,,"",
"","100000007979730","NYS1","","",14.87,,"",
"","100000007979777","NYS1","","",12.8,,"",
"","100000007979166","NYS1","","",5.2,,"",
"","100000007956721","NYS1","","",3.71,,"",
"","100000007956735","NYS1","","",4.61,,"",
"","100000007956762","NYS1","","",4.26,,"",
"","100000007956780","NYS1","","",6.76,,"",
"","100000007956688","NYS1","","",5.73,,"",
"","100000007956713","NYS1","","",5.64,,"",
"","100000007956727","NYS1","","",6.44,,"",
"","100000007956754","NYS1","","",36.32,,"",
"","100000007957463","NYS1","","",0.79,,"",
"","100000007957488","NYS1","","",1.05,,"",
"","100000007957502","NYS1","","",1.9,,"",
"","100000007957527","NYS1","","",1.07,,"",
"","100000007957416","NYS1","","",1.9,,"",
"","100000007957526","NYS1","","",0.4769,,"",
"","100000007957414","NYS1","","",0.5725,,"",
"","100000007957435","NYS1","","",2.7,,"",
"","100000007957451","NYS1","","",3.25,,"",
"","100000007957475","NYS1","","",0.7155,,"",
"","100000007957093","NYS1","","",11.41,,"",
"","100000007956974","NYS1","","",12.26,,"",
"","100000007956995","NYS1","","",12.74,,"",
"","100000007957375","NYS1","","",15.1,,"",
"","100000007957271","NYS1","","",22.78,,"",
"","100000007957303","NYS1","","",17.03,,"",
"","100000007957322","NYS1","","",19.62,,"",
"","100000007957345","NYS1","","",27.18,,"",
"","100000007957352","NYS1","","",32.76,,"",
"","100000007957149","NYS1","","",16.48,,"",
"","100000007957177","NYS1","","",14.28,,"",
"","100000007957197","NYS1","","",15.83,,"",
"","100000007957223","NYS1","","",30.84,,"",
"","100000007957243","NYS1","","",22.18,,"",
"","100000007957122","NYS1","","",32.07,,"",
"","100000007957138","NYS1","","",29.9,,"",
"","100000007957178","NYS1","","",15.06,,"",
"","100000007957198","NYS1","","",9.97,,"",
"","100000007957997","NYS1","","",20.94,,"",
"","100000007958038","NYS1","","",31.81,,"",
"","100000007957542","NYS1","","",1.03,,"",
"","100000007957610","NYS1","","",0.4438,,"",
"","100000007957631","NYS1","","",0.5608,,"",
"","100000007981264","NYS1","","",48.7,,"",
"","100000007981019","NYS1","","",63.11,,"",
"","100000007981066","NYS1","","",8.44,,"",
"","100000007981144","NYS1","","",7.11,,"",
"","100000007985935","NYS1","","",27.29,,"",
"","100000007985864","NYS1","","",82.44,,"",
"","100000007985900","NYS1","","",98.07,,"",
"","100000007985952","NYS1","","",69.39,,"",
"","100000007985992","NYS1","","",67.23,,"",
"","100000007986051","NYS1","","",17.29,,"",
"","100000007971010","NYS1","","",2.68,,"",
"","100000007986517","NYS1","","",15.5,,"",
"","100000007986594","NYS1","","",11.01,,"",
"","100000007986652","NYS1","","",15.57,,"",
"","100000007986730","NYS1","","",20.46,,"",
"","100000007986783","NYS1","","",21.9,,"",
"","100000007986460","NYS1","","",14.71,,"",
"","100000007986499","NYS1","","",17.18,,"",
"","100000007986622","NYS1","","",2.53,,"",
"","100000007973196","NYS1","","",14.38,,"",
"","100000007973038","NYS1","","",18.87,,"",
"","100000007971983","NYS1","","",4.61,,"",
"","100000007972010","NYS1","","",4.6,,"",
"","100000007972055","NYS1","","",5.51,,"",
"","100000007972088","NYS1","","",7.7,,"",
"","100000007945567","NYS2","","",0.34254,,"",
"","100000007945581","NYS2","","",0.44361,,"",
"","100000007945607","NYS2","","",0.39321,,"",
"","100000007945529","NYS2","","",0.52848,,"",
"","100000007945582","NYS2","","",0.66042,,"",
"","100000007945608","NYS2","","",0.747,,"",
"","100000007945624","NYS2","","",0.846,,"",
"","100000007945530","NYS2","","",1.08,,"",
"","100000007984487","NYS1","","",14.13,,"",
"","100000007984965","NYS1","","",37.45,,"",
"","100000007985047","NYS1","","",9.34,,"",
"","100000007974168","NYS1","","",2.38,,"",
"","100000007974209","NYS1","","",2.84,,"",
"","100000007956770","NYS1","","",13.07,,"",
"","100000007956796","NYS1","","",11.71,,"",
"","100000007956703","NYS1","","",19.63,,"",
"","100000007956608","NYS1","","",12.33,,"",
"","100000007957492","NYS1","","",0.83,,"",
"","100000007957518","NYS1","","",1.17,,"",
"","100000007957376","NYS1","","",12.5,,"",
"","100000007958440","NYS1","","",23.44,,"",
"","100000007958482","NYS1","","",36.77,,"",
"","100000007958551","NYS1","","",46.66,,"",
"","100000007958599","NYS1","","",35.64,,"",
"","100000007958356","NYS1","","",68.65,,"",
"","100000007958461","NYS1","","",28.42,,"",
"","100000007988694","NYS1","","",15.97,,"",
"","100000007985972","NYS1","","",173.52,,"",
"","100000007985810","NYS1","","",95.09,,"",
"","100000007985865","NYS1","","",81.79,,"",
"","100000007986704","NYS1","","",2.97,,"",
"","100000007986756","NYS1","","",4.73,,"",
"","100000007986341","NYS1","","",5.93,,"",
"","100000007986375","NYS1","","",6.08,,"",
"","100000007986436","NYS1","","",7.48,,"",
"","100000007986121","NYS1","","",24.67,,"",
"","100000007986204","NYS1","","",34.43,,"",
"","100000007986377","NYS1","","",11.04,,"",
"","100000007986414","NYS1","","",14.71,,"",
"","100000007975917","NYS1","","",18.2,,"",
"","100000007975822","NYS1","","",27.49,,"",
"","100000007974992","NYS1","","",4.95,,"",
"","100000007945583","NYS2","","",0.26442,,"",
"","100000007945635","NYS2","","",1.26,,"",
"","100000007973958","NYS1","","",3.26,,"",
"","100000007974009","NYS1","","",4.88,,"",
"","100000007970407","NYS1","","",22.86,,"",
"","100000007970455","NYS1","","",21.41,,"",
"","100000007970280","NYS1","","",44.78,,"",
"","100000007970322","NYS1","","",35.75,,"",
"","100000007962166","NYS1","","",6.15,,"",
"","100000007961935","NYS1","","",8,,"",
"","100000007960775","NYS1","","",3.08,,"",
"","100000007960871","NYS1","","",11.68,,"",
"","100000007961243","NYS1","","",4.14,,"",
"","100000007961327","NYS1","","",4.97,,"",
"","100000007961384","NYS1","","",5.78,,"",
"","100000007961469","NYS1","","",8.35,,"",
"","100000007988401","NYS1","","",22.05,,"",
"","100000007988140","NYS1","","",27.32,,"",
"","100000007986261","NYS1","","",2.2,,"",
"","100000007986324","NYS1","","",2.81,,"",
"","100000007974894","NYS1","","",9.96,,"",
"","100000007974825","NYS1","","",10.96,,"",
"","100000007975370","NYS1","","",4.34,,"",
"","100000007977250","NYS1","","",3.51,,"",
"","100000007977408","NYS1","","",4.39,,"",
"","100000007977058","NYS1","","",5.96,,"",
"","100000007976127","NYS1","","",11.51,,"",
"","100000007976046","NYS1","","",0.5884,,"",
"","100000007976913","NYS1","","",0.8293,,"",
"","100000007976633","NYS1","","",0.6192,,"",
"","100000007963666","NYS1","","",3.62,,"",
"","100000007961981","NYS1","","",6.45,,"",
"","100000007962053","NYS1","","",6.33,,"",
"","100000007962097","NYS1","","",12.54,,"",
"","100000007962098","NYS1","","",1.36,,"",
"","100000007962141","NYS1","","",1.96,,"",
"","100000007962215","NYS1","","",1.84,,"",
"","100000007960980","NYS1","","",17.25,,"",
"","100000007961113","NYS1","","",7.34,,"",
"","100000007961189","NYS1","","",7.97,,"",
"","100000007961244","NYS1","","",12.93,,"",
"","100000007988614","NYS1","","",16.92,,"",
"","100000007987354","NYS1","","",26.95,,"",
"","100000007987406","NYS1","","",43.61,,"",
"","100000007988208","NYS1","","",41.69,,"",
"","100000007983231","NYS1","","",279.35,,"",
"","100000007983352","NYS1","","",720.28,,"",
"","100000007983036","NYS1","","",758.26,,"",
"","100000007980821","NYS1","","",189.23,,"",
"","100000007982581","NYS1","","",321.2,,"",
"","100000007949431","NYS2","","",0.1737,,"",
"","100000007949453","NYS2","","",0.14562,,"",
"","100000007949465","NYS2","","",0.19458,,"",
"","100000007949488","NYS2","","",0.25317,,"",
"","100000007975592","NYS1","","",0.94,,"",
"","100000007975287","NYS1","","",1.29,,"",
"","100000007975345","NYS1","","",2.77,,"",
"","100000007975522","NYS1","","",4.65,,"",
"","100000007975569","NYS1","","",6.74,,"",
"","100000007977028","NYS1","","",6.67,,"",
"","100000007977188","NYS1","","",10.28,,"",
"","100000007977155","NYS1","","",2.5,,"",
"","100000007977315","NYS1","","",2.67,,"",
"","100000007976786","NYS1","","",0.3803,,"",
"","100000007976893","NYS1","","",0.5488,,"",
"","100000007976933","NYS1","","",1.37,,"",
"","100000007976655","NYS1","","",1.57,,"",
"","100000007976741","NYS1","","",2.09,,"",
"","100000007976835","NYS1","","",3.51,,"",
"","100000007976875","NYS1","","",2.52,,"",
"","100000007977892","NYS1","","",11.86,,"",
"","100000007963692","NYS1","","",5.25,,"",
"","100000007963728","NYS1","","",7.48,,"",
"","100000007963755","NYS1","","",2.34,,"",
"","100000007963614","NYS1","","",2.91,,"",
"","100000007963623","NYS1","","",2.81,,"",
"","100000007963652","NYS1","","",2.92,,"",
"","100000007964227","NYS1","","",3.71,,"",
"","100000007963839","NYS1","","",0.9002,,"",
"","100000007964032","NYS1","","",413.17,,"",
"","100000007965153","NYS1","","",6.65,,"",
"","100000007965196","NYS1","","",6.87,,"",
"","100000007961901","NYS1","","",3.09,,"",
"","100000007961957","NYS1","","",2.89,,"",
"","100000007962029","NYS1","","",2.52,,"",
"","100000007962075","NYS1","","",13.08,,"",
"","100000007962193","NYS1","","",1.84,,"",
"","100000007968825","NYS1","","",53.09,,"",
"","100000007961864","NYS1","","",1.88,,"",
"","100000007961569","NYS1","","",2.67,,"",
"","100000007961614","NYS1","","",3.39,,"",
"","100000007961683","NYS1","","",5.91,,"",
"","100000007963302","NYS1","","",5.1,,"",
"","100000007963344","NYS1","","",10.21,,"",
"","100000007963400","NYS1","","",19.07,,"",
"","100000007963523","NYS1","","",4.58,,"",
"","100000007962932","NYS1","","",1.1,,"",
"","100000007982324","NYS1","","",30.16,,"",
"","100000007983098","NYS1","","",356.37,,"",
"","100000007983141","NYS1","","",390.75,,"",
"","100000007983257","NYS1","","",292.01,,"",
"","100000007982265","NYS1","","",108.1,,"",
"","100000007982323","NYS1","","",141.52,,"",
"","100000007949387","NYS2","","",0.23787,,"",
"","100000007949444","NYS2","","",0.35901,,"",
"","100000007949466","NYS2","","",0.34317,,"",
"","100000007949399","NYS2","","",0.10557,,"",
"","100000007949432","NYS2","","",0.42678,,"",
"","100000007976965","NYS1","","",5.3,,"",
"","100000007978518","NYS1","","",16.06,,"",
"","100000007978364","NYS1","","",14.3,,"",
"","100000007978439","NYS1","","",14.21,,"",
"","100000007978204","NYS1","","",12.51,,"",
"","100000007978341","NYS1","","",0.6342,,"",
"","100000007977942","NYS1","","",13.09,,"",
"","100000007978005","NYS1","","",15.76,,"",
"","100000007978053","NYS1","","",16.57,,"",
"","100000007978120","NYS1","","",17.1,,"",
"","100000007978160","NYS1","","",19.2,,"",
"","100000007978117","NYS1","","",27.9,,"",
"","100000007944189","NYS2","","",4.257,,"",
"","100000007944063","NYS2","","",5.148,,"",
"","100000007944092","NYS2","","",5.355,,"",
"","100000007944112","NYS2","","",6.192,,"",
"","100000007944143","NYS2","","",6.174,,"",
"","100000007967368","NYS1","","",6.26,,"",
"","100000007963329","NYS1","","",5.51,,"",
"","100000007963381","NYS1","","",6.77,,"",
"","100000007963421","NYS1","","",11.7,,"",
"","100000007963015","NYS1","","",1.47,,"",
"","100000007963057","NYS1","","",2.67,,"",
"","100000007963099","NYS1","","",22.85,,"",
"","100000007963138","NYS1","","",2.14,,"",
"","100000007963195","NYS1","","",3.47,,"",
"","100000007984392","NYS1","","",264.55,,"",
"","100000007983746","NYS1","","",18.25,,"",
"","100000007983585","NYS1","","",62.43,,"",
"","100000007983665","NYS1","","",13.08,,"",
"","100000007983719","NYS1","","",18.56,,"",
"","100000007985625","NYS1","","",45.38,,"",
"","100000007985626","NYS1","","",21.53,,"",
"","100000007984692","NYS1","","",14.52,,"",
"","100000007984534","NYS1","","",23.13,,"",
"","100000007978774","NYS1","","",18.36,,"",
"","100000007978468","NYS1","","",40.64,,"",
"","100000007978521","NYS1","","",57.18,,"",
"","100000007978158","NYS1","","",25.69,,"",
"","100000007977863","NYS1","","",28.35,,"",
"","100000007977920","NYS1","","",27.89,,"",
"","100000007978028","NYS1","","",23.79,,"",
"","100000007978094","NYS1","","",20.57,,"",
"","100000007945024","NYS2","","",0.4194,,"",
"","100000007966899","NYS1","","",2.63,,"",
"","100000007966461","NYS1","","",3.02,,"",
"","100000007966556","NYS1","","",3.54,,"",
"","100000007967236","NYS1","","",4.7,,"",
"","100000007967325","NYS1","","",6.65,,"",
"","100000007967380","NYS1","","",10.05,,"",
"","100000007967393","NYS1","","",4.87,,"",
"","100000007957405","NYS1","","",16.79,,"",
"","100000007957224","NYS1","","",14.69,,"",
"","100000007957244","NYS1","","",16.31,,"",
"","100000007957123","NYS1","","",14.4,,"",
"","100000007957139","NYS1","","",17.17,,"",
"","100000007962570","NYS1","","",5.86,,"",
"","100000007962246","NYS1","","",7.47,,"",
"","100000007962321","NYS1","","",11.02,,"",
"","100000007962372","NYS1","","",19.33,,"",
"","100000007957677","NYS1","","",0.2477,,"",
"","100000007981445","NYS1","","",8.53,,"",
"","100000007981521","NYS1","","",9.26,,"",
"","100000008011524","FHS1","","",71.6604,,"",
"","100000008010150","FHS1","","",175.4717,,"",
"","100000008030169","FHS1","","",0.5943,,"",
"","100000307430472","FHS1","","",9.5375,,"",
"","100000307430472","FHS1","","",8.584,,"",
"","100000307430473","FHS1","","",17.43,,"",
"","100000307430473","FHS1","","",15.6863,,"",
"","100000307430474","FHS1","","",20.755,,"",
"","100000008025613","FHS1","","",16.6119,,"",
"","100000008025785","FHS1","","",16.6119,,"",
"","100000008026248","FHS1","","",41.8045,,"",
"","100000008025138","FHS1","","",22.8968,,"",
"","100000307430535","FHS1","","",137.565,,"",
"","100000307430536","FHS1","","",146.415,,"",
"","100000307430537","FHS1","","",155.2,,"",
"","100000307430538","FHS1","","",164.265,,"",
"","100000307430403","FHS1","","",22.5225,,"",
"","100000007896137","FHS1","","",21.2066,,"",
"","100000007895954","FHS1","","",11.7191,,"",
"","100000007896332","FHS1","","",13.9713,,"",
"","100000007896294","FHS1","","",2.7085,,"",
"","100000007896665","FHS1","","",14.5702,,"",
"","100000007896631","FHS1","","",44.6191,,"",
"","100000007896634","FHS1","","",38.514,,"",
"","100000007896650","FHS1","","",33.467,,"",
"","100000008010124","FHS1","","",159.717,,"",
"","100000008013545","FHS1","","",1.4577,,"",
"","100000008012505","FHS1","","",3.2858,,"",
"","100000008013318","FHS1","","",1.0981,,"",
"","100000307430475","FHS1","","",24.325,,"",
"","100000008010987","FHS1","","",101.2264,,"",
"","100000008011200","FHS1","","",192.8302,,"",
"","100000307438704","FHS1","","",15.1255,,"",
"","100000307438706","FHS1","","",21.1375,,"",
"","100000307438706","FHS1","","",16.4867,,"",
"","100000307430424","FHS1","","",10.1875,,"",
"","100000307430425","FHS1","","",11.3575,,"",
"","100000307430426","FHS1","","",16.0575,,"",
"","100000307430427","FHS1","","",18.355,,"",
"","100000307430428","FHS1","","",21.5475,,"",
"","100000307430429","FHS1","","",24.6325,,"",
"","100000307430430","FHS1","","",27.8575,,"",
"","100000307430431","FHS1","","",31.01,,"",
"","100000007896703","FHS1","","",18.716,,"",
"","100000307430452","FHS1","","",25.18,,"",
"","100000307430452","FHS1","","",22.6613,,"",
"","100000307430453","FHS1","","",27.105,,"",
"","100000307430453","FHS1","","",24.3934,,"",
"","100000307430454","FHS1","","",31.765,,"",
"","100000307430454","FHS1","","",28.5877,,"",
"","100000008012914","FHS1","","",2.5915,,"",
"","100000008013236","FHS1","","",4.106,,"",
"","100000008013469","FHS1","","",1.4577,,"",
"","100000008012753","FHS1","","",3.2858,,"",
"","100000008012915","FHS1","","",1.7355,,"",
"","100000008013163","FHS1","","",4.0494,,"",
"","100000008031192","FHS1","","",4.836,,"",
"","100000008031941","FHS1","","",12.0323,,"",
"","100000008030633","FHS1","","",1.3423,,"",
"","100000008030903","FHS1","","",1.3423,,"",
"","100000008031092","FHS1","","",1.5321,,"",
"","100000008010643","FHS1","","",0.7279,,"",
"","100000008010788","FHS1","","",0.7381,,"",
"","100000307493547","FHS1","","",59.246,,"",
"","100000008011083","FHS1","","",13.9985,,"",
"","100000008011228","FHS1","","",41.3208,,"",
"","100000008011650","FHS1","","",4.0389,,"",
"","100000008011841","FHS1","","",3.2104,,"",
"","100000307438708","FHS1","","",23.1225,,"",
"","100000307438708","FHS1","","",18.0357,,"",
"","100000307438710","FHS1","","",25.1075,,"",
"","100000307438710","FHS1","","",19.8357,,"",
"","100000307438712","FHS1","","",27.065,,"",
"","100000307438712","FHS1","","",21.1115,,"",
"","100000307438713","FHS1","","",27.755,,"",
"","100000307438713","FHS1","","",21.9262,,"",
"","100000007902942","FHS1","","",5.5891,,"",
"","100000007903071","FHS1","","",7.6491,,"",
"","100000007902855","FHS1","","",37.6604,,"",
"","100000007900071","FHS1","","",92.9811,,"",
"","100000007900083","FHS1","","",389.2321,,"",
"","100000007900087","FHS1","","",85.5813,,"",
"","100000307430568","FHS1","","",6.97,,"",
"","100000307430569","FHS1","","",10.47,,"",
"","100000307430570","FHS1","","",14.885,,"",
"","100000307430571","FHS1","","",18.14,,"",
"","100000307430434","FHS1","","",13.2775,,"",
"","100000307430434","FHS1","","",11.9505,,"",
"","100000307430437","FHS1","","",17.495,,"",
"","100000307430437","FHS1","","",15.7458,,"",
"","100000307430438","FHS1","","",20.7225,,"",
"","100000307430438","FHS1","","",18.6495,,"",
"","100000307430455","FHS1","","",33.48,,"",
"","100000307430455","FHS1","","",30.133,,"",
"","100000307430456","FHS1","","",35.68,,"",
"","100000307430456","FHS1","","",32.1113,,"",
"","100000307430457","FHS1","","",38.015,,"",
"","100000307430461","FHS1","","",151.51,,"",
"","100000307430462","FHS1","","",173.58,,"",
"","100000307430463","FHS1","","",191.43,,"",
"","100000008013547","FHS1","","",5.4785,,"",
"","100000008012671","FHS1","","",2.0164,,"",
"","100000008012831","FHS1","","",3.9085,,"",
"","100000008031586","FHS1","","",2.4204,,"",
"","100000008030904","FHS1","","",0.9479,,"",
"","100000008026074","FHS1","","",61.594,,"",
"","100000008010494","FHS1","","",0.8166,,"",
"","100000008010962","FHS1","","",1.4958,,"",
"","100000307438669","FHS1","","",51.861,,"",
"","100000307438670","FHS1","","",89.7832,,"",
"","100000007904122","FHS1","","",83.9109,,"",
"","100000007893295","FHS1","","",0.6489,,"",
"","100000007893321","FHS1","","",0.4306,,"",
"","100000008012248","FHS1","","",3.3994,,"",
"","100000008011084","FHS1","","",4.4949,,"",
"","100000008011229","FHS1","","",4.4949,,"",
"","100000008011464","FHS1","","",2.4789,,"",
"","100000008011230","FHS1","","",5.5283,,"",
"","100000307438714","FHS1","","",28.68,,"",
"","100000307438714","FHS1","","",22.083,,"",
"","100000007902779","FHS1","","",66.6694,,"",
"","100000007903625","FHS1","","",7.8723,,"",
"","100000007903717","FHS1","","",15.9109,,"",
"","100000007903741","FHS1","","",631.0898,,"",
"","100000007903911","FHS1","","",271.8951,,"",
"","100000307438729","FHS1","","",7.23,,"",
"","100000307438730","FHS1","","",9.75,,"",
"","100000307438731","FHS1","","",11.605,,"",
"","100000307438732","FHS1","","",13.7725,,"",
"","100000307438739","FHS1","","",8.5575,,"",
"","100000007903627","FHS1","","",631.09,,"",
"","100000307430572","FHS1","","",22.7,,"",
"","100000307430573","FHS1","","",25.715,,"",
"","100000307430574","FHS1","","",32.045,,"",
"","100000307430575","FHS1","","",34.895,,"",
"","100000307430576","FHS1","","",41.04,,"",
"","100000307430577","FHS1","","",44.71,,"",
"","100000307430578","FHS1","","",49.01,,"",
"","100000307430464","FHS1","","",209.13,,"",
"","100000307430465","FHS1","","",227.64,,"",
"","100000307430466","FHS1","","",123.03,,"",
"","100000307430467","FHS1","","",132.075,,"",
"","100000307438641","FHS1","","",19.3825,,"",
"","100000008010365","FHS1","","",14.5949,,"",
"","100000008010740","FHS1","","",15.933,,"",
"","100000008010520","FHS1","","",15.933,,"",
"","100000008011579","FHS1","","",3.6213,,"",
"","100000008011032","FHS1","","",2.6983,,"",
"","100000008011252","FHS1","","",2.033,,"",
"","100000008011490","FHS1","","",1.2683,,"",
"","100000007893995","FHS1","","",1.3815,,"",
"","100000007893977","FHS1","","",1.4079,,"",
"","100000007893975","FHS1","","",1.6096,,"",
"","100000007893983","FHS1","","",1.4875,,"",
"","100000007894437","FHS1","","",1.9232,,"",
"","100000007894441","FHS1","","",1.8457,,"",
"","100000007894419","FHS1","","",1.7677,,"",
"","100000007894432","FHS1","","",1.6611,,"",
"","100000007894440","FHS1","","",1.6611,,"",
"","100000307438740","FHS1","","",10.565,,"",
"","100000307438741","FHS1","","",12.17,,"",
"","100000307438742","FHS1","","",14.18,,"",
"","100000007895163","FHS1","","",68.353,,"",
"","100000007905428","FHS1","","",9.304,,"",
"","100000307438613","FHS1","","",16.7,,"",
"","100000307438614","FHS1","","",21.255,,"",
"","100000307438615","FHS1","","",25.81,,"",
"","100000307438617","FHS1","","",34.945,,"",
"","100000007892613","FHS1","","",0.9808,,"",
"","100000307438645","FHS1","","",32.355,,"",
"","100000307438645","FHS1","","",30.7361,,"",
"","100000008026033","FHS1","","",2.3321,,"",
"","100000008026216","FHS1","","",2.3321,,"",
"","100000008026299","FHS1","","",2.3321,,"",
"","100000008025996","FHS1","","",32.1509,,"",
"","100000008010884","FHS1","","",23.1392,,"",
"","100000008031253","FHS1","","",9.4966,,"",
"","100000008031444","FHS1","","",10.3613,,"",
"","100000008029806","FHS1","","",8.1275,,"",
"","100000008030052","FHS1","","",2.2472,,"",
"","100000008030211","FHS1","","",2.6172,,"",
"","100000008030435","FHS1","","",2.8932,,"",
"","100000008011766","FHS1","","",1.2683,,"",
"","100000008011963","FHS1","","",7.336,,"",
"","100000007893991","FHS1","","",1.594,,"",
"","100000007893974","FHS1","","",1.6208,,"",
"","100000007893978","FHS1","","",1.7532,,"",
"","100000007898218","FHS1","","",9.6391,,"",
"","100000007898212","FHS1","","",198.7179,,"",
"","100000007898181","FHS1","","",103.804,,"",
"","100000007894430","FHS1","","",2.5485,,"",
"","100000007894434","FHS1","","",2.3091,,"",
"","100000007894654","FHS1","","",2.2447,,"",
"","100000007895167","FHS1","","",102.3636,,"",
"","100000007895172","FHS1","","",17.2147,,"",
"","100000007895173","FHS1","","",40.3374,,"",
"","100000007895180","FHS1","","",47.9698,,"",
"","100000007895174","FHS1","","",6.23,,"",
"","100000007895181","FHS1","","",8.0028,,"",
"","100000007895186","FHS1","","",12.0043,,"",
"","100000007905411","FHS1","","",41.1109,,"",
"","100000007905393","FHS1","","",79.4621,,"",
"","100000007905447","FHS1","","",7.6862,,"",
"","100000008031031","FHS1","","",6.8096,,"",
"","100000008031815","FHS1","","",16.1866,,"",
"","100000008030781","FHS1","","",14.3766,,"",
"","100000008031254","FHS1","","",16.556,,"",
"","100000008030782","FHS1","","",3.9151,,"",
"","100000007897186","FHS1","","",3.8466,,"",
"","100000007897192","FHS1","","",14.1889,,"",
"","100000007897202","FHS1","","",16.754,,"",
"","100000007897188","FHS1","","",36.2581,,"",
"","100000007897193","FHS1","","",43.6277,,"",
"","100000007897203","FHS1","","",37.4709,,"",
"","100000008029824","FHS1","","",121.5764,,"",
"","100000007898192","FHS1","","",28.4804,,"",
"","100000007898201","FHS1","","",57.0385,,"",
"","100000007898182","FHS1","","",39.1306,,"",
"","100000007895168","FHS1","","",16.0389,,"",
"","100000007895679","FHS1","","",246.2811,,"",
"","100000007895685","FHS1","","",244.872,,"",
"","100000007895676","FHS1","","",8.7647,,"",
"","100000007895680","FHS1","","",4.3921,,"",
"","100000007905548","FHS1","","",16.493,,"",
"","100000007895986","FHS1","","",2.2191,,"",
"","100000007896049","FHS1","","",1.503,,"",
"","100000007893003","FHS1","","",1.0089,,"",
"","100000007893007","FHS1","","",1.6234,,"",
"","100000007893015","FHS1","","",1.3826,,"",
"","100000007892996","FHS1","","",2.4779,,"",
"","100000007893058","FHS1","","",34.1636,,"",
"","100000007893065","FHS1","","",38.0632,,"",
"","100000008029846","FHS1","","",0.5943,,"",
"","100000008030323","FHS1","","",12.2642,,"",
"","100000007897182","FHS1","","",43.4764,,"",
"","100000008030575","FHS1","","",10.6502,,"",
"","100000008019578","FHS1","","",902.2815,,"",
"","100000008012808","FHS1","","",0.9328,,"",
"","100000008013601","FHS1","","",1.4213,,"",
"","100000008012564","FHS1","","",0.7089,,"",
"","100000008025857","FHS1","","",5.0742,,"",
"","100000008026038","FHS1","","",5.0742,,"",
"","100000007895668","FHS1","","",193.9208,,"",
"","100000007895701","FHS1","","",42.1887,,"",
"","100000007895713","FHS1","","",33.7058,,"",
"","100000007895716","FHS1","","",49.0566,,"",
"","100000007896111","FHS1","","",2.4402,,"",
"","100000007895999","FHS1","","",1.503,,"",
"","100000007895943","FHS1","","",54.8335,,"",
"","100000007896596","FHS1","","",1.4589,,"",
"","100000007896612","FHS1","","",53.9108,,"",
"","100000007896576","FHS1","","",16.6691,,"",
"","100000007893042","FHS1","","",1.1543,,"",
"","100000007893331","FHS1","","",0.2245,,"",
"","100000007893343","FHS1","","",0.2043,,"",
"","100000007893376","FHS1","","",0.2166,,"",
"","100000007896635","FHS1","","",31.1132,,"",
"","100000007956385","B4U1","","",19.399,,"",
"","100000007956718","B4U1","","",7.668,,"",
"","100000007932819","CAR1","","",1.625,,"",
"","100000007932920","CAR1","","",1.867,,"",
"","100000007957938","B4U1","","",66.95014286,,"",
"","100000007920561","CAR1","","",5.94,,"",
"","100000007933271","CAR1","","",0.394,,"",
"","100000007956827","CAR1","","",5.75,,"",
"","100000007956457","CAR1","","",15.95,,"",
"","100000007915502","B4U1","","",0.796142857,,"",
"","100000007913420","B4U1","","",50.23257143,,"",
"","100000007913411","B4U1","","",80.36742857,,"",
"","100000007914371","B4U1","","",58.79057143,,"",
"","100000007914385","B4U1","","",22.71657143,,"",
"","100000007914318","B4U1","","",58.32,,"",
"","100000007914282","B4U1","","",40.66942857,,"",
"","100000007914859","B4U1","","",15.10457143,,"",
"","100000007914879","B4U1","","",15.10457143,,"",
"","100000007914912","B4U1","","",7.578571429,,"",
"","100000007914926","B4U1","","",7.578571429,,"",
"","100000007914818","B4U1","","",7.578571429,,"",
"","100000007929697","CKJ1","","",0.88,,"",
"","100000007929679","CKJ1","","",0.73,,"",
"","100000007930025","CKJ1","","",0.75,,"",
"","100000007930052","CKJ1","","",0.74,,"",
"","100000007930045","CKJ1","","",0.7,,"",
"","100000007930015","CKJ1","","",0.68,,"",
"","100000007929816","CKJ1","","",1.72,,"",
"","100000007929826","CKJ1","","",1.85,,"",
"","100000007957637","B4U1","","",12.12228571,,"",
"","100000007957650","B4U1","","",7.673571429,,"",
"","100000007957598","B4U1","","",5.054142857,,"",
"","100000007935514","B4U1","","",23.55942857,,"",
"","100000007935574","B4U1","","",23.55942857,,"",
"","100000007935213","B4U1","","",21.91085714,,"",
"","100000007938541","B4U1","","",39.74714286,,"",
"","100000007939738","B4U1","","",70.30442857,,"",
"","100000007939758","B4U1","","",56.17571429,,"",
"","100000007957279","B4U1","","",53.32114286,,"",
"","100000007957310","B4U1","","",13.12957143,,"",
"","100000007957332","B4U1","","",14.53157143,,"",
"","100000007956611","B4U1","","",24.52314286,,"",
"","100000007956609","CAR1","","",9.3,,"",
"","100000007957228","CAR1","","",8.5,,"",
"","100000007942193","CKJ1","","",0.2702,,"",
"","100000007945090","CKJ1","","",0.4733,,"",
"","100000007945122","CKJ1","","",0.6075,,"",
"","100000007945214","CKJ1","","",0.7321,,"",
"","100000007945087","CKJ1","","",0.93,,"",
"","100000007945989","CKJ1","","",1.06,,"",
"","100000007912268","B4U1","","",20.79771429,,"",
"","100000007914330","B4U1","","",35.075,,"",
"","100000007914381","B4U1","","",38.74542857,,"",
"","100000007914913","B4U1","","",10.20757143,,"",
"","100000007914810","B4U1","","",10.20757143,,"",
"","100000007914828","B4U1","","",10.20757143,,"",
"","100000007914804","B4U1","","",10.97285714,,"",
"","100000007914417","B4U1","","",10.97285714,,"",
"","100000007914440","B4U1","","",10.97285714,,"",
"","100000007915096","B4U1","","",0.255428571,,"",
"","100000007929863","CKJ1","","",1.08,,"",
"","100000007929870","CKJ1","","",0.9,,"",
"","100000007955728","B4U1","","",7.344,,"",
"","100000007913762","CAR1","","",2.75,,"",
"","100000007913625","CAR1","","",22.5,,"",
"","100000007913681","CAR1","","",58.5,,"",
"","100000007914476","CAR1","","",9.75,,"",
"","100000007914498","CAR1","","",8.96,,"",
"","100000007935138","B4U1","","",23.55942857,,"",
"","100000007935165","B4U1","","",6.156,,"",
"","100000007935201","B4U1","","",23.868,,"",
"","100000007935224","B4U1","","",6.649714286,,"",
"","100000007939225","B4U1","","",47.64542857,,"",
"","100000007939275","B4U1","","",51.50385714,,"",
"","100000007938519","B4U1","","",42.52414286,,"",
"","100000007957182","B4U1","","",5.126571429,,"",
"","100000007945964","CKJ1","","",1.42,,"",
"","100000007945937","CKJ1","","",0.1418,,"",
"","100000007945991","CKJ1","","",0.1598,,"",
"","100000007945963","CKJ1","","",0.3051,,"",
"","100000007946011","CKJ1","","",0.447,,"",
"","100000007957098","B4U1","","",17.50842857,,"",
"","100000007900569","CKJ1","","",0.4014,,"",
"","100000007900574","CKJ1","","",0.1275,,"",
"","100000007900585","CKJ1","","",0.1897,,"",
"","100000007914034","B4U1","","",13.5,,"",
"","100000007913403","B4U1","","",29.46857143,,"",
"","100000007913230","B4U1","","",14.51371429,,"",
"","100000007937884","B4U1","","",91.86828571,,"",
"","100000007937951","B4U1","","",147.9642857,,"",
"","100000007937807","B4U1","","",200.5865714,,"",
"","100000007936017","B4U1","","",13.37842857,,"",
"","100000007936032","B4U1","","",9.019142857,,"",
"","100000007936067","B4U1","","",10.998,,"",
"","100000007935991","B4U1","","",17.91257143,,"",
"","100000007935621","B4U1","","",145.0861429,,"",
"","100000007933056","CKJ1","","",0.29,,"",
"","100000007934100","CKJ1","","",2.4528,,"",
"","100000007934035","CKJ1","","",3.0524,,"",
"","100000007934053","CKJ1","","",3.0524,,"",
"","100000007934076","CKJ1","","",2.0852,,"",
"","100000007934092","CKJ1","","",2.11,,"",
"","100000007941114","CAR1","","",0.778,,"",
"","100000007941154","CAR1","","",0.784,,"",
"","100000007941163","CAR1","","",0.6485,,"",
"","100000007941179","CAR1","","",0.66,,"",
"","100000007941204","CAR1","","",0.653,,"",
"","100000007941229","CAR1","","",0.931,,"",
"","100000007941115","CAR1","","",1.058,,"",
"","100000007941199","CAR1","","",1.3485,,"",
"","100000007942160","CAR1","","",0.0905,,"",
"","100000007942203","CAR1","","",0.103,,"",
"","100000007957219","B4U1","","",42.30685714,,"",
"","100000007957144","B4U1","","",14.33571429,,"",
"","100000007957184","B4U1","","",60.33314286,,"",
"","100000007955936","B4U1","","",17.97914286,,"",
"","100000007955870","B4U1","","",88.09342857,,"",
"","100000007957044","B4U1","","",367.4314286,,"",
"","100000007903092","CKJ1","","",0.3031,,"",
"","100000007902752","CKJ1","","",0.0723,,"",
"","100000007902873","CKJ1","","",0.1148,,"",
"","100000007902937","CKJ1","","",0.0957,,"",
"","100000007903201","CKJ1","","",0.2151,,"",
"","100000007903275","CKJ1","","",0.0645,,"",
"","100000007903366","CKJ1","","",0.62,,"",
"","100000007903437","CKJ1","","",0.099,,"",
"","100000007903484","CKJ1","","",0.0722,,"",
"","100000007903167","CKJ1","","",0.3543,,"",
"","100000007914009","B4U1","","",3.000285714,,"",
"","100000007914025","B4U1","","",3.023714286,,"",
"","100000007914055","B4U1","","",3.021428571,,"",
"","100000007913218","B4U1","","",42.42857143,,"",
"","100000007913226","B4U1","","",34.45542857,,"",
"","100000007913227","B4U1","","",2.160428571,,"",
"","100000007914754","B4U1","","",7.405714286,,"",
"","100000007956447","B4U1","","",3.968714286,,"",
"","100000007956457","B4U1","","",14.81471429,,"",
"","100000007956489","B4U1","","",18.61028571,,"",
"","100000007957529","B4U1","","",12.29014286,,"",
"","100000007957437","B4U1","","",65.83371429,,"",
"","100000007939037","B4U1","","",62.941,,"",
"","100000007937887","B4U1","","",233.0371429,,"",
"","100000007935725","B4U1","","",49.9714,,"",
"","100000007935613","B4U1","","",47.16485714,,"",
"","100000007935692","B4U1","","",41.66985714,,"",
"","100000007935666","B4U1","","",57.07085714,,"",
"","100000007934122","B4U1","","",48.75971429,,"",
"","100000007933990","CKJ1","","",2.0852,,"",
"","100000007934045","CKJ1","","",2.117,,"",
"","100000007934099","CKJ1","","",1.7084,,"",
"","100000007933999","CKJ1","","",1.6062,,"",
"","100000007933660","CKJ1","","",1.3118,,"",
"","100000007933692","CKJ1","","",1.3118,,"",
"","100000007933724","CKJ1","","",1.2574,,"",
"","100000007933672","CKJ1","","",1.746,,"",
"","100000007934140","CKJ1","","",0.258,,"",
"","100000007942218","CAR1","","",0.098,,"",
"","100000007942108","CAR1","","",0.16,,"",
"","100000007942114","CAR1","","",0.217,,"",
"","100000007942128","CAR1","","",0.2335,,"",
"","100000007942129","CAR1","","",0.2365,,"",
"","100000007942177","CAR1","","",0.3265,,"",
"","100000007942192","CAR1","","",0.389,,"",
"","100000007942216","CAR1","","",0.4285,,"",
"","100000007942122","CAR1","","",0.495,,"",
"","100000007957204","B4U1","","",520.1332857,,"",
"","100000007957228","B4U1","","",9.342,,"",
"","100000007957248","B4U1","","",2.314285714,,"",
"","100000007957119","B4U1","","",42.989,,"",
"","100000007957158","B4U1","","",395.687,,"",
"","100000007957991","B4U1","","",5.886285714,,"",
"","100000007958060","B4U1","","",395.604,,"",
"","100000007957019","B4U1","","",7.862285714,,"",
"","100000007955845","B4U1","","",14.86414286,,"",
"","100000007903251","CKJ1","","",0.1436,,"",
"","100000007905433","CKJ1","","",0.0971,,"",
"","100000007905526","CKJ1","","",0.7533,,"",
"","100000007904453","CKJ1","","",0.4733,,"",
"","100000007908232","CKJ1","","",0.1025,,"",
"","100000007908295","CKJ1","","",0.1872,,"",
"","100000007908338","CKJ1","","",0.1602,,"",
"","100000007913739","CKJ1","","",0.119,,"",
"","100000007913773","CKJ1","","",0.0604,,"",
"","100000007914021","B4U1","","",5.088,,"",
"","100000007915134","B4U1","","",0.040142857,,"",
"","100000007915169","B4U1","","",0.028,,"",
"","100000007915093","B4U1","","",0.042,,"",
"","100000007915107","B4U1","","",41.95028571,,"",
"","100000007913493","B4U1","","",6.264,,"",
"","100000007913546","B4U1","","",41.35328571,,"",
"","100000007945538","CKJ1","","",3.02,,"",
"","100000007945556","CKJ1","","",3.4,,"",
"","100000007945573","CKJ1","","",3.54,,"",
"","100000007945606","CKJ1","","",3.86,,"",
"","100000007945567","CKJ1","","",0.2618,,"",
"","100000007945581","CKJ1","","",0.3402,,"",
"","100000007945607","CKJ1","","",0.2927,,"",
"","100000007945529","CKJ1","","",0.4045,,"",
"","100000007945544","CKJ1","","",0.4495,,"",
"","100000007945568","CKJ1","","",0.5527,,"",
"","100000007957465","B4U1","","",11.59528571,,"",
"","100000007957466","B4U1","","",32.01742857,,"",
"","100000007934736","B4U1","","",3.594857143,,"",
"","100000007934728","B4U1","","",3.594857143,,"",
"","100000007934729","B4U1","","",4.921714286,,"",
"","100000007934816","B4U1","","",100,,"",
"","100000007938558","B4U1","","",44.39057143,,"",
"","100000007938631","B4U1","","",62.31828571,,"",
"","100000007938654","B4U1","","",60.672,,"",
"","100000007934156","B4U1","","",52.71571429,,"",
"","100000007934173","B4U1","","",4.837714286,,"",
"","100000007935781","B4U1","","",75.99514286,,"",
"","100000007934205","CKJ1","","",0.1537,,"",
"","100000007934167","CKJ1","","",0.1537,,"",
"","100000007934424","CKJ1","","",0.2414,,"",
"","100000007934460","CKJ1","","",0.2414,,"",
"","100000007945343","CKJ1","","",6.71,,"",
"","100000007942167","CAR1","","",0.5555,,"",
"","100000007925258","CAR1","","",0.218,,"",
"","100000007925271","CAR1","","",0.35,,"",
"","100000007924816","CAR1","","",0.2205,,"",
"","100000007924823","CAR1","","",0.0945,,"",
"","100000007925113","CAR1","","",0.074,,"",
"","100000007925092","CAR1","","",0.123,,"",
"","100000007924958","CAR1","","",0.16,,"",
"","100000007925040","CAR1","","",0.145,,"",
"","100000007925057","CAR1","","",0.17,,"",
"","100000007925001","CAR1","","",0.1455,,"",
"","100000007958067","B4U1","","",126.0668571,,"",
"","100000007955770","B4U1","","",23.03671429,,"",
"","100000007955777","B4U1","","",5.503428571,,"",
"","100000007915127","B4U1","","",0.054285714,,"",
"","100000007915164","B4U1","","",0.062714286,,"",
"","100000007915160","B4U1","","",62.93757143,,"",
"","100000007915181","B4U1","","",0.079428571,,"",
"","100000007915083","B4U1","","",0.096,,"",
"","100000007915105","B4U1","","",95.60757143,,"",
"","100000007915153","B4U1","","",0.786428571,,"",
"","100000007914784","B4U1","","",7.578571429,,"",
"","100000007914785","B4U1","","",7.578571429,,"",
"","100000007915442","B4U1","","",0.429857143,,"",
"","100000007915699","B4U1","","",7.613,,"",
"","100000007945624","CKJ1","","",0.6376,,"",
"","100000007945583","CKJ1","","",0.1947,,"",
"","100000007945635","CKJ1","","",0.96,,"",
"","100000007945526","CKJ1","","",1.47,,"",
"","100000007945850","CKJ1","","",0.2049,,"",
"","100000007945898","CKJ1","","",0.2561,,"",
"","100000007945841","CKJ1","","",0.4791,,"",
"","100000007945908","CKJ1","","",0.5626,,"",
"","100000007945770","CKJ1","","",1.42,,"",
"","100000007955964","B4U1","","",19.10528571,,"",
"","100000007934823","B4U1","","",111.3171429,,"",
"","100000007934720","B4U1","","",71.95885714,,"",
"","100000007934791","B4U1","","",73.47085714,,"",
"","100000007935536","B4U1","","",138.0488571,,"",
"","100000007935571","B4U1","","",79.22571429,,"",
"","100000007938549","B4U1","","",53.42357143,,"",
"","100000007956408","B4U1","","",18.451,,"",
"","100000007956503","B4U1","","",46.89385714,,"",
"","100000007925964","CAR1","","",0.8315,,"",
"","100000007925688","CAR1","","",0.1885,,"",
"","100000007925714","CAR1","","",0.3135,,"",
"","100000007926361","CAR1","","",0.035,,"",
"","100000007929748","CAR1","","",0.877,,"",
"","100000007929697","CAR1","","",0.8,,"",
"","100000007929710","CAR1","","",0.8,,"",
"","100000007929687","CAR1","","",0.5608,,"",
"","100000007957965","B4U1","","",17.342,,"",
"","100000007932880","CAR1","","",1.4975,,"",
"","100000007932820","CAR1","","",0.84,,"",
"","100000007933534","CAR1","","",1.4695,,"",
"","100000007989760","CAR1","","",5.23,,"",
"","100000007989443","CAR1","","",5.06,,"",
"","100000007991286","CAR1","","",7.84,,"",
"","100000007955790","B4U1","","",103.2661429,,"",
"","100000007957801","B4U1","","",136.2215714,,"",
"","100000007957260","B4U1","","",46.41714286,,"",
"","100000007915173","B4U1","","",0.745285714,,"",
"","100000007915080","B4U1","","",0.177571429,,"",
"","100000007915519","B4U1","","",0.324428571,,"",
"","100000007915539","B4U1","","",0.405285714,,"",
"","100000007915441","B4U1","","",0.354,,"",
"","100000007912177","B4U1","","",11.24742857,,"",
"","100000007957081","B4U1","","",9.896571429,,"",
"","100000007935480","B4U1","","",108.9472857,,"",
"","100000007938449","B4U1","","",54.04642857,,"",
"","100000007956609","B4U1","","",7.659285714,,"",
"","100000007990041","CAR1","","",4.77,,"",
"","100000007990278","CAR1","","",6.53,,"",
"","100000007990151","CAR1","","",5.9,,"",
"","100000007991563","CAR1","","",4.31,,"",
"","100000008034833","CAR1","","",1.3,,"",
"","100000008033411","CAR1","","",1.05,,"",
"","100000007956893","B4U1","","",10.17685714,,"",
"","100000007916143","B4U1","","",13.99157143,,"",
"","100000007916165","B4U1","","",29.71985714,,"",
"","100000007916124","B4U1","","",16.13314286,,"",
"","100000007916144","B4U1","","",16.43471429,,"",
"","100000007915460","B4U1","","",0.274142857,,"",
"","100000007915474","B4U1","","",0.794285714,,"",
"","100000007915494","B4U1","","",1.406142857,,"",
"","100000007915511","B4U1","","",1.819285714,,"",
"","100000007915531","B4U1","","",2.305285714,,"",
"","100000007912483","B4U1","","",25.61342857,,"",
"","100000007913819","CKJ1","","",0.2195,,"",
"","100000007913846","CKJ1","","",0.089,,"",
"","100000007913708","CKJ1","","",0.1653,,"",
"","100000007913765","CKJ1","","",0.5544,,"",
"","100000007914603","CKJ1","","",53.5951,,"",
"","100000007917465","CKJ1","","",0.0501,,"",
"","100000007917417","CKJ1","","",0.098,,"",
"","100000007917491","CKJ1","","",0.1076,,"",
"","100000007917409","CKJ1","","",0.1903,,"",
"","100000007917426","CKJ1","","",0.1955,,"",
"","100000007957033","B4U1","","",3.938142857,,"",
"","100000007957048","B4U1","","",10.87714286,,"",
"","100000007957056","B4U1","","",64.8,,"",
"","100000007957064","B4U1","","",4.414571429,,"",
"","100000007958002","B4U1","","",16.95357143,,"",
"","100000007937598","B4U1","","",12.248,,"",
"","100000007938421","B4U1","","",38.82985714,,"",
"","100000007938430","B4U1","","",52.71285714,,"",
"","100000007938514","B4U1","","",43.195,,"",
"","100000007938311","B4U1","","",56.26614286,,"",
"","100000007915679","B4U1","","",0.023142857,,"",
"","100000007915689","B4U1","","",17.76985714,,"",
"","100000007915604","B4U1","","",0.027142857,,"",
"","100000007915614","B4U1","","",25.84042857,,"",
"","100000007915632","B4U1","","",0.027,,"",
"","100000007915663","B4U1","","",0.028571429,,"",
"","100000007915671","B4U1","","",22.942,,"",
"","100000007915551","B4U1","","",0.025428571,,"",
"","100000007915550","B4U1","","",0.103571429,,"",
"","100000007915567","B4U1","","",0.215571429,,"",
"","100000007916336","B4U1","","",0.295142857,,"",
"","100000007916344","B4U1","","",0.305571429,,"",
"","100000007916373","B4U1","","",0.355857143,,"",
"","100000007915367","B4U1","","",20.41514286,,"",
"","100000007915379","B4U1","","",20.41514286,,"",
"","100000007915396","B4U1","","",20.41514286,,"",
"","100000007916369","B4U1","","",0.734142857,,"",
"","100000007916403","B4U1","","",0.460428571,,"",
"","100000007916426","B4U1","","",1.045,,"",
"","100000007915299","B4U1","","",0.731,,"",
"","100000007915309","B4U1","","",0.862285714,,"",
"","100000007915198","B4U1","","",0.090714286,,"",
"","100000007943532","DTR1","","",0.49445,,"",
"","100000007943546","DTR1","","",0.666,,"",
"","100000007943570","DTR1","","",0.531,,"",
"","100000007943586","DTR1","","",0.66709,,"",
"","100000007943609","DTR1","","",0.72273,,"",
"","100000007944375","DTR1","","",0.084,,"",
"","100000007943974","DTR1","","",0.47018,,"",
"","100000007944000","DTR1","","",0.40173,,"",
"","100000007944037","DTR1","","",0.53318,,"",
"","100000007944201","DTR1","","",0.96464,,"",
"","100000007944268","DTR1","","",1.17245,,"",
"","100000007945196","DTR1","","",0.69096,,"",
"","100000007945214","DTR1","","",0.79968,,"",
"","100000007945087","DTR1","","",0.9732,,"",
"","100000007945119","DTR1","","",0.88584,,"",
"","100000007945968","DTR1","","",1.02696,,"",
"","100000007945989","DTR1","","",1.12752,,"",
"","100000007946026","DTR1","","",1.64712,,"",
"","100000007945562","DTR1","","",2.0148,,"",
"","100000007945537","DTR1","","",0.93408,,"",
"","100000007945822","DTR1","","",1.13856,,"",
"","100000007945868","DTR1","","",1.2696,,"",
"","100000007944519","DTR1","","",0.24573,,"",
"","100000007945694","DTR1","","",1.6356,,"",
"","100000007945718","DTR1","","",2.8104,,"",
"","100000007945753","DTR1","","",2.91048,,"",
"","100000007945771","DTR1","","",2.80704,,"",
"","100000007945661","DTR1","","",3.51456,,"",
"","100000007945677","DTR1","","",4.1976,,"",
"","100000007945701","DTR1","","",4.7904,,"",
"","100000007946543","DTR1","","",5.53344,,"",
"","100000007946559","DTR1","","",4.16592,,"",
"","100000007946583","DTR1","","",6.30144,,"",
"","100000007946599","DTR1","","",6.66408,,"",
"","100000007946495","DTR1","","",7.7052,,"",
"","100000007946520","DTR1","","",9.00528,,"",
"","100000007946534","DTR1","","",9.91824,,"",
"","100000007946575","DTR1","","",11.19096,,"",
"","100000007946485","DTR1","","",11.80128,,"",
"","100000007946406","B4U1","","",0,,"",
"","100000007947095","B4U1","","",0,,"",
"","100000007915577","B4U1","","",0.025714286,,"",
"","100000007915597","B4U1","","",24.87085714,,"",
"","100000007915625","B4U1","","",0.042142857,,"",
"","100000007915633","B4U1","","",18.46171429,,"",
"","100000007915643","B4U1","","",0.044285714,,"",
"","100000007915664","B4U1","","",18.76328571,,"",
"","100000007914313","B4U1","","",16.62185714,,"",
"","100000007916407","B4U1","","",0.189285714,,"",
"","100000007916323","B4U1","","",0.496,,"",
"","100000007916353","B4U1","","",6.83,,"",
"","100000007916374","B4U1","","",0.191714286,,"",
"","100000007915967","B4U1","","",0.308857143,,"",
"","100000007915997","B4U1","","",0.212714286,,"",
"","100000007916268","B4U1","","",0.173142857,,"",
"","100000007916281","B4U1","","",0.486,,"",
"","100000007916262","B4U1","","",0.466142857,,"",
"","100000007945466","DTR1","","",1.10782,,"",
"","100000007945483","DTR1","","",1.04073,,"",
"","100000007945500","DTR1","","",1.05218,,"",
"","100000007945516","DTR1","","",1.20627,,"",
"","100000007945428","DTR1","","",1.54118,,"",
"","100000007945442","DTR1","","",1.88345,,"",
"","100000007945202","DTR1","","",4.6884,,"",
"","100000007945235","DTR1","","",5.39904,,"",
"","100000007945151","DTR1","","",6.07176,,"",
"","100000007946003","DTR1","","",1.25832,,"",
"","100000007945949","DTR1","","",0.45312,,"",
"","100000007945964","DTR1","","",1.506,,"",
"","100000007945983","DTR1","","",1.8504,,"",
"","100000007946016","DTR1","","",2.01648,,"",
"","100000007946038","DTR1","","",2.12736,,"",
"","100000007945942","DTR1","","",2.39688,,"",
"","100000007945587","DTR1","","",2.37312,,"",
"","100000007945603","DTR1","","",2.28192,,"",
"","100000007945626","DTR1","","",2.60976,,"",
"","100000007945641","DTR1","","",2.86128,,"",
"","100000007945538","DTR1","","",3.12816,,"",
"","100000007945556","DTR1","","",3.4176,,"",
"","100000007945573","DTR1","","",3.94368,,"",
"","100000007945606","DTR1","","",3.98856,,"",
"","100000007945850","DTR1","","",0.17112,,"",
"","100000007945869","DTR1","","",0.228,,"",
"","100000007945898","DTR1","","",0.19944,,"",
"","100000007945918","DTR1","","",0.13296,,"",
"","100000007945792","DTR1","","",0.25392,,"",
"","100000007945814","DTR1","","",0.30384,,"",
"","100000007945841","DTR1","","",0.36024,,"",
"","100000007945860","DTR1","","",0.3336,,"",
"","100000007945888","DTR1","","",0.34536,,"",
"","100000007945747","DTR1","","",5.31192,,"",
"","100000007945762","DTR1","","",0.34968,,"",
"","100000007945649","DTR1","","",0.4752,,"",
"","100000007945669","DTR1","","",0.40728,,"",
"","100000007945693","DTR1","","",0.5208,,"",
"","100000007945711","DTR1","","",0.60696,,"",
"","100000007945737","DTR1","","",0.7224,,"",
"","100000007945752","DTR1","","",0.60576,,"",
"","100000007945779","DTR1","","",0.7836,,"",
"","100000007946576","DTR1","","",7.97736,,"",
"","100000007946486","DTR1","","",8.42856,,"",
"","100000007941658","DTR1","","",0.99136,,"",
"","100000007946127","B4U1","","",0,,"",
"","100000007943849","B4U1","","",2.434714286,,"",
"","100000007916021","B4U1","","",0.275142857,,"",
"","100000007916049","B4U1","","",0.258285714,,"",
"","100000007916066","B4U1","","",0.242714286,,"",
"","100000007915934","B4U1","","",0.064857143,,"",
"","100000007915993","B4U1","","",0.182571429,,"",
"","100000007914205","B4U1","","",25.22571429,,"",
"","100000007914235","B4U1","","",24.00685714,,"",
"","100000007916295","B4U1","","",0.328714286,,"",
"","100000007916227","B4U1","","",0.365,,"",
"","100000007945460","DTR1","","",1.62436,,"",
"","100000007945475","DTR1","","",1.76673,,"",
"","100000007945494","DTR1","","",2.02009,,"",
"","100000007945508","DTR1","","",2.29745,,"",
"","100000007945431","DTR1","","",2.67327,,"",
"","100000007943293","DTR1","","",0.33682,,"",
"","100000007945183","DTR1","","",6.7824,,"",
"","100000007945102","DTR1","","",7.75152,,"",
"","100000007945120","DTR1","","",8.3844,,"",
"","100000007945152","DTR1","","",9.02952,,"",
"","100000007945978","DTR1","","",2.3232,,"",
"","100000007942976","DTR1","","",0.09082,,"",
"","100000007943048","DTR1","","",0.07091,,"",
"","100000007945631","DTR1","","",4.674,,"",
"","100000007945646","DTR1","","",5.2224,,"",
"","100000007945542","DTR1","","",5.55264,,"",
"","100000007945557","DTR1","","",7.19232,,"",
"","100000007943852","DTR1","","",0.14182,,"",
"","100000007943872","DTR1","","",0.18764,,"",
"","100000007945908","DTR1","","",0.44664,,"",
"","100000007945936","DTR1","","",0.49824,,"",
"","100000007945660","DTR1","","",0.8592,,"",
"","100000007943650","DTR1","","",0.50073,,"",
"","100000007943657","DTR1","","",0.66327,,"",
"","100000007941675","DTR1","","",1.053,,"",
"","100000007941227","DTR1","","",0.24573,,"",
"","100000007941122","DTR1","","",0.27027,,"",
"","100000007941140","DTR1","","",0.37609,,"",
"","100000007941162","DTR1","","",0.41536,,"",
"","100000007941177","DTR1","","",0.36382,,"",
"","100000007941203","DTR1","","",0.36245,,"",
"","100000007941218","DTR1","","",0.41645,,"",
"","100000007941114","DTR1","","",0.51382,,"",
"","100000007941130","DTR1","","",0.615,,"",
"","100000007947863","B4U1","","",0,,"",
"","100000007947800","B4U1","","",0.000142857,,"",
"","100000007948113","B4U1","","",0,,"",
"","100000007913900","B4U1","","",5.646857143,,"",
"","100000007913885","B4U1","","",5.646857143,,"",
"","100000007914033","B4U1","","",7.390285714,,"",
"","100000007914049","B4U1","","",7.390285714,,"",
"","100000007913999","B4U1","","",6.017142857,,"",
"","100000007914024","B4U1","","",6.017142857,,"",
"","100000007943284","DTR1","","",0.28309,,"",
"","100000007943310","DTR1","","",0.37145,,"",
"","100000007943337","DTR1","","",0.32836,,"",
"","100000007943267","DTR1","","",0.50645,,"",
"","100000007942977","DTR1","","",0.06,,"",
"","100000007943905","DTR1","","",0.15245,,"",
"","100000007943812","DTR1","","",0.25527,,"",
"","100000007943813","DTR1","","",0.11755,,"",
"","100000007943631","DTR1","","",0.21982,,"",
"","100000007941154","DTR1","","",0.68455,,"",
"","100000007941178","DTR1","","",0.54245,,"",
"","100000007941193","DTR1","","",0.57573,,"",
"","100000007941219","DTR1","","",0.61582,,"",
"","100000007941237","DTR1","","",0.67609,,"",
"","100000007941131","DTR1","","",0.75955,,"",
"","100000007941147","DTR1","","",1.14573,,"",
"","100000007941169","DTR1","","",1.70427,,"",
"","100000007941194","DTR1","","",1.48445,,"",
"","100000007942980","B4U1","","",5.444,,"",
"","100000007940075","B4U1","","",52.304,,"",
"","100000007941008","B4U1","","",94.24642857,,"",
"","100000007912844","B4U1","","",0.683,,"",
"","100000007912866","B4U1","","",8.888857143,,"",
"","100000007912792","B4U1","","",16.43414286,,"",
"","100000007913106","B4U1","","",1.095428571,,"",
"","100000007913132","B4U1","","",5.824857143,,"",
"","100000007913069","B4U1","","",9.306142857,,"",
"","100000007913082","B4U1","","",29.592,,"",
"","100000007913107","B4U1","","",1.666285714,,"",
"","100000007914050","B4U1","","",6.017142857,,"",
"","100000007914064","B4U1","","",2.484428571,,"",
"","100000007914097","B4U1","","",11.41714286,,"",
"","100000007914100","B4U1","","",11.41714286,,"",
"","100000007913799","B4U1","","",2.225428571,,"",
"","100000007913818","B4U1","","",1.136285714,,"",
"","100000007913836","B4U1","","",243.5331429,,"",
"","100000007941174","DTR1","","",0.76064,,"",
"","100000007941200","DTR1","","",0.82064,,"",
"","100000007943258","DTR1","","",0.23836,,"",
"","100000007941407","DTR1","","",3.61609,,"",
"","100000007942169","DTR1","","",0.14645,,"",
"","100000007942193","DTR1","","",0.14264,,"",
"","100000007942209","DTR1","","",0.19036,,"",
"","100000007942227","DTR1","","",0.42709,,"",
"","100000007942153","DTR1","","",0.50482,,"",
"","100000007942410","DTR1","","",1.12773,,"",
"","100000007942467","DTR1","","",1.51882,,"",
"","100000007939966","B4U1","","",51.04985714,,"",
"","100000007912859","B4U1","","",2.864571429,,"",
"","100000007912828","B4U1","","",1.399857143,,"",
"","100000007912785","B4U1","","",5.267857143,,"",
"","100000007913133","B4U1","","",1.851428571,,"",
"","100000007913083","B4U1","","",7.930285714,,"",
"","100000007913108","B4U1","","",8.329714286,,"",
"","100000007912916","B4U1","","",2.314285714,,"",
"","100000007912928","B4U1","","",2.499428571,,"",
"","100000007912944","B4U1","","",2.653714286,,"",
"","100000007912931","B4U1","","",15.667,,"",
"","100000007913718","B4U1","","",43.07657143,,"",
"","100000007913826","B4U1","","",0.496857143,,"",
"","100000007913861","B4U1","","",0.565142857,,"",
"","100000007913860","B4U1","","",95.951,,"",
"","100000007913347","B4U1","","",15.04285714,,"",
"","100000007913360","B4U1","","",15.04285714,,"",
"","100000007913335","B4U1","","",17.74285714,,"",
"","100000007941215","DTR1","","",0.91309,,"",
"","100000007941112","DTR1","","",0.87055,,"",
"","100000007941185","DTR1","","",1.05164,,"",
"","100000007941225","DTR1","","",1.17382,,"",
"","100000007941120","DTR1","","",1.30773,,"",
"","100000007941138","DTR1","","",1.41982,,"",
"","100000007941128","DTR1","","",2.07927,,"",
"","100000007941459","DTR1","","",2.74609,,"",
"","100000007941482","DTR1","","",2.496,,"",
"","100000007941281","DTR1","","",4.629,,"",
"","100000007941365","DTR1","","",1.73291,,"",
"","100000007942194","DTR1","","",0.59509,,"",
"","100000007942219","DTR1","","",0.13036,,"",
"","100000007942114","DTR1","","",0.15109,,"",
"","100000007942128","DTR1","","",0.16255,,"",
"","100000007942129","DTR1","","",0.19227,,"",
"","100000007942151","DTR1","","",0.21191,,"",
"","100000007942177","DTR1","","",0.22745,,"",
"","100000007942192","DTR1","","",0.26755,,"",
"","100000007942216","DTR1","","",0.28282,,"",
"","100000007941758","DTR1","","",0.80155,,"",
"","100000007942646","DTR1","","",0.33927,,"",
"","100000007942478","DTR1","","",1.62109,,"",
"","100000007942375","DTR1","","",1.07564,,"",
"","100000007942432","DTR1","","",2.16845,,"",
"","100000007942376","DTR1","","",2.48482,,"",
"","100000007940037","B4U1","","",48.86814286,,"",
"","100000007940069","B4U1","","",62.86071429,,"",
"","100000007915410","B4U1","","",20.41514286,,"",
"","100000007915417","B4U1","","",20.41514286,,"",
"","100000007915431","B4U1","","",16.81714286,,"",
"","100000007943507","DTR1","","",0.86373,,"",
"","100000007941408","DTR1","","",1.96745,,"",
"","100000007941268","DTR1","","",2.19109,,"",
"","100000007941333","DTR1","","",2.94245,,"",
"","100000007941355","DTR1","","",2.85055,,"",
"","100000007941386","DTR1","","",3.11891,,"",
"","100000007942122","DTR1","","",0.321,,"",
"","100000007942167","DTR1","","",0.36382,,"",
"","100000007942184","DTR1","","",0.38509,,"",
"","100000007942207","DTR1","","",0.40336,,"",
"","100000007943939","DTR1","","",0.681,,"",
"","100000007943954","DTR1","","",0.19173,,"",
"","100000007944289","DTR1","","",1.386,,"",
"","100000007944215","DTR1","","",1.69609,,"",
"","100000007944189","DTR1","","",3.68045,,"",
"","100000007944063","DTR1","","",4.52891,,"",
"","100000007944618","DTR1","","",10.50136,,"",
"","100000007944545","DTR1","","",0.39082,,"",
"","100000007944795","DTR1","","",0.12164,,"",
"","100000007944307","B4U1","","",5.253714286,,"",
"","100000007944068","B4U1","","",23.84971429,,"",
"","100000007915329","B4U1","","",16.81714286,,"",
"","100000007915336","B4U1","","",16.81714286,,"",
"","100000007914968","B4U1","","",16.81714286,,"",
"","100000007914989","B4U1","","",19.202,,"",
"","100000007915061","B4U1","","",20.41514286,,"",
"","100000007914934","B4U1","","",20.41514286,,"",
"","100000007914969","B4U1","","",16.81714286,,"",
"","100000007914978","B4U1","","",16.81714286,,"",
"","100000007914999","B4U1","","",16.81714286,,"",
"","100000007915018","B4U1","","",16.81714286,,"",
"","100000007915186","B4U1","","",0.443571429,,"",
"","100000007942434","DTR1","","",0.18109,,"",
"","100000007942446","DTR1","","",0.23536,,"",
"","100000007942470","DTR1","","",0.22282,,"",
"","100000007942473","DTR1","","",0.12136,,"",
"","100000007942394","DTR1","","",0.33709,,"",
"","100000007942406","DTR1","","",0.399,,"",
"","100000007943571","DTR1","","",1.03445,,"",
"","100000007943587","DTR1","","",1.176,,"",
"","100000007943541","DTR1","","",1.31455,,"",
"","100000007944004","DTR1","","",2.04491,,"",
"","100000007944025","DTR1","","",2.41282,,"",
"","100000007943967","DTR1","","",2.685,,"",
"","100000007943981","DTR1","","",3.12245,,"",
"","100000007943976","DTR1","","",0.75791,,"",
"","100000007943955","DTR1","","",0.16445,,"",
"","100000007943977","DTR1","","",0.22118,,"",
"","100000007943994","DTR1","","",0.18818,,"",
"","100000007944241","DTR1","","",1.85836,,"",
"","100000007944320","DTR1","","",2.14855,,"",
"","100000007944335","DTR1","","",2.55191,,"",
"","100000007944216","DTR1","","",2.77255,,"",
"","100000007944257","DTR1","","",3.25309,,"",
"","100000007944092","DTR1","","",5.80009,,"",
"","100000007944112","DTR1","","",5.49218,,"",
"","100000007944143","DTR1","","",5.98445,,"",
"","100000007944525","DTR1","","",0.61718,,"",
"","100000007944547","DTR1","","",0.78736,,"",
"","100000007944566","DTR1","","",0.63082,,"",
"","100000007944579","DTR1","","",0.84491,,"",
"","100000007944599","DTR1","","",0.91336,,"",
"","100000007944796","DTR1","","",2.85873,,"",
"","100000007944809","DTR1","","",2.907,,"",
"","100000007944758","DTR1","","",3.45436,,"",
"","100000007944770","DTR1","","",3.76855,,"",
"","100000007944095","B4U1","","",1.681714286,,"",
"","100000007944115","B4U1","","",64.64571429,,"",
"","100000007944183","B4U1","","",0.821,,"",
"","100000007944069","B4U1","","",1.002857143,,"",
"","100000007946105","B4U1","","",0,,"",
"","100000007944092","NSR1","","",3.85,,"",
"","100000007944112","NSR1","","",4.544,,"",
"","100000007944143","NSR1","","",4.53,,"",
"","100000007946721","NSR1","","",1.3749,,"",
"","100000007935054","NSR1","","",0.2384,,"",
"","100000007935092","NSR1","","",0.3576,,"",
"","100000007934988","NSR1","","",0.3064,,"",
"","100000007935023","NSR1","","",0.766,,"",
"","100000007930205","NSR1","","",0.1035,,"",
"","100000007930211","NSR1","","",0.1091,,"",
"","100000007930274","NSR1","","",0.0972,,"",
"","100000007943198","NSR1","","",0.4602,,"",
"","100000007944770","NSR1","","",3.208,,"",
"","100000007944823","NSR1","","",3.51,,"",
"","100000007946016","NSR1","","",1.71,,"",
"","100000007946038","NSR1","","",1.82,,"",
"","100000007945942","NSR1","","",2.07,,"",
"","100000007942130","NSR1","","",4.77,,"",
"","100000007942202","NSR1","","",6.41,,"",
"","100000007939992","SEE1","","",1.14,,"",
"","100000007941025","SEE1","","",1.19,,"",
"","100000007941047","SEE1","","",1.4279,,"",
"","100000007941079","SEE1","","",1.54,,"",
"","100000007941105","SEE1","","",1.782744,,"",
"","100000007940963","SEE1","","",1.712,,"",
"","100000007941656","SEE1","","",13.221448,,"",
"","100000007941681","SEE1","","",13.680985,,"",
"","100000007941583","SEE1","","",14.688198,,"",
"","100000007941623","SEE1","","",0.527783,,"",
"","100000007940425","SEE1","","",2.2,,"",
"","100000007940455","SEE1","","",2.39,,"",
"","100000007940558","SEE1","","",2.41,,"",
"","100000007940421","SEE1","","",2.7,,"",
"","100000007940443","SEE1","","",3.04,,"",
"","100000007940453","SEE1","","",0.7743,,"",
"","100000007939111","SEE1","","",1.62,,"",
"","100000007939149","SEE1","","",1.84,,"",
"","100000007937403","SEE1","","",0.2296,,"",
"","100000007937420","SEE1","","",0.2423,,"",
"","100000007945977","NSR1","","",0.2137,,"",
"","100000007945997","NSR1","","",0.3199,,"",
"","100000007946011","NSR1","","",0.3394,,"",
"","100000007946029","NSR1","","",0.3791,,"",
"","100000007945957","NSR1","","",0.1065,,"",
"","100000007945970","NSR1","","",0.5,,"",
"","100000007946006","NSR1","","",0.8637,,"",
"","100000007945936","NSR1","","",0.549,,"",
"","100000007945870","NSR1","","",0.1782,,"",
"","100000007945899","NSR1","","",0.6103,,"",
"","100000007945919","NSR1","","",1.0396,,"",
"","100000007945827","NSR1","","",1.1,,"",
"","100000007945694","NSR1","","",2.1945,,"",
"","100000007945718","NSR1","","",2.44,,"",
"","100000007945753","NSR1","","",2.77,,"",
"","100000007945771","NSR1","","",2.8976,,"",
"","100000007945661","NSR1","","",3.26,,"",
"","100000007945677","NSR1","","",4.2597,,"",
"","100000007945701","NSR1","","",4.6609,,"",
"","100000007934995","NSR1","","",0.9384,,"",
"","100000007934990","NSR1","","",0.9129,,"",
"","100000007934991","NSR1","","",0.8693,,"",
"","100000007935025","NSR1","","",1.3266,,"",
"","100000007934613","NSR1","","",1.5763,,"",
"","100000007944856","NSR1","","",4.24,,"",
"","100000007944783","NSR1","","",4.9456,,"",
"","100000007944754","NSR1","","",0.2344,,"",
"","100000007944664","NSR1","","",0.3053,,"",
"","100000007944681","NSR1","","",0.2678,,"",
"","100000007951062","NSR1","","",1.51,,"",
"","100000007951077","NSR1","","",1.3,,"",
"","100000007942233","NSR1","","",0.1907,,"",
"","100000007942142","NSR1","","",0.1159,,"",
"","100000007942160","NSR1","","",0.103,,"",
"","100000007942203","NSR1","","",0.1043,,"",
"","100000007942218","NSR1","","",0.141,,"",
"","100000007942108","NSR1","","",0.1339,,"",
"","100000007942124","NSR1","","",0.1461,,"",
"","100000007942152","NSR1","","",0.1644,,"",
"","100000007941633","SEE1","","",0.7176,,"",
"","100000007941657","SEE1","","",0.6706,,"",
"","100000007941674","SEE1","","",0.7413,,"",
"","100000007941565","SEE1","","",0.8469,,"",
"","100000007941584","SEE1","","",0.9873,,"",
"","100000007941608","SEE1","","",1.15411,,"",
"","100000007942194","NSR1","","",1.14,,"",
"","100000007942219","NSR1","","",0.1674,,"",
"","100000007942114","NSR1","","",0.2,,"",
"","100000007942128","NSR1","","",0.2218,,"",
"","100000007942129","NSR1","","",0.25,,"",
"","100000007942151","NSR1","","",0.2363,,"",
"","100000007942177","NSR1","","",0.2579,,"",
"","100000007942192","NSR1","","",0.3225,,"",
"","100000007942216","NSR1","","",0.2853,,"",
"","100000007945778","NSR1","","",0.84,,"",
"","100000007945682","NSR1","","",1.029,,"",
"","100000007945709","NSR1","","",0.9416,,"",
"","100000007945728","NSR1","","",1.126,,"",
"","100000007945751","NSR1","","",1.2322,,"",
"","100000007945747","NSR1","","",5.3699,,"",
"","100000007945762","NSR1","","",0.338,,"",
"","100000007945649","NSR1","","",0.4438,,"",
"","100000007945669","NSR1","","",0.385,,"",
"","100000007945693","NSR1","","",0.4998,,"",
"","100000007945711","NSR1","","",0.55,,"",
"","100000007945737","NSR1","","",0.69,,"",
"","100000007945752","NSR1","","",0.598,,"",
"","100000007940552","NSR1","","",5.9,,"",
"","100000007940416","NSR1","","",8.5244,,"",
"","100000007940845","NSR1","","",5.9,,"",
"","100000007948254","NSR1","","",61.5544,,"",
"","100000007949469","NSR1","","",7.782,,"",
"","100000007949480","NSR1","","",7.8216,,"",
"","100000007949390","NSR1","","",8.4816,,"",
"","100000007949404","NSR1","","",11.3096,,"",
"","100000007949396","NSR1","","",12.7932,,"",
"","100000007949457","NSR1","","",30.11,,"",
"","100000007944722","NSR1","","",0.363,,"",
"","100000007944746","NSR1","","",0.4076,,"",
"","100000007944658","NSR1","","",0.4927,,"",
"","100000007944684","NSR1","","",0.4535,,"",
"","100000007944699","NSR1","","",0.54,,"",
"","100000007944724","NSR1","","",0.5796,,"",
"","100000007943073","NSR1","","",0.1684,,"",
"","100000007943852","NSR1","","",0.1415,,"",
"","100000007943872","NSR1","","",0.1731,,"",
"","100000007945202","NSR1","","",4.3698,,"",
"","100000007945235","NSR1","","",4.9817,,"",
"","100000007942169","NSR1","","",0.196,,"",
"","100000007942193","NSR1","","",0.215,,"",
"","100000007942209","NSR1","","",0.265,,"",
"","100000007942227","NSR1","","",0.4514,,"",
"","100000007942153","NSR1","","",0.7856,,"",
"","100000007941650","SEE1","","",1.472796,,"",
"","100000007941634","SEE1","","",1.6235,,"",
"","100000007941658","SEE1","","",1.4535,,"",
"","100000007941675","SEE1","","",1.9039,,"",
"","100000007939277","SEE1","","",0.4347,,"",
"","100000007939298","SEE1","","",0.4479,,"",
"","100000007939343","SEE1","","",0.4602,,"",
"","100000007939118","SEE1","","",2.15,,"",
"","100000007939459","SEE1","","",0.41223,,"",
"","100000007939374","SEE1","","",0.5588,,"",
"","100000007939411","SEE1","","",0.54,,"",
"","100000007939432","SEE1","","",0.608,,"",
"","100000007939449","SEE1","","",0.61,,"",
"","100000007937159","SEE1","","",0.337,,"",
"","100000007942122","NSR1","","",0.348,,"",
"","100000007942167","NSR1","","",0.5208,,"",
"","100000007942207","NSR1","","",0.5332,,"",
"","100000007942225","NSR1","","",0.614,,"",
"","100000007945770","NSR1","","",1.4296,,"",
"","100000007945647","NSR1","","",1.3476,,"",
"","100000007945692","NSR1","","",1.61,,"",
"","100000007945717","NSR1","","",1.7356,,"",
"","100000007945745","NSR1","","",1.9742,,"",
"","100000007945779","NSR1","","",0.71,,"",
"","100000007942473","NSR1","","",0.2834,,"",
"","100000007942394","NSR1","","",0.5751,,"",
"","100000007942406","NSR1","","",0.678,,"",
"","100000007942428","NSR1","","",0.5964,,"",
"","100000007942487","NSR1","","",0.22,,"",
"","100000007940760","NSR1","","",11.13,,"",
"","100000007948933","NSR1","","",21.3249,,"",
"","100000007948948","NSR1","","",8.81,,"",
"","100000007943905","NSR1","","",0.165,,"",
"","100000007943812","NSR1","","",0.264,,"",
"","100000007943813","NSR1","","",0.1245,,"",
"","100000007945151","NSR1","","",5.69,,"",
"","100000007945183","NSR1","","",6.41,,"",
"","100000007941173","NSR1","","",1.3849,,"",
"","100000007941191","NSR1","","",2.47,,"",
"","100000007941159","NSR1","","",1.1606,,"",
"","100000007941174","NSR1","","",1.2449,,"",
"","100000007941200","NSR1","","",1.326,,"",
"","100000007941215","NSR1","","",1.4039,,"",
"","100000007944004","NSR1","","",1.6179,,"",
"","100000007944025","NSR1","","",1.58,,"",
"","100000007943967","NSR1","","",1.9786,,"",
"","100000007939231","SEE1","","",0.47,,"",
"","100000007939260","SEE1","","",0.4748,,"",
"","100000007939416","SEE1","","",0.2175,,"",
"","100000007939440","SEE1","","",0.3514,,"",
"","100000007939457","SEE1","","",0.246,,"",
"","100000007939475","SEE1","","",0.6448,,"",
"","100000007939366","SEE1","","",0.74,,"",
"","100000007940284","SEE1","","",0.79716,,"",
"","100000007940305","SEE1","","",1,,"",
"","100000007940315","SEE1","","",1.0917,,"",
"","100000007940345","SEE1","","",1.3245,,"",
"","100000007943999","NSR1","","",0.1797,,"",
"","100000007944013","NSR1","","",0.2329,,"",
"","100000007944036","NSR1","","",0.2087,,"",
"","100000007943938","NSR1","","",0.2474,,"",
"","100000007943949","NSR1","","",0.2784,,"",
"","100000007943974","NSR1","","",0.34,,"",
"","100000007944000","NSR1","","",0.3006,,"",
"","100000007942410","NSR1","","",1.7708,,"",
"","100000007942467","NSR1","","",2.1922,,"",
"","100000007942478","NSR1","","",2.6144,,"",
"","100000007942375","NSR1","","",2.65,,"",
"","100000007942475","NSR1","","",0.637,,"",
"","100000007943211","NSR1","","",0.8618,,"",
"","100000007943232","NSR1","","",0.7424,,"",
"","100000007940823","NSR1","","",6.25,,"",
"","100000007941913","NSR1","","",22.3206,,"",
"","100000007941860","NSR1","","",35.019,,"",
"","100000007942722","NSR1","","",27.2838,,"",
"","100000007942761","NSR1","","",42.8964,,"",
"","100000007949392","NSR1","","",55.1337,,"",
"","100000007949414","NSR1","","",42.63,,"",
"","100000007949449","NSR1","","",14.66,,"",
"","100000007948936","NSR1","","",7.3026,,"",
"","100000007948959","NSR1","","",19.8099,,"",
"","100000007948984","NSR1","","",10.55,,"",
"","100000007948890","NSR1","","",7.5183,,"",
"","100000007948907","NSR1","","",35.26,,"",
"","100000007945472","NSR1","","",0.3518,,"",
"","100000007945486","NSR1","","",0.4495,,"",
"","100000007945506","NSR1","","",0.3935,,"",
"","100000007941112","NSR1","","",1.4459,,"",
"","100000007941185","NSR1","","",1.617,,"",
"","100000007941225","NSR1","","",1.8614,,"",
"","100000007941120","NSR1","","",1.9069,,"",
"","100000007941138","NSR1","","",2.0451,,"",
"","100000007941128","NSR1","","",2.3633,,"",
"","100000007941459","NSR1","","",2.6344,,"",
"","100000007941482","NSR1","","",3.19,,"",
"","100000007943981","NSR1","","",2.16,,"",
"","100000007944041","NSR1","","",2.37,,"",
"","100000007943945","NSR1","","",2.62,,"",
"","100000007943961","NSR1","","",3.04,,"",
"","100000007944006","NSR1","","",3.58,,"",
"","100000007945978","NSR1","","",2.32,,"",
"","100000007939561","SEE1","","",1,,"",
"","100000007939582","SEE1","","",1.01,,"",
"","100000007935246","SEE1","","",0.514,,"",
"","100000007939448","SEE1","","",0.2637,,"",
"","100000007939474","SEE1","","",0.3973,,"",
"","100000007939354","SEE1","","",0.3934,,"",
"","100000007936037","SEE1","","",0.132,,"",
"","100000007940364","SEE1","","",1.04,,"",
"","100000007940394","SEE1","","",1.1,,"",
"","100000007940255","SEE1","","",1.1838,,"",
"","100000007940289","SEE1","","",1.2351,,"",
"","100000007940158","SEE1","","",0.2825,,"",
"","100000007944037","NSR1","","",0.396,,"",
"","100000007943939","NSR1","","",0.5053,,"",
"","100000007943954","NSR1","","",0.1594,,"",
"","100000007943976","NSR1","","",0.5142,,"",
"","100000007942432","NSR1","","",3.2136,,"",
"","100000007942434","NSR1","","",0.2656,,"",
"","100000007942446","NSR1","","",0.3764,,"",
"","100000007942470","NSR1","","",0.3842,,"",
"","100000007943301","NSR1","","",1.0984,,"",
"","100000007943326","NSR1","","",1.2106,,"",
"","100000007944599","NSR1","","",0.7426,,"",
"","100000007944531","NSR1","","",0.945,,"",
"","100000007944550","NSR1","","",0.7958,,"",
"","100000007944585","NSR1","","",1.0932,,"",
"","100000007944597","NSR1","","",1.2036,,"",
"","100000007942662","NSR1","","",27.64,,"",
"","100000007942746","NSR1","","",39.7944,,"",
"","100000007948253","NSR1","","",53.7786,,"",
"","100000007948282","NSR1","","",64.6762,,"",
"","100000007948296","NSR1","","",78.1282,,"",
"","100000007948181","NSR1","","",41.8028,,"",
"","100000007948200","NSR1","","",47.3368,,"",
"","100000007948227","NSR1","","",51.8206,,"",
"","100000007948247","NSR1","","",56.6448,,"",
"","100000007948272","NSR1","","",63.4562,,"",
"","100000007948290","NSR1","","",68.4222,,"",
"","100000007945418","NSR1","","",0.506,,"",
"","100000007945432","NSR1","","",0.592,,"",
"","100000007945017","NSR1","","",0.72,,"",
"","100000007945031","NSR1","","",1.4387,,"",
"","100000007945064","NSR1","","",0.84,,"",
"","100000007945083","NSR1","","",0.97,,"",
"","100000007945024","NSR1","","",0.295,,"",
"","100000007941495","NSR1","","",1.0116,,"",
"","100000007941518","NSR1","","",0.99,,"",
"","100000007941536","NSR1","","",1.1506,,"",
"","100000007941430","NSR1","","",1.2833,,"",
"","100000007941449","NSR1","","",1.3277,,"",
"","100000007943602","NSR1","","",6.1329,,"",
"","100000007945937","NSR1","","",0.1054,,"",
"","100000007945969","NSR1","","",0.1773,,"",
"","100000007945991","NSR1","","",0.1256,,"",
"","100000007946005","NSR1","","",0.0801,,"",
"","100000007946025","NSR1","","",0.1761,,"",
"","100000007946039","NSR1","","",0.1933,,"",
"","100000007945963","NSR1","","",0.2622,,"",
"","100000007935313","SEE1","","",0.358752,,"",
"","100000007935698","SEE1","","",0.195693,,"",
"","100000007943955","NSR1","","",0.12,,"",
"","100000007943977","NSR1","","",0.1594,,"",
"","100000007943994","NSR1","","",0.1411,,"",
"","100000007944017","NSR1","","",0.0898,,"",
"","100000007944618","NSR1","","",12.8429,,"",
"","100000007944544","NSR1","","",0.3836,,"",
"","100000007944555","NSR1","","",1.3364,,"",
"","100000007944591","NSR1","","",0.1076,,"",
"","100000007944605","NSR1","","",0.158,,"",
"","100000007942663","NSR1","","",39.7944,,"",
"","100000007942686","NSR1","","",28.0975,,"",
"","100000007942655","NSR1","","",33.9456,,"",
"","100000007946034","NSR1","","",112.6654,,"",
"","100000007948169","NSR1","","",74.212,,"",
"","100000007948192","NSR1","","",84.2296,,"",
"","100000007948219","NSR1","","",43.8742,,"",
"","100000007948238","NSR1","","",58.6314,,"",
"","100000007948262","NSR1","","",45.7754,,"",
"","100000007948283","NSR1","","",50.1178,,"",
"","100000007948158","NSR1","","",50.5436,,"",
"","100000007948182","NSR1","","",54.3748,,"",
"","100000007948208","NSR1","","",56.503,,"",
"","100000007948228","NSR1","","",59.4548,,"",
"","100000007942976","NSR1","","",0.0871,,"",
"","100000007943048","NSR1","","",0.0678,,"",
"","100000007943532","NSR1","","",0.389,,"",
"","100000007943546","NSR1","","",0.438,,"",
"","100000007943570","NSR1","","",0.5266,,"",
"","100000007943586","NSR1","","",0.4238,,"",
"","100000007943609","NSR1","","",0.5299,,"",
"","100000007943507","NSR1","","",0.6711,,"",
"","100000007938223","SEE1","","",1.203524,,"",
"","100000007938117","SEE1","","",0.745786,,"",
"","100000007938134","SEE1","","",0.673365,,"",
"","100000007938159","SEE1","","",0.89,,"",
"","100000007938184","SEE1","","",0.8843,,"",
"","100000007938198","SEE1","","",1.032954,,"",
"","100000007940132","SEE1","","",0.3113,,"",
"","100000007935439","SEE1","","",0.1338,,"",
"","100000007941013","SEE1","","",1.8857,,"",
"","100000007941034","SEE1","","",2.304587,,"",
"","100000007940506","SEE1","","",0.459,,"",
"","100000007940560","SEE1","","",1.457946,,"",
"","100000007940412","SEE1","","",0.5304,,"",
"","100000007937462","SEE1","","",0.2525,,"",
"","100000007937487","SEE1","","",0.2741,,"",
"","100000007937478","SEE1","","",0.2996,,"",
"","100000007946026","NSR1","","",1.5509,,"",
"","100000007945562","NSR1","","",1.966,,"",
"","100000007945587","NSR1","","",2.2618,,"",
"","100000007945603","NSR1","","",2.1142,,"",
"","100000007945626","NSR1","","",2.19,,"",
"","100000007945641","NSR1","","",2.5588,,"",
"","100000007945538","NSR1","","",2.8705,,"",
"","100000007944525","NSR1","","",0.498,,"",
"","100000007944547","NSR1","","",0.613,,"",
"","100000007944566","NSR1","","",0.5496,,"",
"","100000007944579","NSR1","","",0.678,,"",
"","100000007944518","NSR1","","",0.1271,,"",
"","100000007944557","NSR1","","",0.0809,,"",
"","100000007944578","NSR1","","",0.1779,,"",
"","100000007944592","NSR1","","",0.1964,,"",
"","100000007944612","NSR1","","",0.2341,,"",
"","100000007945660","NSR1","","",0.81,,"",
"","100000007946505","NSR1","","",0.93,,"",
"","100000007946563","NSR1","","",0.282,,"",
"","100000007944673","NSR1","","",0.2045,,"",
"","100000007949367","NSR1","","",0.163,,"",
"","100000007949921","NSR1","","",2.1984,,"",
"","100000007943571","NSR1","","",0.7423,,"",
"","100000007943587","NSR1","","",0.8005,,"",
"","100000007943541","NSR1","","",0.9361,,"",
"","100000007945102","NSR1","","",7.08,,"",
"","100000007945120","NSR1","","",7.9223,,"",
"","100000007940172","SEE1","","",0.412365,,"",
"","100000007940189","SEE1","","",0.3967,,"",
"","100000007940216","SEE1","","",0.4213,,"",
"","100000007940238","SEE1","","",0.58,,"",
"","100000007940122","SEE1","","",0.59,,"",
"","100000007940114","SEE1","","",0.678,,"",
"","100000007940124","SEE1","","",1.395,,"",
"","100000007941059","SEE1","","",1.9293,,"",
"","100000007940550","SEE1","","",2.1255,,"",
"","100000007940433","SEE1","","",2.0928,,"",
"","100000007940463","SEE1","","",2.287474,,"",
"","100000007940488","SEE1","","",3.658149,,"",
"","100000007940432","SEE1","","",1.599988,,"",
"","100000007940423","SEE1","","",0.53,,"",
"","100000007940793","SEE1","","",1.876899,,"",
"","100000007940818","SEE1","","",0.55,,"",
"","100000007940882","SEE1","","",0.56,,"",
"","100000007940745","SEE1","","",0.6,,"",
"","100000007940880","SEE1","","",0.72,,"",
"","100000007937495","SEE1","","",0.230724,,"",
"","100000007937519","SEE1","","",0.2951,,"",
"","100000007937404","SEE1","","",0.2582,,"",
"","100000007937430","SEE1","","",0.3018,,"",
"","100000007937448","SEE1","","",0.3101,,"",
"","100000007937471","SEE1","","",0.382398,,"",
"","100000007937488","SEE1","","",0.41,,"",
"","100000007898797","EQU1","","",0.1044,,"",
"","100000007893316","EQU1","","",0.20845,,"",
"","100000007893274","EQU1","","",0.1329,,"",
"","100000007896589","EQU1","","",0.8758,,"",
"","100000007904536","EQU1","","",1.5779,,"",
"","100000007904743","EQU1","","",0.18285,,"",
"","100000007904859","EQU1","","",0.0428,,"",
"","100000007904583","EQU1","","",0.5676,,"",
"","100000007900092","EQU1","","",1.44125,,"",
"","100000007900099","EQU1","","",0.2276,,"",
"","100000007900114","EQU1","","",0.63105,,"",
"","100000007900120","EQU1","","",0.35945,,"",
"","100000007897789","EQU1","","",0.1153,,"",
"","100000007897797","EQU1","","",0.0978,,"",
"","100000007897783","EQU1","","",0.2457,,"",
"","100000007904309","EQU1","","",0.03895,,"",
"","100000007904347","EQU1","","",0.0475,,"",
"","100000007904391","EQU1","","",0.1535,,"",
"","100000007904433","EQU1","","",0.16465,,"",
"","100000007894749","EQU1","","",0.8642,,"",
"","100000007894945","EQU1","","",0.91255,,"",
"","100000007894911","EQU1","","",0.5706,,"",
"","100000007923012","EQU1","","",1.17895,,"",
"","100000007920746","EQU1","","",3.9895,,"",
"","100000007920753","EQU1","","",4.01935,,"",
"","100000007920797","EQU1","","",4.24895,,"",
"","100000007920831","EQU1","","",4.2463,,"",
"","100000007925227","EQU1","","",1.97185,,"",
"","100000007922671","EQU1","","",1.2853,,"",
"","100000007922043","EQU1","","",1.21675,,"",
"","100000007922115","EQU1","","",0.86055,,"",
"","100000007925354","EQU1","","",0.4924,,"",
"","100000007925258","EQU1","","",0.4966,,"",
"","100000007925271","EQU1","","",0.5124,,"",
"","100000007925293","EQU1","","",0.87015,,"",
"","100000007925269","EQU1","","",0.68895,,"",
"","100000007925285","EQU1","","",2.62245,,"",
"","100000007925242","EQU1","","",0.89395,,"",
"","100000007923287","EQU1","","",1.93855,,"",
"","100000007923304","EQU1","","",1.51275,,"",
"","100000007905619","EQU1","","",0.0255,,"",
"","100000007905773","EQU1","","",0.9169,,"",
"","100000007905820","EQU1","","",0.1205,,"",
"","100000007912763","EQU1","","",2.0368,,"",
"","100000007912545","EQU1","","",0.97305,,"",
"","100000007912577","EQU1","","",0.29385,,"",
"","100000007912650","EQU1","","",1.1492,,"",
"","100000007912702","EQU1","","",3.303,,"",
"","100000007912514","EQU1","","",1.7637,,"",
"","100000007911526","EQU1","","",2.40885,,"",
"","100000007908338","EQU1","","",0.3455,,"",
"","100000007907202","EQU1","","",0.4871,,"",
"","100000007907253","EQU1","","",0.47645,,"",
"","100000007907304","EQU1","","",0.36005,,"",
"","100000007907341","EQU1","","",0.28025,,"",
"","100000007907401","EQU1","","",0.71015,,"",
"","100000007914431","EQU1","","",1.0151,,"",
"","100000007914803","EQU1","","",0.3006,,"",
"","100000007904715","EQU1","","",1.15775,,"",
"","100000007904794","EQU1","","",1.92195,,"",
"","100000007904881","EQU1","","",0.3468,,"",
"","100000007910810","EQU1","","",0.27445,,"",
"","100000007910952","EQU1","","",0.27035,,"",
"","100000007910811","EQU1","","",0.36035,,"",
"","100000007946178","EQU1","","",79.6131,,"",
"","100000007943981","EQU1","","",3.82125,,"",
"","100000007944041","EQU1","","",4.3583,,"",
"","100000007943945","EQU1","","",4.4616,,"",
"","100000007943961","EQU1","","",4.94715,,"",
"","100000007944006","EQU1","","",5.7807,,"",
"","100000007945908","EQU1","","",0.8957,,"",
"","100000007945936","EQU1","","",1.03975,,"",
"","100000007945870","EQU1","","",0.29045,,"",
"","100000007949453","EQU1","","",0.14475,,"",
"","100000007949465","EQU1","","",0.2031,,"",
"","100000007949488","EQU1","","",0.28535,,"",
"","100000007949387","EQU1","","",0.2593,,"",
"","100000007949444","EQU1","","",0.3604,,"",
"","100000007942976","EQU1","","",0.13235,,"",
"","100000007943048","EQU1","","",0.1031,,"",
"","100000007943614","EQU1","","",7.16515,,"",
"","100000007945428","EQU1","","",1.788,,"",
"","100000007945442","EQU1","","",2.21165,,"",
"","100000007945460","EQU1","","",1.6639,,"",
"","100000007945475","EQU1","","",2.60425,,"",
"","100000007945494","EQU1","","",2.74495,,"",
"","100000007941059","EQU1","","",1.69065,,"",
"","100000007940550","EQU1","","",1.8793,,"",
"","100000007940433","EQU1","","",1.85865,,"",
"","100000007940463","EQU1","","",2.0416,,"",
"","100000007940488","EQU1","","",2.8721,,"",
"","100000007940516","EQU1","","",2.49475,,"",
"","100000007939448","EQU1","","",0.2621,,"",
"","100000007939474","EQU1","","",0.3919,,"",
"","100000007939354","EQU1","","",0.37325,,"",
"","100000007939417","EQU1","","",0.31465,,"",
"","100000007938556","EQU1","","",0.42115,,"",
"","100000007938161","EQU1","","",0.42405,,"",
"","100000007938185","EQU1","","",0.3726,,"",
"","100000007938200","EQU1","","",0.4368,,"",
"","100000007938225","EQU1","","",0.56405,,"",
"","100000007941227","EQU1","","",0.55445,,"",
"","100000007941122","EQU1","","",0.5457,,"",
"","100000007941140","EQU1","","",0.91385,,"",
"","100000007941162","EQU1","","",0.9849,,"",
"","100000007941177","EQU1","","",0.8982,,"",
"","100000007942690","EQU1","","",2.26415,,"",
"","100000007942728","EQU1","","",2.73175,,"",
"","100000007942768","EQU1","","",2.80785,,"",
"","100000007939118","EQU1","","",1.92525,,"",
"","100000007972130","EQU1","","",0.139,,"",
"","100000007972003","EQU1","","",0.1957,,"",
"","100000007972029","EQU1","","",0.09005,,"",
"","100000007968305","EQU1","","",0.35705,,"",
"","100000007968193","EQU1","","",0.44705,,"",
"","100000007968303","EQU1","","",1.2814,,"",
"","100000007982554","EQU1","","",0.3713,,"",
"","100000007982603","EQU1","","",0.33535,,"",
"","100000007982731","EQU1","","",0.28465,,"",
"","100000007977314","EQU1","","",1.19105,,"",
"","100000007977376","EQU1","","",0.15565,,"",
"","100000007976995","EQU1","","",0.10535,,"",
"","100000007977092","EQU1","","",0.13095,,"",
"","100000007977252","EQU1","","",0.1438,,"",
"","100000007976013","EQU1","","",0.2023,,"",
"","100000007976045","EQU1","","",0.1557,,"",
"","100000007976102","EQU1","","",0.1173,,"",
"","100000007969952","EQU1","","",0.156,,"",
"","100000007969547","EQU1","","",0.18955,,"",
"","100000007969679","EQU1","","",0.2082,,"",
"","100000007971768","EQU1","","",0.26095,,"",
"","100000007974271","EQU1","","",0.4742,,"",
"","100000007982820","EQU1","","",0.1969,,"",
"","100000007982848","EQU1","","",0.246,,"",
"","100000007982986","EQU1","","",0.2573,,"",
"","100000007978757","EQU1","","",10.67395,,"",
"","100000007978891","EQU1","","",0.56225,,"",
"","100000007969069","EQU1","","",0.1863,,"",
"","100000007916837","EQU1","","",0.4517,,"",
"","100000007916707","EQU1","","",0.55125,,"",
"","100000007917449","EQU1","","",0.3539,,"",
"","100000007917508","EQU1","","",0.0704,,"",
"","100000007917518","EQU1","","",0.09555,,"",
"","100000007917412","EQU1","","",0.08575,,"",
"","100000007917404","EQU1","","",0.10785,,"",
"","100000007916298","EQU1","","",0.71595,,"",
"","100000007918553","EQU1","","",5.9531,,"",
"","100000007918606","EQU1","","",17.20845,,"",
"","100000007918624","EQU1","","",9.4091,,"",
"","100000007916528","EQU1","","",0.06715,,"",
"","100000007916491","EQU1","","",0.0869,,"",
"","100000007916501","EQU1","","",0.08795,,"",
"","100000007916524","EQU1","","",0.1336,,"",
"","100000007916534","EQU1","","",0.3333,,"",
"","100000007898727","EQU1","","",0.2768,,"",
"","100000007898730","EQU1","","",0.10185,,"",
"","100000007898739","EQU1","","",1.02035,,"",
"","100000007898725","EQU1","","",0.1361,,"",
"","100000007898732","EQU1","","",0.1057,,"",
"","100000007898738","EQU1","","",0.57615,,"",
"","100000007896590","EQU1","","",0.23185,,"",
"","100000007896568","EQU1","","",0.28185,,"",
"","100000007896573","EQU1","","",0.38695,,"",
"","100000007893421","EQU1","","",0.7381,,"",
"","100000007893425","EQU1","","",0.19525,,"",
"","100000007893429","EQU1","","",2.1775,,"",
"","100000007893409","EQU1","","",0.3096,,"",
"","100000007893418","EQU1","","",0.23695,,"",
"","100000007900110","EQU1","","",0.5501,,"",
"","100000007900115","EQU1","","",0.13165,,"",
"","100000007900243","EQU1","","",0.24205,,"",
"","100000007900200","EQU1","","",0.165,,"",
"","100000007900204","EQU1","","",1.12805,,"",
"","100000007900219","EQU1","","",0.2629,,"",
"","100000007898037","EQU1","","",0.85335,,"",
"","100000007898055","EQU1","","",0.8641,,"",
"","100000007897857","EQU1","","",2.69835,,"",
"","100000007894784","EQU1","","",0.087,,"",
"","100000007894797","EQU1","","",0.5719,,"",
"","100000007894759","EQU1","","",0.0839,,"",
"","100000007894895","EQU1","","",0.81545,,"",
"","100000007922969","EQU1","","",1.6267,,"",
"","100000007923055","EQU1","","",1.685,,"",
"","100000007923555","EQU1","","",1.67195,,"",
"","100000007923578","EQU1","","",1.46025,,"",
"","100000007923611","EQU1","","",1.38915,,"",
"","100000007922134","EQU1","","",1.33415,,"",
"","100000007922161","EQU1","","",0.59865,,"",
"","100000007922150","EQU1","","",1.34945,,"",
"","100000007922167","EQU1","","",1.4723,,"",
"","100000007922105","EQU1","","",1.28695,,"",
"","100000007923362","EQU1","","",1.5289,,"",
"","100000007923294","EQU1","","",2.10935,,"",
"","100000007923310","EQU1","","",1.7909,,"",
"","100000007924346","EQU1","","",0.9054,,"",
"","100000007924366","EQU1","","",0.90785,,"",
"","100000007921292","EQU1","","",5.2509,,"",
"","100000007914125","EQU1","","",2.71305,,"",
"","100000007911578","EQU1","","",2.3638,,"",
"","100000007913097","EQU1","","",0.30825,,"",
"","100000007913114","EQU1","","",0.1047,,"",
"","100000007913139","EQU1","","",0.5751,,"",
"","100000007913031","EQU1","","",0.1597,,"",
"","100000007913049","EQU1","","",0.93695,,"",
"","100000007907203","EQU1","","",0.1943,,"",
"","100000007907305","EQU1","","",1.1584,,"",
"","100000007914432","EQU1","","",0.8539,,"",
"","100000007913354","EQU1","","",0.05405,,"",
"","100000007913372","EQU1","","",0.06025,,"",
"","100000007913394","EQU1","","",0.11115,,"",
"","100000007913364","EQU1","","",0.15195,,"",
"","100000007913291","EQU1","","",0.5816,,"",
"","100000007913308","EQU1","","",0.109,,"",
"","100000007908576","EQU1","","",0.0868,,"",
"","100000007908625","EQU1","","",0.3335,,"",
"","100000007908695","EQU1","","",0.10405,,"",
"","100000007908503","EQU1","","",0.2081,,"",
"","100000007908626","EQU1","","",0.1378,,"",
"","100000007908671","EQU1","","",0.6361,,"",
"","100000007914899","EQU1","","",0.2475,,"",
"","100000007914504","EQU1","","",0.84195,,"",
"","100000007904610","EQU1","","",0.0685,,"",
"","100000007914336","EQU1","","",0.4468,,"",
"","100000007914368","EQU1","","",0.3069,,"",
"","100000007914275","EQU1","","",0.3557,,"",
"","100000007914290","EQU1","","",0.3472,,"",
"","100000007914314","EQU1","","",0.39,,"",
"","100000007914383","EQU1","","",0.6239,,"",
"","100000007910802","EQU1","","",0.07405,,"",
"","100000007906444","EQU1","","",0.67355,,"",
"","100000007946054","EQU1","","",15.98475,,"",
"","100000007946147","EQU1","","",24.3153,,"",
"","100000007945102","EQU1","","",12.8935,,"",
"","100000007945120","EQU1","","",14.5661,,"",
"","100000007945152","EQU1","","",16.58765,,"",
"","100000007945171","EQU1","","",17.6147,,"",
"","100000007945198","EQU1","","",18.5328,,"",
"","100000007945215","EQU1","","",18.8818,,"",
"","100000007945088","EQU1","","",22.07675,,"",
"","100000007943955","EQU1","","",0.27445,,"",
"","100000007945899","EQU1","","",1.2702,,"",
"","100000007945919","EQU1","","",1.882,,"",
"","100000007945827","EQU1","","",2.0552,,"",
"","100000007945778","EQU1","","",1.8872,,"",
"","100000007945682","EQU1","","",1.60885,,"",
"","100000007949466","EQU1","","",0.34025,,"",
"","100000007947706","EQU1","","",0.1,,"",
"","100000007942977","EQU1","","",0.11205,,"",
"","100000007945508","EQU1","","",3.03575,,"",
"","100000007945431","EQU1","","",3.7086,,"",
"","100000007942193","EQU1","","",0.35045,,"",
"","100000007942209","EQU1","","",0.45455,,"",
"","100000007942227","EQU1","","",0.8427,,"",
"","100000007942153","EQU1","","",1.1719,,"",
"","100000007942194","EQU1","","",1.8476,,"",
"","100000007942219","EQU1","","",0.32105,,"",
"","100000007942114","EQU1","","",0.3086,,"",
"","100000007938888","EQU1","","",0.69155,,"",
"","100000007938927","EQU1","","",0.69255,,"",
"","100000007939458","EQU1","","",0.40895,,"",
"","100000007939355","EQU1","","",0.32855,,"",
"","100000007939394","EQU1","","",0.33755,,"",
"","100000007939419","EQU1","","",0.44985,,"",
"","100000007940515","EQU1","","",2.22645,,"",
"","100000007940539","EQU1","","",2.4954,,"",
"","100000007940402","EQU1","","",2.7948,,"",
"","100000007941224","EQU1","","",2.39325,,"",
"","100000007941111","EQU1","","",1.74675,,"",
"","100000007941136","EQU1","","",1.50435,,"",
"","100000007941152","EQU1","","",1.7652,,"",
"","100000007941173","EQU1","","",2.83325,,"",
"","100000007941191","EQU1","","",3.74515,,"",
"","100000007941235","EQU1","","",5.7346,,"",
"","100000007941137","EQU1","","",1.2744,,"",
"","100000007941159","EQU1","","",2.13625,,"",
"","100000007974994","EQU1","","",0.35335,,"",
"","100000007975067","EQU1","","",0.37955,,"",
"","100000007974805","EQU1","","",0.187,,"",
"","100000007974871","EQU1","","",0.37165,,"",
"","100000007975019","EQU1","","",0.3998,,"",
"","100000007974763","EQU1","","",0.47655,,"",
"","100000007974827","EQU1","","",0.5241,,"",
"","100000007968168","EQU1","","",1.6087,,"",
"","100000007970195","EQU1","","",0.18425,,"",
"","100000007976251","EQU1","","",0.20385,,"",
"","100000007976000","EQU1","","",0.13725,,"",
"","100000007976062","EQU1","","",0.12865,,"",
"","100000007976184","EQU1","","",0.2751,,"",
"","100000007976235","EQU1","","",0.3783,,"",
"","100000007974177","EQU1","","",0.16575,,"",
"","100000007974273","EQU1","","",0.17905,,"",
"","100000007978908","EQU1","","",0.43845,,"",
"","100000007978727","EQU1","","",0.3432,,"",
"","100000007980953","EQU1","","",0.4209,,"",
"","100000007916806","EQU1","","",0.06525,,"",
"","100000007916819","EQU1","","",0.08525,,"",
"","100000007916838","EQU1","","",0.0991,,"",
"","100000007916708","EQU1","","",0.08135,,"",
"","100000007916697","EQU1","","",0.09665,,"",
"","100000007916688","EQU1","","",0.13205,,"",
"","100000007917245","EQU1","","",1.3899,,"",
"","100000007917260","EQU1","","",1.7073,,"",
"","100000007916276","EQU1","","",0.80915,,"",
"","100000007917129","EQU1","","",0.23135,,"",
"","100000007917024","EQU1","","",0.0995,,"",
"","100000007957470","SAGE","","",0.16,,"",
"","100000007941805","RCS1","","",4.98,,"",
"","100000007941713","RCS1","","",11.89,,"",
"","100000007941896","RCS1","","",14.44,,"",
"","100000007941913","RCS1","","",20.29,,"",
"","100000007937861","NYS2","","",133.335,,"",
"","100000007937706","NYS2","","",153.279,,"",
"","100000007957715","SAGE","","",0.16,,"",
"","100000007957714","SAGE","","",0.39,,"",
"","100000007959411","SAGE","","",0.14,,"",
"","100000007959145","SAGE","","",0.21,,"",
"","100000007959197","SAGE","","",0.23,,"",
"","100000007959250","SAGE","","",0.26,,"",
"","100000007956351","SAGE","","",0.26,,"",
"","100000007956065","SAGE","","",0.28,,"",
"","100000007955497","SAGE","","",0.71,,"",
"","100000007937404","SAGE","","",0.18,,"",
"","100000007937430","SAGE","","",0.18,,"",
"","100000007937448","SAGE","","",0.18,,"",
"","100000007937471","SAGE","","",0.23,,"",
"","100000007937488","SAGE","","",0.26,,"",
"","100000007954639","SAGE","","",0.06,,"",
"","100000007956403","SAGE","","",0.08,,"",
"","100000007942761","RCS1","","",42.9,,"",
"","100000007942662","RCS1","","",27.64,,"",
"","100000007937951","NYS2","","",385.893,,"",
"","100000007937807","NYS2","","",338.355,,"",
"","100000007937700","NYS2","","",148.446,,"",
"","100000007957751","SAGE","","",0.47,,"",
"","100000007959324","SAGE","","",0.28,,"",
"","100000007959370","SAGE","","",0.31,,"",
"","100000007956137","SAGE","","",0.3,,"",
"","100000007956185","SAGE","","",0.31,,"",
"","100000007956260","SAGE","","",0.34,,"",
"","100000007956307","SAGE","","",0.37,,"",
"","100000007956010","SAGE","","",0.49,,"",
"","100000007956045","SAGE","","",0.5,,"",
"","100000007955515","SAGE","","",0.51,,"",
"","100000007955541","SAGE","","",0.54,,"",
"","100000007955944","SAGE","","",1.29,,"",
"","100000007937099","SAGE","","",0.29,,"",
"","100000007937342","SAGE","","",0.13,,"",
"","100000007954527","SAGE","","",0.1,,"",
"","100000007954541","SAGE","","",0.07,,"",
"","100000007954586","SAGE","","",0.06,,"",
"","100000007954542","SAGE","","",0.11,,"",
"","100000007966308","SAGE","","",0.11,,"",
"","100000007956395","SAGE","","",0.08,,"",
"","100000007956777","SAGE","","",0.08,,"",
"","100000007956812","SAGE","","",0.09,,"",
"","100000007956711","SAGE","","",0.1,,"",
"","100000007956726","SAGE","","",0.11,,"",
"","100000007938367","NYS2","","",133.443,,"",
"","100000007939184","NYS2","","",186.489,,"",
"","100000007939081","NYS2","","",295.317,,"",
"","100000007934951","RCS1","","",0.52,,"",
"","100000007934975","RCS1","","",0.52,,"",
"","100000007943631","SAGE","","",0.34,,"",
"","100000007943588","SAGE","","",0.98,,"",
"","100000007943624","SAGE","","",1.12,,"",
"","100000007944491","SAGE","","",0.08,,"",
"","100000007944386","SAGE","","",0.09,,"",
"","100000007943981","SAGE","","",1.82,,"",
"","100000007944041","SAGE","","",1.96,,"",
"","100000007943945","SAGE","","",2.18,,"",
"","100000007943961","SAGE","","",2.36,,"",
"","100000007944006","SAGE","","",2.8,,"",
"","100000007941179","SAGE","","",0.43,,"",
"","100000007941204","SAGE","","",0.46,,"",
"","100000007941229","SAGE","","",0.48,,"",
"","100000007941115","SAGE","","",0.55,,"",
"","100000007941142","SAGE","","",0.63,,"",
"","100000007941155","SAGE","","",0.66,,"",
"","100000007941184","SAGE","","",0.71,,"",
"","100000007941199","SAGE","","",0.75,,"",
"","100000007941224","SAGE","","",0.82,,"",
"","100000007941111","SAGE","","",0.84,,"",
"","100000007954632","SAGE","","",0.23,,"",
"","100000007957348","SAGE","","",0.13,,"",
"","100000007957394","SAGE","","",0.2,,"",
"","100000007957268","SAGE","","",0.18,,"",
"","100000007957328","SAGE","","",0.29,,"",
"","100000007957579","SAGE","","",0.1,,"",
"","100000007936519","NYS2","","",19.548,,"",
"","100000007936492","NYS2","","",47.34,,"",
"","100000007943602","SAGE","","",4.5,,"",
"","100000007944407","SAGE","","",0.08,,"",
"","100000007944435","SAGE","","",0.06,,"",
"","100000007944494","SAGE","","",0.11,,"",
"","100000007944353","SAGE","","",0.12,,"",
"","100000007944436","SAGE","","",0.18,,"",
"","100000007943999","SAGE","","",0.16,,"",
"","100000007944013","SAGE","","",0.2,,"",
"","100000007944036","SAGE","","",0.18,,"",
"","100000007943938","SAGE","","",0.21,,"",
"","100000007941136","SAGE","","",0.75,,"",
"","100000007941152","SAGE","","",0.91,,"",
"","100000007941173","SAGE","","",1.02,,"",
"","100000007941191","SAGE","","",1.9,,"",
"","100000007941235","SAGE","","",2.23,,"",
"","100000007941137","SAGE","","",0.66,,"",
"","100000007941159","SAGE","","",1.01,,"",
"","100000007941174","SAGE","","",1.09,,"",
"","100000007941200","SAGE","","",1.16,,"",
"","100000007941215","SAGE","","",1.22,,"",
"","100000007955051","SAGE","","",0.04,,"",
"","100000007941232","NYS2","","",1077.516,,"",
"","100000007955244","NYS2","","",4.122,,"",
"","100000007955204","NYS2","","",0.495,,"",
"","100000007955235","NYS2","","",1.026,,"",
"","100000007955256","NYS2","","",1.305,,"",
"","100000007955268","NYS2","","",0.981,,"",
"","100000007955206","NYS2","","",1.125,,"",
"","100000007955216","NYS2","","",3.069,,"",
"","100000007955237","NYS2","","",2.043,,"",
"","100000007934754","RCS1","","",0.65,,"",
"","100000007944076","SAGE","","",0.5,,"",
"","100000007953981","SAGE","","",1.93,,"",
"","100000007954930","SAGE","","",2.97,,"",
"","100000007954509","SAGE","","",6.57,,"",
"","100000007954386","SAGE","","",7.08,,"",
"","100000007954408","SAGE","","",0.08,,"",
"","100000007954450","SAGE","","",0.04,,"",
"","100000007937449","NYS2","","",7.281,,"",
"","100000007941112","SAGE","","",1.26,,"",
"","100000007935568","SAGE","","",0.05,,"",
"","100000007935477","SAGE","","",0.14,,"",
"","100000007935502","SAGE","","",0.17,,"",
"","100000007935544","SAGE","","",0.08,,"",
"","100000007935576","SAGE","","",0.08,,"",
"","100000007935600","SAGE","","",0.2,,"",
"","100000007943198","SAGE","","",0.34,,"",
"","100000007942950","SAGE","","",0.13,,"",
"","100000007942966","SAGE","","",0.17,,"",
"","100000007942991","SAGE","","",0.15,,"",
"","100000007935606","NYS2","","",33.579,,"",
"","100000007935538","NYS2","","",30.573,,"",
"","100000007935596","NYS2","","",32.112,,"",
"","100000007935481","NYS2","","",11.961,,"",
"","100000007935526","NYS2","","",40.878,,"",
"","100000007935213","NYS2","","",36.711,,"",
"","100000007955000","NYS2","","",0.486,,"",
"","100000007955014","NYS2","","",0.522,,"",
"","100000007955035","NYS2","","",0.603,,"",
"","100000007954934","NYS2","","",0.585,,"",
"","100000007954954","NYS2","","",0.792,,"",
"","100000007954969","NYS2","","",0.918,,"",
"","100000007954993","NYS2","","",0.882,,"",
"","100000007955041","NYS2","","",0.927,,"",
"","100000007955163","NYS2","","",2.079,,"",
"","100000007955049","NYS2","","",0.603,,"",
"","100000007955063","NYS2","","",1.278,,"",
"","100000007935885","NYS2","","",83.439,,"",
"","100000007939173","NYS2","","",167.058,,"",
"","100000007944189","SAGE","","",2.19,,"",
"","100000007944063","SAGE","","",2.78,,"",
"","100000007944092","SAGE","","",3.06,,"",
"","100000007944112","SAGE","","",3.34,,"",
"","100000007944143","SAGE","","",3.61,,"",
"","100000007954499","SAGE","","",0.04,,"",
"","100000007935160","SAGE","","",0.07,,"",
"","100000007935180","SAGE","","",0.06,,"",
"","100000007935439","SAGE","","",0.06,,"",
"","100000007935375","SAGE","","",0.06,,"",
"","100000007955946","SAGE","","",1.46,,"",
"","100000007943073","SAGE","","",0.11,,"",
"","100000007939819","NYS2","","",223.884,,"",
"","100000007939882","NYS2","","",381.897,,"",
"","100000007935589","NYS2","","",32.103,,"",
"","100000007935514","NYS2","","",29.646,,"",
"","100000007935574","NYS2","","",32.337,,"",
"","100000007941860","RCS1","","",31.84,,"",
"","100000007935138","NYS2","","",28.017,,"",
"","100000007935165","NYS2","","",10.908,,"",
"","100000007935201","NYS2","","",26.883,,"",
"","100000007935224","NYS2","","",11.34,,"",
"","100000007954950","NYS2","","",1.089,,"",
"","100000007936010","NYS2","","",62.217,,"",
"","100000007936066","NYS2","","",28.8,,"",
"","100000007936017","NYS2","","",36.99,,"",
"","100000007936067","NYS2","","",28.233,,"",
"","100000007934850","RCS1","","",0.55,,"",
"","100000007934933","RCS1","","",0.42,,"",
"","100000007954532","SAGE","","",0.06,,"",
"","100000007955264","SAGE","","",0.72,,"",
"","100000007935239","SAGE","","",0.06,,"",
"","100000007958522","SAGE","","",0.25,,"",
"","100000007958622","SAGE","","",0.25,,"",
"","100000007958694","SAGE","","",0.26,,"",
"","100000007958376","SAGE","","",0.27,,"",
"","100000007958437","SAGE","","",0.32,,"",
"","100000007943977","SAGE","","",0.14,,"",
"","100000007943994","SAGE","","",0.12,,"",
"","100000007944017","SAGE","","",0.07,,"",
"","100000007944032","SAGE","","",0.13,,"",
"","100000007943964","SAGE","","",0.17,,"",
"","100000007943984","SAGE","","",0.21,,"",
"","100000007941827","RCS1","","",43.63,,"",
"","100000007942722","RCS1","","",27.28,,"",
"","100000007935991","NYS2","","",59.463,,"",
"","100000007935621","NYS2","","",232.92,,"",
"","100000007935725","NYS2","","",168.705,,"",
"","100000007935692","NYS2","","",71.217,,"",
"","100000007957523","SAGE","","",0.17,,"",
"","100000007957431","SAGE","","",0.18,,"",
"","100000007957051","SAGE","","",0.18,,"",
"","100000007957067","SAGE","","",0.18,,"",
"","100000007957095","SAGE","","",0.21,,"",
"","100000007957108","SAGE","","",0.23,,"",
"","100000007956998","SAGE","","",0.26,,"",
"","100000007957014","SAGE","","",0.3,,"",
"","100000007955326","SAGE","","",0.06,,"",
"","100000007954981","SAGE","","",0.04,,"",
"","100000007958549","SAGE","","",0.35,,"",
"","100000007958623","SAGE","","",0.35,,"",
"","100000007943923","SAGE","","",0.22,,"",
"","100000007943933","SAGE","","",0.29,,"",
"","100000007944242","SAGE","","",0.1,,"",
"","100000007944258","SAGE","","",0.32,,"",
"","100000007913326","INN1","","",0.225384,,"",
"","100000008036461","INN1","","",41.3090114,,"",
"","100000008035609","INN1","","",1.0938308,,"",
"","100000008037787","INN1","","",0.080511652,,"",
"","100000008037238","INN1","","",0.071336375,,"",
"","100000008037420","INN1","","",0.091702,,"",
"","100000008037696","INN1","","",0.05522005,,"",
"","100000008035455","INN1","","",2.5059762,,"",
"","100000008035093","INN1","","",1.517982977,,"",
"","100000007904637","INN1","","",0.063320984,,"",
"","100000007904714","INN1","","",0.0402106,,"",
"","100000007904768","INN1","","",0.23428004,,"",
"","100000007906929","INN1","","",1.5352886,,"",
"","100000007907099","INN1","","",2.102421,,"",
"","100000008032854","INN1","","",0.16583,,"",
"","100000007919320","HWM1","","",4.87543,,"",
"","100000007921476","HWM1","","",18.5716,,"",
"","100000007921340","HWM1","","",16.27029,,"",
"","100000007921300","HWM1","","",20.30614,,"",
"","100000007921379","HWM1","","",24.94614,,"",
"","100000007921403","HWM1","","",7.31929,,"",
"","100000007932516","INN1","","",0.0293002,,"",
"","100000007913058","INN1","","",0.123524504,,"",
"","100000007913115","INN1","","",0.214550196,,"",
"","100000007912933","INN1","","",0.02651372,,"",
"","100000007912955","INN1","","",0.195328992,,"",
"","100000007912969","INN1","","",0.04056492,,"",
"","100000007912974","INN1","","",0.03520528,,"",
"","100000007912999","INN1","","",0.413313156,,"",
"","100000007913014","INN1","","",0.066382516,,"",
"","100000007912912","INN1","","",0.017286,,"",
"","100000008034988","INN1","","",1.0880194,,"",
"","100000008035095","INN1","","",1.426479,,"",
"","100000008035814","INN1","","",0.254363871,,"",
"","100000008035279","INN1","","",0.348282142,,"",
"","100000008036327","INN1","","",0.6006812,,"",
"","100000008036137","INN1","","",2.5813244,,"",
"","100000008036328","INN1","","",1.6493162,,"",
"","100000008032805","INN1","","",0.3295796,,"",
"","100000008033074","INN1","","",0.1027756,,"",
"","100000008033231","INN1","","",0.7158994,,"",
"","100000008032173","INN1","","",0.0948734,,"",
"","100000008032374","INN1","","",0.0865524,,"",
"","100000008032534","INN1","","",0.5875992,,"",
"","100000007904715","INN1","","",0.389801568,,"",
"","100000007904794","INN1","","",0.718082822,,"",
"","100000007904881","INN1","","",0.1448938,,"",
"","100000007906978","INN1","","",0.3631548,,"",
"","100000007907097","INN1","","",0.0678842,,"",
"","100000007906808","INN1","","",0.7719292,,"",
"","100000007906855","INN1","","",0.1470062,,"",
"","100000007906928","INN1","","",0.1042988,,"",
"","100000008033032","INN1","","",0.019850135,,"",
"","100000008033191","INN1","","",0.022766336,,"",
"","100000008032156","INN1","","",0.030825574,,"",
"","100000008032697","INN1","","",0.0615274,,"",
"","100000008033211","INN1","","",0.1259602,,"",
"","100000008032171","INN1","","",0.1269396,,"",
"","100000008032304","INN1","","",0.145618808,,"",
"","100000007921439","HWM1","","",21.75043,,"",
"","100000007921462","HWM1","","",17.504,,"",
"","100000007932583","INN1","","",0.082777,,"",
"","100000007932526","INN1","","",0.057886,,"",
"","100000007932546","INN1","","",0.0976002,,"",
"","100000007913076","INN1","","",0.0083414,,"",
"","100000007913091","INN1","","",0.0137916,,"",
"","100000007913116","INN1","","",0.014013639,,"",
"","100000007913142","INN1","","",0.020348848,,"",
"","100000007913023","INN1","","",0.027164,,"",
"","100000007913117","INN1","","",0.086755164,,"",
"","100000007913000","INN1","","",0.120522144,,"",
"","100000007913015","INN1","","",0.0080314,,"",
"","100000007912914","INN1","","",0.063203075,,"",
"","100000007912951","INN1","","",0.0128816,,"",
"","100000007912903","INN1","","",0.063278332,,"",
"","100000007913777","INN1","","",0.0647078,,"",
"","100000007913801","INN1","","",0.249525348,,"",
"","100000007913829","INN1","","",0.021189,,"",
"","100000007913852","INN1","","",0.19315,,"",
"","100000007913747","INN1","","",0.0241178,,"",
"","100000007913823","INN1","","",0.465548012,,"",
"","100000007837375","INN1","","",0.1375862,,"",
"","100000007837388","INN1","","",0.442475,,"",
"","100000007837383","INN1","","",0.336912,,"",
"","100000007891894","INN1","","",0.026365618,,"",
"","100000007891379","INN1","","",0.701282951,,"",
"","100000008035421","INN1","","",0.1473956,,"",
"","100000008035962","INN1","","",0.0605942,,"",
"","100000007891090","INN1","","",0.2040972,,"",
"","100000008022147","INN1","","",27.42324756,,"",
"","100000007907902","INN1","","",0.16237,,"",
"","100000007907529","INN1","","",0.0346328,,"",
"","100000007904610","INN1","","",0.0277288,,"",
"","100000007904838","INN1","","",0.017373691,,"",
"","100000007907002","INN1","","",0.5620786,,"",
"","100000007908554","INN1","","",0.1874202,,"",
"","100000007908673","INN1","","",0.116037,,"",
"","100000008032526","INN1","","",0.1317528,,"",
"","100000008032698","INN1","","",0.1631342,,"",
"","100000008028520","INN1","","",1.92549676,,"",
"","100000008028735","INN1","","",2.158657606,,"",
"","100000007932603","INN1","","",0.1035918,,"",
"","100000007914332","INN1","","",0.038997626,,"",
"","100000007913024","INN1","","",0.25192964,,"",
"","100000007913042","INN1","","",0.04005036,,"",
"","100000007913932","INN1","","",0.114981478,,"",
"","100000007913948","INN1","","",0.131221124,,"",
"","100000007913969","INN1","","",0.160003584,,"",
"","100000007913739","INN1","","",0.0779238,,"",
"","100000007913757","INN1","","",0.015992331,,"",
"","100000007913744","INN1","","",0.221130428,,"",
"","100000007913773","INN1","","",0.0389619,,"",
"","100000007913790","INN1","","",0.023550304,,"",
"","100000008032965","INN1","","",0.1532728,,"",
"","100000008033133","INN1","","",0.2000762,,"",
"","100000008033364","INN1","","",0.225170793,,"",
"","100000008032239","INN1","","",0.205831898,,"",
"","100000008032445","INN1","","",0.180525,,"",
"","100000008032611","INN1","","",0.457468,,"",
"","100000008032878","INN1","","",0.3747146,,"",
"","100000007891900","INN1","","",0.025014732,,"",
"","100000007891904","INN1","","",0.043579968,,"",
"","100000007891908","INN1","","",0.041146662,,"",
"","100000007891938","INN1","","",0.029607315,,"",
"","100000007891935","INN1","","",0.017281517,,"",
"","100000007891440","INN1","","",6.155855446,,"",
"","100000007891357","INN1","","",0.264421,,"",
"","100000007891376","INN1","","",0.682612488,,"",
"","100000007891380","INN1","","",1.816110246,,"",
"","100000007907601","INN1","","",0.0763428,,"",
"","100000007907651","INN1","","",0.0950218,,"",
"","100000007907725","INN1","","",0.079455336,,"",
"","100000007907790","INN1","","",0.219319,,"",
"","100000007907466","INN1","","",0.323021937,,"",
"","100000007907763","INN1","","",0.4768402,,"",
"","100000007907439","INN1","","",0.4082494,,"",
"","100000007907525","INN1","","",0.699755724,,"",
"","100000007907594","INN1","","",0.0419638,,"",
"","100000007907670","INN1","","",0.0286626,,"",
"","100000007909474","INN1","","",0.06983175,,"",
"","100000007909520","INN1","","",0.054650367,,"",
"","100000007909581","INN1","","",0.5270646,,"",
"","100000007909625","INN1","","",0.714771396,,"",
"","100000007909323","INN1","","",0.131355294,,"",
"","100000007909427","INN1","","",0.245986,,"",
"","100000007909499","INN1","","",0.2336246,,"",
"","100000007909542","INN1","","",0.444546,,"",
"","100000007909605","INN1","","",0.0902218,,"",
"","100000007932223","INN1","","",0.255596,,"",
"","100000007932250","INN1","","",0.2302818,,"",
"","100000007920092","HWM1","","",12.6071,,"",
"","100000007920109","HWM1","","",14.0099,,"",
"","100000007920140","HWM1","","",11.0622,,"",
"","100000007914352","INN1","","",0.051121,,"",
"","100000007914366","INN1","","",0.0571168,,"",
"","100000007914384","INN1","","",0.0666708,,"",
"","100000007914286","INN1","","",0.275242,,"",
"","100000007914823","INN1","","",33.3417654,,"",
"","100000008032371","INN1","","",0.016161055,,"",
"","100000008032966","INN1","","",0.016422133,,"",
"","100000007837199","INN1","","",0.006815458,,"",
"","100000007891939","INN1","","",0.022096052,,"",
"","100000007891921","INN1","","",0.8586946,,"",
"","100000007891386","INN1","","",0.41542384,,"",
"","100000007891359","INN1","","",0.908038492,,"",
"","100000007907719","INN1","","",0.681548315,,"",
"","100000007907783","INN1","","",0.83796645,,"",
"","100000007912015","INN1","","",0.09730032,,"",
"","100000007909401","INN1","","",0.055376845,,"",
"","100000007933408","INN1","","",0.1077736,,"",
"","100000007920163","HWM1","","",25.28371,,"",
"","100000007920104","HWM1","","",18.2196,,"",
"","100000007919651","HWM1","","",9.6712,,"",
"","100000007914296","INN1","","",0.0894206,,"",
"","100000007905619","INN1","","",0.0072142,,"",
"","100000007905773","INN1","","",0.36251148,,"",
"","100000007905820","INN1","","",0.0491804,,"",
"","100000007914919","INN1","","",0.24191475,,"",
"","100000007908428","INN1","","",0.0809518,,"",
"","100000007908472","INN1","","",0.0773134,,"",
"","100000007908180","INN1","","",0.125218117,,"",
"","100000007908294","INN1","","",1.2212382,,"",
"","100000007908337","INN1","","",0.315049947,,"",
"","100000007907305","INN1","","",0.4575068,,"",
"","100000007837197","INN1","","",0.02125822,,"",
"","100000008024040","INN1","","",1.22045437,,"",
"","100000008032806","INN1","","",0.2037572,,"",
"","100000008032982","INN1","","",0.913666,,"",
"","100000008033232","INN1","","",0.3628316,,"",
"","100000007912391","INN1","","",0.1775148,,"",
"","100000007919328","HWM1","","",6.6787,,"",
"","100000007919192","HWM1","","",10.4362,,"",
"","100000007919184","HWM1","","",6.05557,,"",
"","100000007921191","HWM1","","",9.3252,,"",
"","100000007921241","HWM1","","",9.46971,,"",
"","100000007921273","HWM1","","",16.0133,,"",
"","100000007921208","HWM1","","",15.1756,,"",
"","100000007921229","HWM1","","",15.0751,,"",
"","100000007921266","HWM1","","",24.04586,,"",
"","100000007905946","INN1","","",1.4383592,,"",
"","100000007905731","INN1","","",0.2297376,,"",
"","100000007905774","INN1","","",0.03113928,,"",
"","100000007905845","INN1","","",0.039043293,,"",
"","100000007905896","INN1","","",0.254533822,,"",
"","100000007906105","INN1","","",0.2186006,,"",
"","100000007906104","INN1","","",0.074385,,"",
"","100000007906147","INN1","","",0.098641584,,"",
"","100000007908407","INN1","","",0.6384262,,"",
"","100000007908473","INN1","","",0.29532596,,"",
"","100000007908152","INN1","","",0.335914078,,"",
"","100000007908231","INN1","","",0.582578043,,"",
"","100000007908317","INN1","","",0.36486444,,"",
"","100000007908359","INN1","","",1.646057,,"",
"","100000007908474","INN1","","",0.1265682,,"",
"","100000007908181","INN1","","",0.6118822,,"",
"","100000008036925","INN1","","",0.1889048,,"",
"","100000008021668","INN1","","",3.575290797,,"",
"","100000007912192","INN1","","",0.0771532,,"",
"","100000007913580","INN1","","",0.0840306,,"",
"","100000007913598","INN1","","",0.102942,,"",
"","100000007913634","INN1","","",0.10251,,"",
"","100000007913658","INN1","","",0.13343,,"",
"","100000007913701","INN1","","",0.15765,,"",
"","100000007933214","INN1","","",0.3060356,,"",
"","100000007919185","HWM1","","",7.79957,,"",
"","100000007919278","HWM1","","",5.57686,,"",
"","100000007919177","HWM1","","",8.5029,,"",
"","100000007919194","HWM1","","",6.665,,"",
"","100000007921151","HWM1","","",18.7436,,"",
"","100000007921170","HWM1","","",17.24586,,"",
"","100000007921161","HWM1","","",36.7693,,"",
"","100000007905589","INN1","","",0.0913456,,"",
"","100000007906213","INN1","","",0.134328,,"",
"","100000007906263","INN1","","",0.182977,,"",
"","100000007905970","INN1","","",0.095411,,"",
"","100000007906020","INN1","","",0.025032751,,"",
"","100000007906082","INN1","","",0.1005916,,"",
"","100000007910915","INN1","","",0.00537576,,"",
"","100000007908232","INN1","","",0.059911608,,"",
"","100000007908295","INN1","","",0.159427,,"",
"","100000007908360","INN1","","",0.1381644,,"",
"","100000008037752","INN1","","",0.391004312,,"",
"","100000008037700","INN1","","",0.253267892,,"",
"","100000008036556","INN1","","",0.189660241,,"",
"","100000008036474","INN1","","",0.202636443,,"",
"","100000008036638","INN1","","",0.065075576,,"",
"","100000007913588","INN1","","",0.177182,,"",
"","100000007913590","INN1","","",0.507542702,,"",
"","100000007913631","INN1","","",0.18048,,"",
"","100000007913646","INN1","","",0.185632,,"",
"","100000007913668","INN1","","",0.280798681,,"",
"","100000007913584","INN1","","",0.212925,,"",
"","100000007913599","INN1","","",0.23005,,"",
"","100000007913622","INN1","","",0.314743187,,"",
"","100000007914359","INN1","","",0.194001,,"",
"","100000007914378","INN1","","",0.1846682,,"",
"","100000007914341","INN1","","",0.253181569,,"",
"","100000007920844","HWM1","","",13.61,,"",
"","100000007920895","HWM1","","",13.7414,,"",
"","100000007920909","HWM1","","",16.40329,,"",
"","100000007920867","HWM1","","",9.59129,,"",
"","100000007920938","HWM1","","",12.9663,,"",
"","100000007910711","INN1","","",0.0333664,,"",
"","100000007910810","INN1","","",0.053771321,,"",
"","100000007910952","INN1","","",0.086755954,,"",
"","100000007910811","INN1","","",0.067627205,,"",
"","100000007910802","INN1","","",0.007811449,,"",
"","100000007910347","INN1","","",0.0993968,,"",
"","100000007910547","INN1","","",0.0415302,,"",
"","100000007912515","INN1","","",0.3758852,,"",
"","100000007912579","INN1","","",0.2283312,,"",
"","100000007912769","INN1","","",0.6481974,,"",
"","100000007912544","INN1","","",0.3034902,,"",
"","100000007912612","INN1","","",0.1479332,,"",
"","100000007914556","INN1","","",0.04624125,,"",
"","100000007914586","INN1","","",0.042402038,,"",
"","100000007914609","INN1","","",0.053511786,,"",
"","100000007914643","INN1","","",0.061484199,,"",
"","100000007914670","INN1","","",0.065538703,,"",
"","100000007914525","INN1","","",0.061001467,,"",
"","100000007914546","INN1","","",0.069640725,,"",
"","100000007914575","INN1","","",0.086560596,,"",
"","100000007914597","INN1","","",0.08100933,,"",
"","100000007914630","INN1","","",0.1100055,,"",
"","100000007915098","INN1","","",0.246018274,,"",
"","100000007948420","INN1","","",2.183946904,,"",
"","100000007948347","INN1","","",2.4706387,,"",
"","100000007948376","INN1","","",2.358633108,,"",
"","100000007948456","INN1","","",0.5195282,,"",
"","100000007949412","INN1","","",0.3322718,,"",
"","100000007949426","INN1","","",0.428065004,,"",
"","100000007949447","INN1","","",0.5165804,,"",
"","100000007949432","INN1","","",0.188672794,,"",
"","100000007950450","INN1","","",3.1967876,,"",
"","100000007916885","INN1","","",1.8510902,,"",
"","100000007945538","INN1","","",2.233339728,,"",
"","100000007945556","INN1","","",2.281396792,,"",
"","100000007945573","INN1","","",2.719232539,,"",
"","100000007945606","INN1","","",2.675387118,,"",
"","100000007945631","INN1","","",2.949150414,,"",
"","100000007945646","INN1","","",3.497385436,,"",
"","100000007945542","INN1","","",4.091003016,,"",
"","100000007945557","INN1","","",4.907453434,,"",
"","100000007945869","INN1","","",0.162487648,,"",
"","100000007945898","INN1","","",0.153056142,,"",
"","100000007945918","INN1","","",0.0947126,,"",
"","100000007945792","INN1","","",0.1838446,,"",
"","100000007945814","INN1","","",0.234590955,,"",
"","100000007945841","INN1","","",0.282747377,,"",
"","100000007945860","INN1","","",0.2511116,,"",
"","100000007945888","INN1","","",0.282629218,,"",
"","100000007945908","INN1","","",0.329425,,"",
"","100000007945936","INN1","","",0.4009982,,"",
"","100000007945747","INN1","","",3.600089434,,"",
"","100000007945762","INN1","","",0.235046664,,"",
"","100000007945649","INN1","","",0.327891909,,"",
"","100000007945669","INN1","","",0.26182274,,"",
"","100000007945693","INN1","","",0.341801276,,"",
"","100000007945711","INN1","","",0.486628032,,"",
"","100000007945737","INN1","","",0.531065747,,"",
"","100000007945752","INN1","","",0.428604315,,"",
"","100000007945779","INN1","","",0.505172404,,"",
"","100000007946576","INN1","","",4.585010834,,"",
"","100000007946486","INN1","","",5.938686308,,"",
"","100000007915732","INN1","","",0.1179996,,"",
"","100000007915764","INN1","","",0.437993817,,"",
"","100000007915785","INN1","","",0.286365,,"",
"","100000007916023","INN1","","",0.363067,,"",
"","100000007916050","INN1","","",0.374115426,,"",
"","100000007916068","INN1","","",0.316695,,"",
"","100000007915944","INN1","","",0.28906056,,"",
"","100000007915970","INN1","","",0.4675428,,"",
"","100000007915999","INN1","","",0.3905622,,"",
"","100000007916069","INN1","","",0.875652,,"",
"","100000007916207","INN1","","",1.0021366,,"",
"","100000007916229","INN1","","",0.2961238,,"",
"","100000007916199","INN1","","",0.6413296,,"",
"","100000007916220","INN1","","",0.654172901,,"",
"","100000007916234","INN1","","",0.853474943,,"",
"","100000007916259","INN1","","",1.191827083,,"",
"","100000007916272","INN1","","",1.296412677,,"",
"","100000007950148","INN1","","",0.7220672,,"",
"","100000007950249","INN1","","",0.72823714,,"",
"","100000007950413","INN1","","",0.569945797,,"",
"","100000007916477","INN1","","",0.025939605,,"",
"","100000007916510","INN1","","",0.02069079,,"",
"","100000007916528","INN1","","",0.026753742,,"",
"","100000007937487","INN1","","",0.104537,,"",
"","100000007945599","INN1","","",5.0681202,,"",
"","100000007945870","INN1","","",0.109009254,,"",
"","100000007947543","INN1","","",5.294823,,"",
"","100000007947455","INN1","","",5.93525068,,"",
"","100000007945660","INN1","","",0.622356984,,"",
"","100000007946505","INN1","","",0.716446323,,"",
"","100000007915767","INN1","","",0.126320247,,"",
"","100000007915789","INN1","","",0.353298557,,"",
"","100000007915802","INN1","","",0.194017349,,"",
"","100000007915727","INN1","","",0.18058425,,"",
"","100000007915748","INN1","","",0.064093794,,"",
"","100000007916756","INN1","","",0.1440296,,"",
"","100000007916696","INN1","","",0.2679042,,"",
"","100000007916776","INN1","","",0.388982,,"",
"","100000007916000","INN1","","",0.1607824,,"",
"","100000007916025","INN1","","",0.217195,,"",
"","100000007916052","INN1","","",0.2950914,,"",
"","100000007916308","INN1","","",0.234185,,"",
"","100000007916226","INN1","","",0.412514707,,"",
"","100000007917448","INN1","","",0.0574222,,"",
"","100000007917491","INN1","","",0.0474362,,"",
"","100000007917499","INN1","","",0.0732106,,"",
"","100000007917409","INN1","","",0.0980806,,"",
"","100000007917426","INN1","","",0.1004274,,"",
"","100000007950518","INN1","","",1.19961886,,"",
"","100000007950535","INN1","","",1.441212678,,"",
"","100000007951754","INN1","","",1.882826279,,"",
"","100000007950171","INN1","","",0.778182656,,"",
"","100000007945087","INN1","","",0.659135861,,"",
"","100000007945119","INN1","","",0.568723693,,"",
"","100000007945968","INN1","","",0.669510704,,"",
"","100000007945989","INN1","","",0.760463708,,"",
"","100000007946003","INN1","","",0.898760993,,"",
"","100000007945949","INN1","","",0.340377972,,"",
"","100000007916491","INN1","","",0.03723026,,"",
"","100000007917303","INN1","","",0.5675,,"",
"","100000007917384","INN1","","",0.7763206,,"",
"","100000007937478","INN1","","",0.087309038,,"",
"","100000007937495","INN1","","",0.0843708,,"",
"","100000007937519","INN1","","",0.1102244,,"",
"","100000007937404","INN1","","",0.0948246,,"",
"","100000007937430","INN1","","",0.1138962,,"",
"","100000007937448","INN1","","",0.1232638,,"",
"","100000007937471","INN1","","",0.1402616,,"",
"","100000007937488","INN1","","",0.15419,,"",
"","100000007937345","INN1","","",0.0652482,,"",
"","100000007937357","INN1","","",0.0844784,,"",
"","100000007947420","INN1","","",1.2751964,,"",
"","100000007916501","INN1","","",0.03558702,,"",
"","100000007916524","INN1","","",0.052904134,,"",
"","100000007916534","INN1","","",0.142687136,,"",
"","100000007916461","INN1","","",0.054103542,,"",
"","100000007916483","INN1","","",0.059138974,,"",
"","100000007916496","INN1","","",0.069092436,,"",
"","100000007916744","INN1","","",0.0111242,,"",
"","100000007916837","INN1","","",0.1654128,,"",
"","100000007916707","INN1","","",0.2137254,,"",
"","100000007916539","INN1","","",0.0479352,,"",
"","100000007916567","INN1","","",0.0099054,,"",
"","100000007916620","INN1","","",0.429228284,,"",
"","100000007914820","INN1","","",0.080200234,,"",
"","100000007914803","INN1","","",0.1232614,,"",
"","100000007951699","INN1","","",3.123205793,,"",
"","100000007945202","INN1","","",2.969442282,,"",
"","100000007945235","INN1","","",4.12406493,,"",
"","100000007945151","INN1","","",4.028166096,,"",
"","100000007945183","INN1","","",4.441791261,,"",
"","100000007945964","INN1","","",1.231799333,,"",
"","100000007945983","INN1","","",1.297252763,,"",
"","100000007946016","INN1","","",1.288873757,,"",
"","100000007946038","INN1","","",1.283755336,,"",
"","100000007945942","INN1","","",1.458388532,,"",
"","100000007945978","INN1","","",1.605376511,,"",
"","100000007917353","INN1","","",0.7130266,,"",
"","100000007917295","INN1","","",1.247988,,"",
"","100000007917320","INN1","","",1.459074,,"",
"","100000007949378","INN1","","",1.507379555,,"",
"","100000007949322","INN1","","",1.524523615,,"",
"","100000007949333","INN1","","",1.702234697,,"",
"","100000007949355","INN1","","",2.001511244,,"",
"","100000007949326","INN1","","",0.4551692,,"",
"","100000007949365","INN1","","",0.554251421,,"",
"","100000007949298","INN1","","",0.4952608,,"",
"","100000007949934","INN1","","",0.490916744,,"",
"","100000007949957","INN1","","",0.570716,,"",
"","100000007949993","INN1","","",0.724937823,,"",
"","100000007950065","INN1","","",0.80334326,,"",
"","100000007949575","INN1","","",0.47521964,,"",
"","100000007949613","INN1","","",0.819833156,,"",
"","100000007916455","INN1","","",0.054988019,,"",
"","100000007916478","INN1","","",0.092708715,,"",
"","100000007916492","INN1","","",0.07035424,,"",
"","100000007916511","INN1","","",0.076538488,,"",
"","100000007916448","INN1","","",0.0739716,,"",
"","100000007916486","INN1","","",0.086812,,"",
"","100000007917236","INN1","","",1.2944226,,"",
"","100000007917220","INN1","","",4.906445736,,"",
"","100000007916806","INN1","","",0.0214026,,"",
"","100000007916819","INN1","","",0.0324904,,"",
"","100000007916838","INN1","","",0.0325186,,"",
"","100000007916708","INN1","","",0.040132,,"",
"","100000007916697","INN1","","",0.0396216,,"",
"","100000007914853","INN1","","",0.238054896,,"",
"","100000007914927","INN1","","",0.08779,,"",
"","100000007914880","INN1","","",0.057959927,,"",
"","100000007946257","INN1","","",1.64831244,,"",
"","100000007945102","INN1","","",5.318471222,,"",
"","100000007945120","INN1","","",5.517605171,,"",
"","100000007945152","INN1","","",6.102080547,,"",
"","100000007945171","INN1","","",6.35818836,,"",
"","100000007945198","INN1","","",7.635884143,,"",
"","100000007945937","INN1","","",0.083083585,,"",
"","100000007945969","INN1","","",0.124904623,,"",
"","100000007946721","INN1","","",1.393675289,,"",
"","100000007946759","INN1","","",0.982186991,,"",
"","100000007946627","INN1","","",1.488704657,,"",
"","100000007946951","INN1","","",1.791212175,,"",
"","100000007946980","INN1","","",1.640001481,,"",
"","100000007949279","INN1","","",2.253236404,,"",
"","100000007949300","INN1","","",2.2994706,,"",
"","100000007949315","INN1","","",2.9489994,,"",
"","100000007949307","INN1","","",0.1526278,,"",
"","100000007949034","INN1","","",0.1061152,,"",
"","100000007949071","INN1","","",0.1364416,,"",
"","100000007949971","INN1","","",0.1092988,,"",
"","100000007950020","INN1","","",0.051637568,,"",
"","100000007950067","INN1","","",0.1180792,,"",
"","100000007950096","INN1","","",0.1519786,,"",
"","100000007949923","INN1","","",0.1576178,,"",
"","100000007950106","INN1","","",0.84542148,,"",
"","100000007949920","INN1","","",0.819515863,,"",
"","100000007950018","INN1","","",0.96971796,,"",
"","100000007950066","INN1","","",1.1135092,,"",
"","100000007950093","INN1","","",1.2440186,,"",
"","100000007949921","INN1","","",1.2912872,,"",
"","100000007949945","INN1","","",2.241324333,,"",
"","100000007949557","INN1","","",2.29513653,,"",
"","100000007949623","INN1","","",1.967634456,,"",
"","100000007949542","INN1","","",2.2224126,,"",
"","100000007949606","INN1","","",2.314390275,,"",
"","100000007949514","INN1","","",3.6843866,,"",
"","100000007916438","INN1","","",0.144245612,,"",
"","100000007917347","INN1","","",0.5025338,,"",
"","100000007917370","INN1","","",0.6734064,,"",
"","100000007917256","INN1","","",6.328875628,,"",
"","100000007917168","INN1","","",16.15384057,,"",
"","100000007917221","INN1","","",7.993602789,,"",
"","100000007917243","INN1","","",12.57379796,,"",
"","100000007917161","INN1","","",12.2923238,,"",
"","100000007916292","INN1","","",1.43789,,"",
"","100000007916305","INN1","","",0.294062672,,"",
"","100000007916214","INN1","","",2.74594,,"",
"","100000007916293","INN1","","",3.071801,,"",
"","100000007916200","INN1","","",2.88788,,"",
"","100000007949327","INN1","","",0.1922098,,"",
"","100000007951111","INN1","","",4.45053998,,"",
"","100000007949959","INN1","","",0.14986912,,"",
"","100000007951663","INN1","","",11.14657098,,"",
"","100000007950869","INN1","","",11.77784233,,"",
"","100000007917389","INN1","","",0.566717,,"",
"","100000007917283","INN1","","",0.3537738,,"",
"","100000007917335","INN1","","",0.597911,,"",
"","100000007917356","INN1","","",0.5604352,,"",
"","100000007917371","INN1","","",1.148252,,"",
"","100000007917267","INN1","","",0.848632,,"",
"","100000007917284","INN1","","",2.03415809,,"",
"","100000007917308","INN1","","",0.787460858,,"",
"","100000007917326","INN1","","",0.922417734,,"",
"","100000007915428","INN1","","",0.054763032,,"",
"","100000007917465","INN1","","",0.024668,,"",
"","100000007917483","INN1","","",0.037384,,"",
"","100000007917498","INN1","","",0.027568146,,"",
"","100000007917523","INN1","","",0.04448,,"",
"","100000007917408","INN1","","",0.042129707,,"",
"","100000007917417","INN1","","",0.0506562,,"",
"","100000007948421","INN1","","",3.141130987,,"",
"","100000007948317","INN1","","",4.3745434,,"",
"","100000007949470","INN1","","",0.575776648,,"",
"","100000007949391","INN1","","",0.799786383,,"",
"","100000007949402","INN1","","",0.190784116,,"",
"","100000007950763","INN1","","",3.827761548,,"",
"","100000007950633","INN1","","",4.130069155,,"",
"","100000007950654","INN1","","",3.89685099,,"",
"","100000007950632","INN1","","",4.71669306,,"",
"","100000007950662","INN1","","",5.457254443,,"",
"","100000007950682","INN1","","",6.904979731,,"",
"","100000007950713","INN1","","",5.1737712,,"",
"","100000007950762","INN1","","",8.194384832,,"",
"","100000007950780","INN1","","",9.029973748,,"",
"","100000007951655","INN1","","",12.30858017,,"",
"","100000007951670","INN1","","",14.19785774,,"",
"","100000007951717","INN1","","",1.03390701,,"",
"","100000007948332","INN1","","",3.441066402,,"",
"","100000007948537","INN1","","",9.156042,,"",
"","100000007949427","INN1","","",0.703356734,,"",
"","100000007949448","INN1","","",0.691211596,,"",
"","100000007949482","INN1","","",0.777819453,,"",
"","100000007949495","INN1","","",0.82527676,,"",
"","100000007949403","INN1","","",0.894394027,,"",
"","100000007945639","INN1","","",7.413833388,,"",
"","100000007945567","INN1","","",0.159986308,,"",
"","100000007945581","INN1","","",0.221754922,,"",
"","100000007945607","INN1","","",0.201133922,,"",
"","100000007945529","INN1","","",0.237929956,,"",
"","100000007945544","INN1","","",0.290680458,,"",
"","100000007945899","INN1","","",0.4781654,,"",
"","100000007945919","INN1","","",0.6479986,,"",
"","100000007945827","INN1","","",0.696551,,"",
"","100000007946563","INN1","","",0.219643239,,"",
"","100000007946587","INN1","","",0.730212137,,"",
"","100000007946604","INN1","","",1.1153584,,"",
"","100000007946498","INN1","","",1.130213654,,"",
"","100000007946538","INN1","","",1.313225404,,"",
"","100000007946054","INN1","","",7.76926264,,"",
"","100000007992336","EQU1","","",11.474,,"",
"","100000007985274","EQU1","","",28.4826,,"",
"","100000007985291","EQU1","","",30.7069,,"",
"","100000007993711","EQU1","","",8.754,,"",
"","100000007993777","EQU1","","",16.0183,,"",
"","100000007993830","EQU1","","",19.3343,,"",
"","100000007993573","EQU1","","",0.64515,,"",
"","100000007993273","EQU1","","",0.7137,,"",
"","100000007993339","EQU1","","",11.1411,,"",
"","100000007986377","EQU1","","",11.68265,,"",
"","100000007986414","EQU1","","",15.7092,,"",
"","100000007982581","EQU1","","",308.6153,,"",
"","100000007982265","EQU1","","",107.28705,,"",
"","100000007955645","EQU1","","",12.66675,,"",
"","100000007957438","EQU1","","",8.8408,,"",
"","100000007957478","EQU1","","",23.62145,,"",
"","100000007957494","EQU1","","",21.95045,,"",
"","100000007957506","EQU1","","",30.6697,,"",
"","100000007956982","EQU1","","",6.3208,,"",
"","100000007953958","EQU1","","",6.864,,"",
"","100000007954145","EQU1","","",18.69135,,"",
"","100000007954231","EQU1","","",7.79025,,"",
"","100000007957631","EQU1","","",0.5166,,"",
"","100000007952578","EQU1","","",5.9331,,"",
"","100000007952623","EQU1","","",3.51065,,"",
"","100000007954712","EQU1","","",157.0195,,"",
"","100000007949463","EQU1","","",292.47985,,"",
"","100000007949476","EQU1","","",26.73175,,"",
"","100000007949493","EQU1","","",29.2814,,"",
"","100000007945789","EQU1","","",16.12205,,"",
"","100000007945810","EQU1","","",18.21525,,"",
"","100000007945678","EQU1","","",16.94365,,"",
"","100000007945702","EQU1","","",13.41035,,"",
"","100000007946295","EQU1","","",149.36755,,"",
"","100000007944819","EQU1","","",3.47365,,"",
"","100000007950625","EQU1","","",14.61455,,"",
"","100000007950506","EQU1","","",9.13795,,"",
"","100000007950519","EQU1","","",3.38065,,"",
"","100000007950557","EQU1","","",5.4146,,"",
"","100000008010843","EQU1","","",26.1408,,"",
"","100000008010700","EQU1","","",1.0302,,"",
"","100000007999196","EQU1","","",95.03105,,"",
"","100000008013545","EQU1","","",1.4544,,"",
"","100000008012505","EQU1","","",3.2437,,"",
"","100000008004378","EQU1","","",346.0192,,"",
"","100000008004560","EQU1","","",319.82515,,"",
"","100000008004918","EQU1","","",339.8338,,"",
"","100000008005356","EQU1","","",6.32725,,"",
"","100000008005009","EQU1","","",236.51795,,"",
"","100000008011278","EQU1","","",169.1852,,"",
"","100000008009432","EQU1","","",1.81455,,"",
"","100000008008278","EQU1","","",5.16885,,"",
"","100000008008954","EQU1","","",1.7152,,"",
"","100000008009253","EQU1","","",1.9133,,"",
"","100000008009433","EQU1","","",7.05575,,"",
"","100000008011579","EQU1","","",4.8034,,"",
"","100000007999710","EQU1","","",43.0521,,"",
"","100000007938885","EQU1","","",235.23575,,"",
"","100000007936484","EQU1","","",47.7518,,"",
"","100000007936497","EQU1","","",52.5472,,"",
"","100000007939587","EQU1","","",122.21765,,"",
"","100000007939496","EQU1","","",150.14825,,"",
"","100000007939487","EQU1","","",132.78605,,"",
"","100000007939387","EQU1","","",167.25445,,"",
"","100000007938367","EQU1","","",165.1499,,"",
"","100000007936732","EQU1","","",78.89025,,"",
"","100000007936645","EQU1","","",92.5646,,"",
"","100000007934816","EQU1","","",147.57175,,"",
"","100000007934823","EQU1","","",148.65495,,"",
"","100000007934720","EQU1","","",87.9747,,"",
"","100000007921151","EQU1","","",23.43025,,"",
"","100000007921170","EQU1","","",15.82265,,"",
"","100000007921161","EQU1","","",44.19645,,"",
"","100000007921156","EQU1","","",90.7983,,"",
"","100000007921157","EQU1","","",21.1216,,"",
"","100000007921080","EQU1","","",16.2362,,"",
"","100000007925946","EQU1","","",14.24765,,"",
"","100000007925967","EQU1","","",33.2585,,"",
"","100000007925812","EQU1","","",13.49305,,"",
"","100000007921356","EQU1","","",21.27825,,"",
"","300001282316885","EQU1","","",14.2764,,"",
"","300001282316914","EQU1","","",13.7813,,"",
"","100000007921438","EQU1","","",938.61895,,"",
"","100000007921476","EQU1","","",20.60305,,"",
"","100000007913079","EQU1","","",7.98875,,"",
"","100000007913103","EQU1","","",8.9723,,"",
"","100000007913080","EQU1","","",4.41965,,"",
"","100000007915085","EQU1","","",2.0592,,"",
"","100000007915087","EQU1","","",4.05955,,"",
"","100000007913576","EQU1","","",14.7181,,"",
"","100000007913603","EQU1","","",12.2357,,"",
"","100000007915631","EQU1","","",28.97085,,"",
"","100000007916596","EQU1","","",22.57705,,"",
"","100000007916673","EQU1","","",24.4537,,"",
"","100000007916576","EQU1","","",28.76115,,"",
"","100000007914934","EQU1","","",32.85505,,"",
"","100000007914969","EQU1","","",25.1691,,"",
"","100000007914978","EQU1","","",24.5868,,"",
"","100000007915578","EQU1","","",0.281,,"",
"","100000007915587","EQU1","","",87.72905,,"",
"","100000007916690","EQU1","","",57.1699,,"",
"","100000007916710","EQU1","","",68.48355,,"",
"","100000007916791","EQU1","","",3.4389,,"",
"","100000007916227","EQU1","","",1.25235,,"",
"","100000007984194","EQU1","","",266.7671,,"",
"","100000007983231","EQU1","","",279.35,,"",
"","100000007988140","EQU1","","",30.7827,,"",
"","100000007988208","EQU1","","",43.81815,,"",
"","100000007997060","EQU1","","",51.83865,,"",
"","100000007989520","EQU1","","",8.0257,,"",
"","100000007985316","EQU1","","",6.9496,,"",
"","100000007985357","EQU1","","",6.27295,,"",
"","100000007985283","EQU1","","",34.218,,"",
"","100000007985307","EQU1","","",40.71535,,"",
"","100000007985325","EQU1","","",9.0649,,"",
"","100000007985349","EQU1","","",11.09645,,"",
"","100000007985230","EQU1","","",27.2531,,"",
"","100000007997960","EQU1","","",37.8209,,"",
"","100000007998183","EQU1","","",18.3032,,"",
"","100000007986261","EQU1","","",2.31445,,"",
"","100000007986324","EQU1","","",3.0832,,"",
"","100000007986360","EQU1","","",2.73835,,"",
"","100000007986236","EQU1","","",2.8019,,"",
"","100000007986306","EQU1","","",12.37685,,"",
"","100000007986343","EQU1","","",11.70665,,"",
"","100000007980237","EQU1","","",19.7342,,"",
"","100000007980300","EQU1","","",18.93935,,"",
"","100000007980822","EQU1","","",124.56365,,"",
"","100000007960054","EQU1","","",1.2423,,"",
"","100000007957010","EQU1","","",6.58995,,"",
"","100000007957028","EQU1","","",7.78525,,"",
"","100000007957057","EQU1","","",5.607,,"",
"","100000007957076","EQU1","","",5.88665,,"",
"","100000007957101","EQU1","","",7.8942,,"",
"","100000007956994","EQU1","","",8.4556,,"",
"","100000007957011","EQU1","","",9.4329,,"",
"","100000007957035","EQU1","","",10.02665,,"",
"","100000007957058","EQU1","","",13.5847,,"",
"","100000007957083","EQU1","","",15.1913,,"",
"","100000007957102","EQU1","","",13.58655,,"",
"","100000007961272","EQU1","","",5.93205,,"",
"","100000007952579","EQU1","","",8.2231,,"",
"","100000007949397","EQU1","","",29.48215,,"",
"","100000007949392","EQU1","","",79.25455,,"",
"","100000007949414","EQU1","","",56.43345,,"",
"","100000007949449","EQU1","","",20.44515,,"",
"","100000007945663","EQU1","","",22.079,,"",
"","100000007945684","EQU1","","",13.9311,,"",
"","100000007952136","EQU1","","",1.57395,,"",
"","100000007948374","EQU1","","",218.07255,,"",
"","100000007951398","EQU1","","",70.2509,,"",
"","100000007951456","EQU1","","",104.81305,,"",
"","100000007951342","EQU1","","",203.01585,,"",
"","100000007950181","EQU1","","",3.5777,,"",
"","100000007950242","EQU1","","",2.4264,,"",
"","100000008007938","EQU1","","",0.7034,,"",
"","100000008010185","EQU1","","",1.073,,"",
"","100000008005184","EQU1","","",61.7305,,"",
"","100000008005361","EQU1","","",60.4356,,"",
"","100000008003988","EQU1","","",11.42765,,"",
"","100000008011032","EQU1","","",2.696,,"",
"","100000008011252","EQU1","","",2.27225,,"",
"","100000008011490","EQU1","","",1.35985,,"",
"","100000008011766","EQU1","","",1.3818,,"",
"","100000008011963","EQU1","","",8.90605,,"",
"","100000007998391","EQU1","","",54.07665,,"",
"","100000008008780","EQU1","","",1.44155,,"",
"","100000008008974","EQU1","","",1.24005,,"",
"","100000008009074","EQU1","","",2.1819,,"",
"","100000007940500","EQU1","","",266.1265,,"",
"","100000007940522","EQU1","","",218.13585,,"",
"","100000007940408","EQU1","","",120.422,,"",
"","100000007940449","EQU1","","",208.16305,,"",
"","100000007938881","EQU1","","",195.2015,,"",
"","100000007938891","EQU1","","",190.27,,"",
"","100000007937700","EQU1","","",166.0326,,"",
"","100000007936083","EQU1","","",58.5161,,"",
"","100000007936356","EQU1","","",9.1594,,"",
"","100000007936392","EQU1","","",4.76215,,"",
"","100000007939477","EQU1","","",196.391,,"",
"","100000007939184","EQU1","","",199.2074,,"",
"","100000007939081","EQU1","","",299.74795,,"",
"","100000007936653","EQU1","","",61.76775,,"",
"","100000007936743","EQU1","","",2.7573,,"",
"","100000007934791","EQU1","","",89.76755,,"",
"","100000007939966","EQU1","","",163.2983,,"",
"","100000007921100","EQU1","","",35.3353,,"",
"","100000007921000","EQU1","","",35.2171,,"",
"","100000007921041","EQU1","","",21.49275,,"",
"","100000007921726","EQU1","","",74.37845,,"",
"","100000007921604","EQU1","","",66.3586,,"",
"","100000007921647","EQU1","","",106.5651,,"",
"","100000007925613","EQU1","","",26.4646,,"",
"","100000007925181","EQU1","","",28.6642,,"",
"","100000007925100","EQU1","","",20.819,,"",
"","100000007924118","EQU1","","",19.04165,,"",
"","100000007920872","EQU1","","",25.33185,,"",
"","100000007921340","EQU1","","",17.12195,,"",
"","100000007921300","EQU1","","",24.41745,,"",
"","100000007921379","EQU1","","",21.5317,,"",
"","100000007921403","EQU1","","",8.14,,"",
"","100000007921439","EQU1","","",21.33075,,"",
"","100000007921462","EQU1","","",22.2982,,"",
"","100000007913131","EQU1","","",5.08905,,"",
"","100000007913146","EQU1","","",6.06455,,"",
"","100000007913081","EQU1","","",3.49525,,"",
"","100000007913106","EQU1","","",4.229,,"",
"","100000007913132","EQU1","","",17.24095,,"",
"","100000007913069","EQU1","","",24.4982,,"",
"","100000007916969","EQU1","","",28.93525,,"",
"","100000007916867","EQU1","","",29.93485,,"",
"","100000007916892","EQU1","","",28.1446,,"",
"","100000007916912","EQU1","","",31.4471,,"",
"","100000007916960","EQU1","","",11.1015,,"",
"","100000007916984","EQU1","","",17.9872,,"",
"","100000007913625","EQU1","","",57.96125,,"",
"","100000007913649","EQU1","","",68.60375,,"",
"","100000007913681","EQU1","","",88.53165,,"",
"","100000007913691","EQU1","","",0.3569,,"",
"","100000007913577","EQU1","","",1.6139,,"",
"","100000007916674","EQU1","","",34.89185,,"",
"","100000007916597","EQU1","","",4.04165,,"",
"","100000007915670","EQU1","","",0.2867,,"",
"","100000007915549","EQU1","","",0.2128,,"",
"","100000007915595","EQU1","","",0.24935,,"",
"","100000007915603","EQU1","","",0.18015,,"",
"","100000007915624","EQU1","","",0.45785,,"",
"","100000007915653","EQU1","","",0.55575,,"",
"","100000007915680","EQU1","","",0.54,,"",
"","100000007916809","EQU1","","",66.65755,,"",
"","100000007916679","EQU1","","",75.2183,,"",
"","100000007913909","EQU1","","",5.61,,"",
"","100000007983230","EQU1","","",9.01695,,"",
"","100000007983305","EQU1","","",24.8693,,"",
"","100000007983351","EQU1","","",9.8366,,"",
"","100000007983035","EQU1","","",26.3289,,"",
"","100000008009455","EQU1","","",2.8071,,"",
"","100000008008297","EQU1","","",2.7015,,"",
"","100000007991940","EQU1","","",13.33385,,"",
"","100000007992053","EQU1","","",6.82395,,"",
"","100000007991997","EQU1","","",9.65675,,"",
"","100000007992054","EQU1","","",9.57475,,"",
"","100000007984873","EQU1","","",34.23485,,"",
"","100000007984936","EQU1","","",35.3016,,"",
"","100000007985044","EQU1","","",31.1238,,"",
"","100000007984938","EQU1","","",54.6175,,"",
"","100000007991286","EQU1","","",10.9796,,"",
"","100000007991359","EQU1","","",11.93515,,"",
"","100000007980324","EQU1","","",25.16175,,"",
"","100000007980345","EQU1","","",32.86795,,"",
"","100000007980982","EQU1","","",25.47125,,"",
"","100000007982966","EQU1","","",58.37615,,"",
"","100000007959885","EQU1","","",1.86235,,"",
"","100000007959923","EQU1","","",2.3867,,"",
"","100000007959959","EQU1","","",4.9172,,"",
"","100000007953653","EQU1","","",2.96205,,"",
"","100000007953693","EQU1","","",7.71565,,"",
"","100000007953581","EQU1","","",2.4675,,"",
"","100000007956983","EQU1","","",15.7774,,"",
"","100000007957003","EQU1","","",28.11765,,"",
"","100000007957029","EQU1","","",25.58285,,"",
"","100000007957050","EQU1","","",29.5212,,"",
"","100000007957077","EQU1","","",10.59725,,"",
"","100000007957093","EQU1","","",10.31275,,"",
"","100000007956974","EQU1","","",12.2453,,"",
"","100000007956995","EQU1","","",12.4624,,"",
"","100000007957375","EQU1","","",13.98175,,"",
"","100000007955999","EQU1","","",4.72025,,"",
"","100000007955920","EQU1","","",0.9321,,"",
"","100000007961243","EQU1","","",4.10185,,"",
"","100000007961327","EQU1","","",5.0104,,"",
"","100000007961384","EQU1","","",6.0872,,"",
"","100000007961469","EQU1","","",8.0079,,"",
"","100000007948936","EQU1","","",10.5331,,"",
"","100000007948959","EQU1","","",28.8766,,"",
"","100000007948910","EQU1","","",62.26875,,"",
"","100000007948984","EQU1","","",14.7939,,"",
"","100000007945755","EQU1","","",16.334,,"",
"","100000007947778","EQU1","","",100.73165,,"",
"","100000007947801","EQU1","","",56.98955,,"",
"","100000007947815","EQU1","","",99.36425,,"",
"","100000007947856","EQU1","","",119.1978,,"",
"","100000007947763","EQU1","","",81.79605,,"",
"","100000007947779","EQU1","","",696.60945,,"",
"","100000007947816","EQU1","","",51.3667,,"",
"","100000007952201","EQU1","","",3.6654,,"",
"","100000007952227","EQU1","","",1.98855,,"",
"","100000007952145","EQU1","","",20.0246,,"",
"","100000007948325","EQU1","","",57.47265,,"",
"","100000007948710","EQU1","","",29.67045,,"",
"","100000007947086","EQU1","","",49.2026,,"",
"","100000008010026","EQU1","","",2.44475,,"",
"","100000008010425","EQU1","","",1.4058,,"",
"","100000008010962","EQU1","","",1.31505,,"",
"","100000008017113","EQU1","","",17.1361,,"",
"","100000008031253","EQU1","","",12.03325,,"",
"","100000008031444","EQU1","","",11.5047,,"",
"","100000008031815","EQU1","","",18.03565,,"",
"","100000008000701","EQU1","","",37.37845,,"",
"","100000008011491","EQU1","","",4.81795,,"",
"","100000008012415","EQU1","","",12.02745,,"",
"","100000008011052","EQU1","","",11.7734,,"",
"","100000008008709","EQU1","","",1.8773,,"",
"","100000008008326","EQU1","","",2.51565,,"",
"","100000008008805","EQU1","","",2.5224,,"",
"","100000008008522","EQU1","","",2.43285,,"",
"","100000007935621","EQU1","","",284.9615,,"",
"","100000007935725","EQU1","","",206.911,,"",
"","100000007938924","EQU1","","",270.212,,"",
"","100000007938541","EQU1","","",157.04905,,"",
"","100000007938558","EQU1","","",168.8043,,"",
"","100000007938631","EQU1","","",173.6696,,"",
"","100000007938654","EQU1","","",165.0314,,"",
"","100000007936394","EQU1","","",25.38585,,"",
"","100000007936416","EQU1","","",5.27155,,"",
"","100000007936371","EQU1","","",4.43785,,"",
"","100000007936385","EQU1","","",16.0539,,"",
"","100000007940037","EQU1","","",103.8892,,"",
"","100000007940069","EQU1","","",219.91885,,"",
"","100000007923951","EQU1","","",13.12875,,"",
"","100000007923975","EQU1","","",18.10245,,"",
"","100000007923912","EQU1","","",2.9895,,"",
"","100000007923930","EQU1","","",3.93685,,"",
"","100000007921673","EQU1","","",45.5066,,"",
"","100000007921718","EQU1","","",97.68125,,"",
"","100000007921699","EQU1","","",69.44235,,"",
"","100000007925120","EQU1","","",24.4165,,"",
"","100000007925171","EQU1","","",28.65485,,"",
"","100000007925101","EQU1","","",6.9934,,"",
"","100000007920888","EQU1","","",20.09595,,"",
"","300001271184349","EQU1","","",23.0158,,"",
"","100000007913082","EQU1","","",62.64255,,"",
"","100000007913107","EQU1","","",4.7708,,"",
"","100000007913133","EQU1","","",5.3244,,"",
"","100000007913083","EQU1","","",20.21425,,"",
"","100000007913108","EQU1","","",20.39185,,"",
"","100000007914047","EQU1","","",114.02665,,"",
"","100000007916959","EQU1","","",6.33315,,"",
"","100000007916982","EQU1","","",7.7341,,"",
"","100000007916864","EQU1","","",8.50445,,"",
"","100000007916874","EQU1","","",7.11885,,"",
"","100000007916900","EQU1","","",4.8815,,"",
"","100000007916949","EQU1","","",16.5833,,"",
"","100000007916865","EQU1","","",7.0978,,"",
"","100000007915455","EQU1","","",2.44665,,"",
"","100000007915489","EQU1","","",8.31735,,"",
"","100000007915526","EQU1","","",0.26015,,"",
"","100000007915544","EQU1","","",0.7054,,"",
"","100000007915450","EQU1","","",0.30305,,"",
"","100000007915467","EQU1","","",0.3449,,"",
"","100000007915363","EQU1","","",9.8035,,"",
"","100000007916631","EQU1","","",3.342,,"",
"","100000007916659","EQU1","","",4.8118,,"",
"","100000007916675","EQU1","","",4.9709,,"",
"","100000007913546","EQU1","","",112.95205,,"",
"","100000007913468","EQU1","","",27.72785,,"",
"","100000007913474","EQU1","","",72.3698,,"",
"","100000007915550","EQU1","","",0.48985,,"",
"","100000007915567","EQU1","","",0.7058,,"",
"","100000007916336","EQU1","","",0.9949,,"",
"","100000007916344","EQU1","","",0.96255,,"",
"","100000007916373","EQU1","","",0.91715,,"",
"","100000007910573","EQU1","","",18.1577,,"",
"","100000007910350","EQU1","","",12.1682,,"",
"","100000007912618","EQU1","","",12.4387,,"",
"","100000007912707","EQU1","","",13.05405,,"",
"","100000007913923","EQU1","","",5.6118,,"",
"","100000007913935","EQU1","","",5.6246,,"",
"","100000007913203","EQU1","","",228.3816,,"",
"","100000007990612","EQU1","","",12.8279,,"",
"","100000007983834","EQU1","","",86.53115,,"",
"","100000007983948","EQU1","","",72.79555,,"",
"","100000007983999","EQU1","","",92.2523,,"",
"","100000007984078","EQU1","","",97.35545,,"",
"","100000008009076","EQU1","","",3.2438,,"",
"","100000008008517","EQU1","","",3.08215,,"",
"","100000008008706","EQU1","","",3.15485,,"",
"","100000008008999","EQU1","","",1.7985,,"",
"","100000008009483","EQU1","","",1.6444,,"",
"","100000008008227","EQU1","","",1.2601,,"",
"","100000007985699","EQU1","","",48.95485,,"",
"","100000007994250","EQU1","","",4.63105,,"",
"","100000007993987","EQU1","","",5.9027,,"",
"","100000007991384","EQU1","","",13.10445,,"",
"","100000007987134","EQU1","","",34.85145,,"",
"","100000007995537","EQU1","","",18.6433,,"",
"","100000007995534","EQU1","","",7.5388,,"",
"","100000007981117","EQU1","","",2378.69015,,"",
"","100000007981264","EQU1","","",50.29555,,"",
"","100000007980967","EQU1","","",68.75225,,"",
"","100000007981019","EQU1","","",59.6004,,"",
"","100000007995089","EQU1","","",16.39205,,"",
"","100000007995112","EQU1","","",36.3821,,"",
"","100000007995158","EQU1","","",29.2762,,"",
"","100000007994989","EQU1","","",44.7859,,"",
"","100000007995045","EQU1","","",35.16065,,"",
"","100000007955806","EQU1","","",2.4294,,"",
"","100000007957273","EQU1","","",24.36,,"",
"","100000007957293","EQU1","","",22.87785,,"",
"","100000007954044","EQU1","","",42.112,,"",
"","100000007954096","EQU1","","",2.88275,,"",
"","100000007954009","EQU1","","",3.12925,,"",
"","100000007954036","EQU1","","",2.89695,,"",
"","100000007954073","EQU1","","",7.1391,,"",
"","100000007961113","EQU1","","",7.32695,,"",
"","100000007961189","EQU1","","",8.09825,,"",
"","100000007961244","EQU1","","",12.37305,,"",
"","100000007957677","EQU1","","",0.23125,,"",
"","100000007957692","EQU1","","",0.2744,,"",
"","100000007957707","EQU1","","",0.71405,,"",
"","100000007952427","EQU1","","",25.0158,,"",
"","100000007946034","EQU1","","",150.0061,,"",
"","100000007948890","EQU1","","",10.6692,,"",
"","100000007948907","EQU1","","",49.52295,,"",
"","100000007948933","EQU1","","",30.27075,,"",
"","100000007948948","EQU1","","",13.20155,,"",
"","100000007948974","EQU1","","",11.2174,,"",
"","100000007948991","EQU1","","",63.23155,,"",
"","100000007949021","EQU1","","",17.3479,,"",
"","100000007948899","EQU1","","",11.0537,,"",
"","100000007948926","EQU1","","",25.9594,,"",
"","100000007947841","EQU1","","",110.66495,,"",
"","100000007947764","EQU1","","",273.70645,,"",
"","100000007947803","EQU1","","",181.6104,,"",
"","100000007947817","EQU1","","",253.22155,,"",
"","100000007947842","EQU1","","",154.6281,,"",
"","100000007946503","EQU1","","",400.86585,,"",
"","100000007946542","EQU1","","",208.66965,,"",
"","100000007946582","EQU1","","",108.3771,,"",
"","100000007948691","EQU1","","",83.3357,,"",
"","100000007949669","EQU1","","",18.7877,,"",
"","100000007947120","EQU1","","",11.34905,,"",
"","100000007947142","EQU1","","",11.0582,,"",
"","100000007951682","EQU1","","",22.8876,,"",
"","100000007951721","EQU1","","",41.42945,,"",
"","100000007951675","EQU1","","",68.2702,,"",
"","100000007998745","EQU1","","",33.72755,,"",
"","100000008010365","EQU1","","",13.67575,,"",
"","100000008010740","EQU1","","",18.19335,,"",
"","100000008010520","EQU1","","",15.02615,,"",
"","100000008000207","EQU1","","",110.09645,,"",
"","100000008000454","EQU1","","",116.86535,,"",
"","100000008007446","EQU1","","",0.9518,,"",
"","100000008007622","EQU1","","",0.87135,,"",
"","100000008008614","EQU1","","",9.7241,,"",
"","100000008007692","EQU1","","",10.037,,"",
"","100000008007434","EQU1","","",9.7147,,"",
"","100000008008009","EQU1","","",51.46895,,"",
"","100000007935526","EQU1","","",39.25785,,"",
"","100000007935734","EQU1","","",392.5714,,"",
"","100000007935613","EQU1","","",101.8992,,"",
"","100000007935659","EQU1","","",104.1289,,"",
"","100000007935692","EQU1","","",103.2897,,"",
"","100000007935666","EQU1","","",157.33805,,"",
"","100000007939681","EQU1","","",165.50025,,"",
"","100000007936427","EQU1","","",12.7254,,"",
"","100000007938229","EQU1","","",267.9854,,"",
"","100000007938131","EQU1","","",161.02095,,"",
"","100000007940376","EQU1","","",604.9583,,"",
"","100000007935065","EQU1","","",88.4415,,"",
"","100000007935013","EQU1","","",97.1159,,"",
"","100000007935041","EQU1","","",150.6973,,"",
"","100000007934711","EQU1","","",114.98485,,"",
"","100000007939989","EQU1","","",213.4739,,"",
"","100000007939968","EQU1","","",111.9069,,"",
"","100000007923843","EQU1","","",225.56845,,"",
"","100000007923791","EQU1","","",155.2985,,"",
"","100000007922000","EQU1","","",255.7627,,"",
"","100000007922024","EQU1","","",154.898,,"",
"","100000007921953","EQU1","","",191.6736,,"",
"","100000007921969","EQU1","","",146.64615,,"",
"","100000007922009","EQU1","","",170.9984,,"",
"","100000007928004","EQU1","","",31.6843,,"",
"","100000007927979","EQU1","","",27.5993,,"",
"","100000007925366","EQU1","","",14.64355,,"",
"","100000007925373","EQU1","","",30.6583,,"",
"","100000007921683","EQU1","","",169.21195,,"",
"","100000007920685","EQU1","","",19.47455,,"",
"","300001426848852","EQU1","","",29.6821,,"",
"","300001426848933","EQU1","","",28.63735,,"",
"","300001427196727","EQU1","","",27.95285,,"",
"","100000007914867","EQU1","","",34.9998,,"",
"","100000007914859","EQU1","","",35.4082,,"",
"","100000007914879","EQU1","","",35.5317,,"",
"","100000007913817","EQU1","","",25.23935,,"",
"","100000007913844","EQU1","","",25.32395,,"",
"","100000007915483","EQU1","","",0.79575,,"",
"","100000007915502","EQU1","","",1.4411,,"",
"","100000007915519","EQU1","","",0.76775,,"",
"","100000007915539","EQU1","","",0.79425,,"",
"","100000007915441","EQU1","","",0.7836,,"",
"","100000007916579","EQU1","","",7.49755,,"",
"","100000007915385","EQU1","","",9.98665,,"",
"","100000007913420","EQU1","","",62.00365,,"",
"","100000007913411","EQU1","","",133.36645,,"",
"","100000007916449","EQU1","","",16.8502,,"",
"","100000007916503","EQU1","","",8.46935,,"",
"","100000007916536","EQU1","","",12.6272,,"",
"","100000007916485","EQU1","","",10.95465,,"",
"","100000007912597","EQU1","","",13.81915,,"",
"","100000007916360","EQU1","","",1.0303,,"",
"","100000007989900","EQU1","","",70.85445,,"",
"","100000007989933","EQU1","","",37.29435,,"",
"","100000007989947","EQU1","","",35.62635,,"",
"","100000007989971","EQU1","","",76.51755,,"",
"","100000007919457","B4U1","","",18.36971429,,"",
"","100000007919339","B4U1","","",0.308857143,,"",
"","100000007919357","B4U1","","",9.110714286,,"",
"","100000007919390","B4U1","","",10.56371429,,"",
"","100000007919396","B4U1","","",10.043,,"",
"","100000007919411","B4U1","","",9.380571429,,"",
"","100000007919267","B4U1","","",4.739714286,,"",
"","100000007919295","B4U1","","",4.852571429,,"",
"","100000007919332","B4U1","","",4.863714286,,"",
"","100000007919192","B4U1","","",3.039428571,,"",
"","100000007919184","B4U1","","",3.671857143,,"",
"","100000007919185","B4U1","","",3.956857143,,"",
"","100000007919278","B4U1","","",3.455,,"",
"","100000007919177","B4U1","","",3.646428571,,"",
"","100000007920162","B4U1","","",4.457,,"",
"","100000007920092","B4U1","","",4.801285714,,"",
"","100000007920109","B4U1","","",5.401857143,,"",
"","100000007920140","B4U1","","",4.659428571,,"",
"","100000007955274","B4U1","","",0.224857143,,"",
"","100000007955188","B4U1","","",0.284428571,,"",
"","100000007955244","B4U1","","",0.608,,"",
"","100000007955204","B4U1","","",0.224428571,,"",
"","100000007955235","B4U1","","",0.435428571,,"",
"","100000007951703","B4U1","","",0.000142857,,"",
"","100000007951551","B4U1","","",0.000142857,,"",
"","100000007951448","B4U1","","",0.001,,"",
"","100000007951495","B4U1","","",0,,"",
"","100000007951963","B4U1","","",0,,"",
"","100000007952304","B4U1","","",0,,"",
"","100000007953275","B4U1","","",0.000428571,,"",
"","100000007953309","B4U1","","",0.001,,"",
"","100000007953218","B4U1","","",0,,"",
"","100000007948856","B4U1","","",0,,"",
"","100000007919723","B4U1","","",3.456,,"",
"","100000007921208","B4U1","","",12.27971429,,"",
"","100000007921229","B4U1","","",10.35585714,,"",
"","100000007921266","B4U1","","",17.85828571,,"",
"","100000007921151","B4U1","","",11.00328571,,"",
"","100000007921170","B4U1","","",8.842857143,,"",
"","100000007919417","B4U1","","",9.271428571,,"",
"","100000007919434","B4U1","","",10.692,,"",
"","100000007919442","B4U1","","",18.19028571,,"",
"","100000007919206","B4U1","","",4.84,,"",
"","100000007919218","B4U1","","",7.150571429,,"",
"","100000007919194","B4U1","","",3.388428571,,"",
"","100000007918091","B4U1","","",10.12642857,,"",
"","100000007918101","B4U1","","",20.95128571,,"",
"","100000007918141","B4U1","","",1.542285714,,"",
"","100000007920163","B4U1","","",12.34285714,,"",
"","100000307474604","B4U1","","",15.52314286,,"",
"","100000007918373","B4U1","","",12.49742857,,"",
"","100000007919631","B4U1","","",3.996,,"",
"","100000007916892","B4U1","","",8.346857143,,"",
"","100000007916912","B4U1","","",12.22685714,,"",
"","100000007916960","B4U1","","",4.454714286,,"",
"","100000007916984","B4U1","","",6.456571429,,"",
"","100000007955256","B4U1","","",0.413142857,,"",
"","100000007955268","B4U1","","",0.406285714,,"",
"","100000007951681","B4U1","","",0,,"",
"","100000007951948","B4U1","","",0.000142857,,"",
"","100000007951956","B4U1","","",0.001714286,,"",
"","100000007950464","B4U1","","",0.000142857,,"",
"","100000007950315","B4U1","","",0.512428571,,"",
"","100000007950660","B4U1","","",0.000142857,,"",
"","100000007919759","B4U1","","",7.198857143,,"",
"","100000007919781","B4U1","","",4.339,,"",
"","100000007919829","B4U1","","",9.693428571,,"",
"","100000007919830","B4U1","","",378.4628571,,"",
"","100000007919853","B4U1","","",5.404285714,,"",
"","100000007919866","B4U1","","",7.652571429,,"",
"","100000007921161","B4U1","","",26.18228571,,"",
"","100000007921156","B4U1","","",47.77171429,,"",
"","100000007921157","B4U1","","",7.571428571,,"",
"","100000007921080","B4U1","","",10.15614286,,"",
"","100000007917672","B4U1","","",4.653285714,,"",
"","100000007917675","B4U1","","",6.755285714,,"",
"","100000007917729","B4U1","","",6.847285714,,"",
"","100000007918487","B4U1","","",13.16828571,,"",
"","100000007918495","B4U1","","",14.63114286,,"",
"","100000007918529","B4U1","","",33.368,,"",
"","100000007918438","B4U1","","",33.88428571,,"",
"","100000007918452","B4U1","","",7.299571429,,"",
"","100000007918474","B4U1","","",22.51028571,,"",
"","100000007918159","B4U1","","",2.302857143,,"",
"","100000007918059","B4U1","","",10.70114286,,"",
"","100000007918072","B4U1","","",29.27,,"",
"","100000007918117","B4U1","","",2.680428571,,"",
"","100000007918160","B4U1","","",156.736,,"",
"","100000007918176","B4U1","","",24.12357143,,"",
"","100000307474600","B4U1","","",4.776714286,,"",
"","100000307474601","B4U1","","",4.590857143,,"",
"","100000007918092","B4U1","","",27.97485714,,"",
"","100000007918394","B4U1","","",14.63057143,,"",
"","100000007918405","B4U1","","",14.78057143,,"",
"","100000007918325","B4U1","","",4.806428571,,"",
"","100000007918348","B4U1","","",4.225714286,,"",
"","100000007918406","B4U1","","",4.531142857,,"",
"","100000007916959","B4U1","","",1.807571429,,"",
"","100000007916982","B4U1","","",3.299142857,,"",
"","100000007916864","B4U1","","",3.903428571,,"",
"","100000007916874","B4U1","","",3.488571429,,"",
"","100000007916900","B4U1","","",1.559285714,,"",
"","100000007916949","B4U1","","",3.234285714,,"",
"","100000007950595","B4U1","","",0.000142857,,"",
"","100000007950263","B4U1","","",0,,"",
"","100000007950702","B4U1","","",0,,"",
"","100000007919724","B4U1","","",8.335285714,,"",
"","100000007919761","B4U1","","",4.647571429,,"",
"","100000007919802","B4U1","","",3.556714286,,"",
"","100000007919854","B4U1","","",5.569714286,,"",
"","100000007922520","B4U1","","",381.5541429,,"",
"","100000007920835","B4U1","","",5.420428571,,"",
"","100000007920832","B4U1","","",5.943714286,,"",
"","100000007918523","B4U1","","",24.99428571,,"",
"","100000007918434","B4U1","","",14.22214286,,"",
"","100000007918489","B4U1","","",4.566714286,,"",
"","100000007918078","B4U1","","",15.29871429,,"",
"","100000007918342","B4U1","","",7.546428571,,"",
"","100000007917273","B4U1","","",30.939,,"",
"","100000007917315","B4U1","","",118.6115714,,"",
"","100000007918326","B4U1","","",12.16642857,,"",
"","100000007918349","B4U1","","",23.57485714,,"",
"","100000007918350","B4U1","","",14.159,,"",
"","100000007918385","B4U1","","",16.11328571,,"",
"","100000007916865","B4U1","","",3.771428571,,"",
"","100000007917150","B4U1","","",0.061285714,,"",
"","100000007917173","B4U1","","",0.104714286,,"",
"","100000007917212","B4U1","","",3.039428571,,"",
"","100000007948553","B4U1","","",0.000142857,,"",
"","100000007949319","B4U1","","",0,,"",
"","100000007949337","B4U1","","",0,,"",
"","100000007949371","B4U1","","",0,,"",
"","100000007954927","B4U1","","",0.000142857,,"",
"","100000007954854","B4U1","","",0,,"",
"","100000007954381","B4U1","","",0.000571429,,"",
"","100000007954634","B4U1","","",0.005285714,,"",
"","100000007920937","B4U1","","",6.356285714,,"",
"","100000007920844","B4U1","","",6.282285714,,"",
"","100000007920895","B4U1","","",8.470428571,,"",
"","100000007920909","B4U1","","",8.149857143,,"",
"","100000007920927","B4U1","","",10.28742857,,"",
"","100000007922421","B4U1","","",1.976142857,,"",
"","100000007922439","B4U1","","",3.168142857,,"",
"","100000007922473","B4U1","","",1.173142857,,"",
"","100000007922497","B4U1","","",1.492571429,,"",
"","100000007922537","B4U1","","",1.403142857,,"",
"","100000007922429","B4U1","","",1.903571429,,"",
"","100000007922451","B4U1","","",2.042285714,,"",
"","100000007922467","B4U1","","",4.894285714,,"",
"","100000007920747","B4U1","","",6.885,,"",
"","100000007917111","B4U1","","",1.617857143,,"",
"","100000007917001","B4U1","","",1.249714286,,"",
"","100000007917036","B4U1","","",1.400285714,,"",
"","100000007917053","B4U1","","",1.738,,"",
"","100000007917039","B4U1","","",1.985714286,,"",
"","100000007917064","B4U1","","",1.831714286,,"",
"","100000007917341","B4U1","","",25.83457143,,"",
"","100000007917365","B4U1","","",33.13871429,,"",
"","100000007917387","B4U1","","",40.09885714,,"",
"","100000007917229","B4U1","","",5.477142857,,"",
"","100000007917152","B4U1","","",11.73671429,,"",
"","100000007917188","B4U1","","",21.25457143,,"",
"","100000007948641","B4U1","","",0,,"",
"","100000007948893","B4U1","","",0,,"",
"","100000007954286","B4U1","","",0.000142857,,"",
"","100000007920867","B4U1","","",4.754857143,,"",
"","100000007922505","B4U1","","",5.986714286,,"",
"","100000007922521","B4U1","","",5.362285714,,"",
"","100000007922472","B4U1","","",8.700428571,,"",
"","100000007918570","B4U1","","",6.395857143,,"",
"","100000007918794","B4U1","","",6.391285714,,"",
"","100000007918818","B4U1","","",10.78457143,,"",
"","100000007917086","B4U1","","",2.232,,"",
"","100000007917124","B4U1","","",3.474857143,,"",
"","100000007917029","B4U1","","",1.799428571,,"",
"","100000007917274","B4U1","","",6.442571429,,"",
"","100000007917297","B4U1","","",9.504,,"",
"","100000007917366","B4U1","","",9.525,,"",
"","100000007918682","B4U1","","",7.475571429,,"",
"","100000007918719","B4U1","","",7.868571429,,"",
"","100000007917230","B4U1","","",1.789714286,,"",
"","100000007919570","B4U1","","",5.48,,"",
"","100000007952885","B4U1","","",0.011428571,,"",
"","100000007952866","B4U1","","",0,,"",
"","100000007953123","B4U1","","",0.000142857,,"",
"","100000007952999","B4U1","","",0.000142857,,"",
"","100000007953045","B4U1","","",0,,"",
"","100000007952963","B4U1","","",0.000285714,,"",
"","100000007952979","B4U1","","",0.000142857,,"",
"","100000007953741","B4U1","","",0.000142857,,"",
"","100000007953802","B4U1","","",0.000142857,,"",
"","100000007954270","B4U1","","",0.000142857,,"",
"","100000007954301","B4U1","","",0,,"",
"","100000007953897","B4U1","","",0.000428571,,"",
"","100000007918864","B4U1","","",47.65328571,,"",
"","100000007918784","B4U1","","",8.345428571,,"",
"","100000007918803","B4U1","","",8.306428571,,"",
"","100000007918710","B4U1","","",17.26128571,,"",
"","100000007918730","B4U1","","",9.489428571,,"",
"","100000007919572","B4U1","","",7.719571429,,"",
"","100000007919485","B4U1","","",8.958285714,,"",
"","100000007953184","B4U1","","",0.000714286,,"",
"","100000007953098","B4U1","","",0,,"",
"","100000007953811","B4U1","","",0.020142857,,"",
"","100000007923374","B4U1","","",87.48,,"",
"","100000007923251","B4U1","","",216.5245714,,"",
"","100000007923301","B4U1","","",65.61771429,,"",
"","100000007923320","B4U1","","",161.8628571,,"",
"","100000007923361","B4U1","","",3.795857143,,"",
"","100000007923725","B4U1","","",9.119857143,,"",
"","100000007923734","B4U1","","",10.57328571,,"",
"","100000007923772","B4U1","","",4.134714286,,"",
"","100000007923781","B4U1","","",5.354428571,,"",
"","100000007923662","B4U1","","",5.543571429,,"",
"","100000007923708","B4U1","","",8.223428571,,"",
"","100000007923726","B4U1","","",11.32457143,,"",
"","100000007923755","B4U1","","",6.896571429,,"",
"","100000007918882","B4U1","","",12.68228571,,"",
"","100000007918892","B4U1","","",7.997142857,,"",
"","100000007918770","B4U1","","",7.197,,"",
"","100000007918804","B4U1","","",7.869857143,,"",
"","100000007919458","B4U1","","",14.65857143,,"",
"","100000007918711","B4U1","","",5.311142857,,"",
"","100000007919523","B4U1","","",6.539285714,,"",
"","100000007919531","B4U1","","",8.625428571,,"",
"","100000007920104","B4U1","","",8.196714286,,"",
"","100000007955000","B4U1","","",0.161571429,,"",
"","100000007955014","B4U1","","",0.180571429,,"",
"","100000007955035","B4U1","","",0.292857143,,"",
"","100000007954934","B4U1","","",0.276,,"",
"","100000007954954","B4U1","","",0.309714286,,"",
"","100000007954969","B4U1","","",0.309142857,,"",
"","100000007955206","B4U1","","",0.462285714,,"",
"","100000007955216","B4U1","","",1.039142857,,"",
"","100000007955237","B4U1","","",0.584142857,,"",
"","100000007955163","B4U1","","",0.556714286,,"",
"","100000007955049","B4U1","","",0.218714286,,"",
"","100000007955063","B4U1","","",0.434857143,,"",
"","100000007952642","B4U1","","",0,,"",
"","100000007920938","B4U1","","",7.147285714,,"",
"","100000007924067","B4U1","","",61.16971429,,"",
"","100000007920933","B4U1","","",16.16757143,,"",
"","100000007920957","B4U1","","",5.960571429,,"",
"","100000007920898","B4U1","","",4.619571429,,"",
"","100000007920917","B4U1","","",5.865714286,,"",
"","100000007920941","B4U1","","",6.556714286,,"",
"","100000007920958","B4U1","","",7.122,,"",
"","100000007923654","B4U1","","",9.164571429,,"",
"","100000007923672","B4U1","","",18.38528571,,"",
"","100000007923697","B4U1","","",17.496,,"",
"","100000007960748","AMP1","","",5.285327136,,"",
"","100000007960824","AMP1","","",6.951703802,,"",
"","100000007960912","AMP1","","",0.786376594,,"",
"","100000007960979","AMP1","","",2.522305413,,"",
"","100000007961025","AMP1","","",1.927343783,,"",
"","100000007960723","AMP1","","",2.000717234,,"",
"","100000007960849","AMP1","","",2.404609759,,"",
"","100000007960913","AMP1","","",3.142842857,,"",
"","100000007960959","AMP1","","",4.070986425,,"",
"","100000007963574","AMP1","","",2.178912585,,"",
"","100000007963328","AMP1","","",3.808860958,,"",
"","100000007963362","AMP1","","",15.04553333,,"",
"","100000007963419","AMP1","","",2.522305413,,"",
"","100000007963463","AMP1","","",3.142842857,,"",
"","100000007963548","AMP1","","",3.667093838,,"",
"","100000007957487","AMP1","","",11.73685166,,"",
"","100000007957501","AMP1","","",12.92852776,,"",
"","100000007960030","AMP1","","",6.147372289,,"",
"","100000007959837","AMP1","","",1.048502126,,"",
"","100000007959877","AMP1","","",1.214340717,,"",
"","100000007962121","AMP1","","",1.500537925,,"",
"","100000007956940","AMP1","","",2.190627627,,"",
"","100000007956959","AMP1","","",3.308681691,,"",
"","100000007956908","AMP1","","",3.667093838,,"",
"","100000007956702","AMP1","","",2.808502439,,"",
"","100000007956696","AMP1","","",3.950628231,,"",
"","100000007956721","AMP1","","",3.142842857,,"",
"","100000007956735","AMP1","","",2.880717378,,"",
"","100000007956762","AMP1","","",3.667093838,,"",
"","100000007956780","AMP1","","",5.189040526,,"",
"","100000007956688","AMP1","","",4.450807466,,"",
"","100000007957536","AMP1","","",2.16655595,,"",
"","100000007957421","AMP1","","",3.308681691,,"",
"","100000007957463","AMP1","","",0.524251063,,"",
"","100000007957488","AMP1","","",0.810448397,,"",
"","100000007957502","AMP1","","",1.594161813,,"",
"","100000007957527","AMP1","","",0.617875285,,"",
"","100000007957416","AMP1","","",1.107452219,,"",
"","100000007957499","AMP1","","",0.189910883,,"",
"","100000007956806","AMP1","","",4.547094044,,"",
"","100000007956756","AMP1","","",8.166044514,,"",
"","100000007956781","AMP1","","",18.42642999,,"",
"","100000007956798","AMP1","","",3.094699528,,"",
"","100000007956689","AMP1","","",3.570807148,,"",
"","100000007956705","AMP1","","",5.879130317,,"",
"","100000007956828","AMP1","","",5.427094335,,"",
"","100000007956713","AMP1","","",3.808860958,,"",
"","100000007956727","AMP1","","",4.26089693,,"",
"","100000007956754","AMP1","","",16.0974297,,"",
"","100000007956770","AMP1","","",5.454901962,,"",
"","100000007956796","AMP1","","",7.307453171,,"",
"","100000007956703","AMP1","","",10.69400367,,"",
"","100000007957526","AMP1","","",0.287037054,,"",
"","100000007957414","AMP1","","",0.379821766,,"",
"","100000007957435","AMP1","","",1.053149084,,"",
"","100000007957451","AMP1","","",2.032408715,,"",
"","100000007957475","AMP1","","",0.524251063,,"",
"","100000007957492","AMP1","","",0.500179308,,"",
"","100000007957518","AMP1","","",0.572394736,,"",
"","100000007956744","AMP1","","",6.024406079,,"",
"","100000007956772","AMP1","","",6.665506677,,"",
"","100000007956710","AMP1","","",9.449937455,,"",
"","100000007956733","AMP1","","",8.949758197,,"",
"","100000007956486","AMP1","","",20.04848525,,"",
"","100000007956506","AMP1","","",20.61439486,,"",
"","100000007954665","AMP1","","",282.441933,,"",
"","100000007954720","AMP1","","",549.4570735,,"",
"","100000007955312","AMP1","","",1.141922058,,"",
"","100000007955329","AMP1","","",1.177003532,,"",
"","100000007954657","AMP1","","",36.66862587,,"",
"","100000007954712","AMP1","","",93.52008505,,"",
"","100000007963381","AMP1","","",4.188682036,,"",
"","100000007963421","AMP1","","",8.973829836,,"",
"","100000007955387","AMP1","","",0.37221798,,"",
"","100000007957585","AMP1","","",0.209541069,,"",
"","100000007957610","AMP1","","",0.228287724,,"",
"","100000007957631","AMP1","","",0.264401598,,"",
"","100000007958101","AMP1","","",1.808144028,,"",
"","100000007958237","AMP1","","",1.666376669,,"",
"","100000007958082","AMP1","","",2.070269409,,"",
"","100000007957707","AMP1","","",0.375031762,,"",
"","100000007961496","AMP1","","",1.476466213,,"",
"","100000007963549","AMP1","","",3.190986229,,"",
"","100000007963597","AMP1","","",2.546377015,,"",
"","100000007963302","AMP1","","",3.760717672,,"",
"","100000007963344","AMP1","","",5.855058686,,"",
"","100000007963400","AMP1","","",13.04481624,,"",
"","100000007963523","AMP1","","",2.079980531,,"",
"","100000007963329","AMP1","","",3.380896665,,"",
"","100000007957708","AMP1","","",1.762663444,,"",
"","100000007957725","AMP1","","",1.761908141,,"",
"","100000007957748","AMP1","","",2.546377015,,"",
"","100000007959364","AMP1","","",2.218926151,,"",
"","100000007962192","AMP1","","",2.679319492,,"",
"","100000007961882","AMP1","","",2.404609759,,"",
"","100000007961934","AMP1","","",2.642663568,,"",
"","100000007962052","AMP1","","",2.897843681,,"",
"","100000007961136","AMP1","","",1.856287213,,"",
"","100000007961214","AMP1","","",2.808502439,,"",
"","100000007961272","AMP1","","",3.546735501,,"",
"","100000007961243","AMP1","","",2.618591909,,"",
"","100000007961327","AMP1","","",3.570807148,,"",
"","100000007961384","AMP1","","",4.26089693,,"",
"","100000007958349","AMP1","","",1.280778687,,"",
"","100000007961864","AMP1","","",1.214340717,,"",
"","100000007961569","AMP1","","",1.500537925,,"",
"","100000007961614","AMP1","","",2.190627627,,"",
"","100000007961683","AMP1","","",2.986949197,,"",
"","100000007962122","AMP1","","",3.114671782,,"",
"","100000007962166","AMP1","","",3.142842857,,"",
"","100000007961935","AMP1","","",4.066775346,,"",
"","100000007961981","AMP1","","",3.832932615,,"",
"","100000007962053","AMP1","","",3.262564767,,"",
"","100000007962097","AMP1","","",7.045327727,,"",
"","100000007961469","AMP1","","",5.071344997,,"",
"","100000007956608","AMP1","","",6.212735072,,"",
"","100000007963262","AMP1","","",5.855058686,,"",
"","100000007963301","AMP1","","",13.6653538,,"",
"","100000007963420","AMP1","","",1.380179606,,"",
"","100000007956701","AMP1","","",2.332394825,,"",
"","100000007962098","AMP1","","",0.855928966,,"",
"","100000007962141","AMP1","","",1.40425122,,"",
"","100000007962215","AMP1","","",1.214340717,,"",
"","100000007961901","AMP1","","",1.942963308,,"",
"","100000007956391","AMP1","","",8.565969076,,"",
"","100000007956405","AMP1","","",7.986343638,,"",
"","100000007956433","AMP1","","",11.88534466,,"",
"","100000007956448","AMP1","","",9.529235334,,"",
"","100000007956477","AMP1","","",10.00613913,,"",
"","100000007956494","AMP1","","",18.70829778,,"",
"","100000007956612","AMP1","","",6.117184126,,"",
"","100000007961026","AMP1","","",2.954167912,,"",
"","100000007960724","AMP1","","",3.284610055,,"",
"","100000007956480","AMP1","","",7.783560789,,"",
"","100000007956824","AMP1","","",10.59237781,,"",
"","100000007956742","AMP1","","",3.284610055,,"",
"","100000007956779","AMP1","","",3.760717672,,"",
"","100000007956795","AMP1","","",4.547094044,,"",
"","100000007956687","AMP1","","",3.881075958,,"",
"","100000007956379","AMP1","","",14.90293271,,"",
"","100000007956396","AMP1","","",17.90265104,,"",
"","100000007956449","AMP1","","",10.45029598,,"",
"","100000007956478","AMP1","","",5.4030227,,"",
"","100000007956495","AMP1","","",3.698126475,,"",
"","100000007956380","AMP1","","",3.667093838,,"",
"","100000007956397","AMP1","","",4.105146204,,"",
"","100000007956601","AMP1","","",5.237183817,,"",
"","100000007956728","AMP1","","",3.857004282,,"",
"","100000007956755","AMP1","","",5.095416675,,"",
"","100000007956771","AMP1","","",6.047631905,,"",
"","100000007956797","AMP1","","",6.427452867,,"",
"","100000007956815","AMP1","","",5.903201954,,"",
"","100000007956704","AMP1","","",8.569937156,,"",
"","100000007956743","AMP1","","",3.064331291,,"",
"","100000007954742","AMP1","","",122.0094714,,"",
"","100000007954749","AMP1","","",56.41795548,,"",
"","100000007954656","AMP1","","",256.4172745,,"",
"","100000007956440","AMP1","","",6.355237935,,"",
"","100000007956415","AMP1","","",7.186726301,,"",
"","100000007956436","AMP1","","",37.3985198,,"",
"","100000007956460","AMP1","","",8.166044514,,"",
"","100000007956787","AMP1","","",4.450807466,,"",
"","100000007954580","AMP1","","",23.98426879,,"",
"","100000007958059","AMP1","","",11.64056503,,"",
"","100000007957975","AMP1","","",10.97454691,,"",
"","100000007957997","AMP1","","",9.555256223,,"",
"","100000007958038","AMP1","","",14.75933621,,"",
"","100000007957640","AMP1","","",15.04553333,,"",
"","100000007957542","AMP1","","",0.52656275,,"",
"","100000007959885","AMP1","","",1.024430356,,"",
"","100000007959923","AMP1","","",1.642305028,,"",
"","100000007959959","AMP1","","",2.288223105,,"",
"","100000007960010","AMP1","","",3.190986229,,"",
"","100000007960042","AMP1","","",0.706681122,,"",
"","100000007959850","AMP1","","",0.987715424,,"",
"","100000007961113","AMP1","","",3.745063997,,"",
"","100000007961189","AMP1","","",5.22121992,,"",
"","100000007961244","AMP1","","",7.80763243,,"",
"","100000007957677","AMP1","","",0.136529748,,"",
"","100000007957692","AMP1","","",0.137054312,,"",
"","100000007959886","AMP1","","",1.476466213,,"",
"","100000007959908","AMP1","","",2.284251615,,"",
"","100000007959974","AMP1","","",4.571165709,,"",
"","100000007960055","AMP1","","",0.666018233,,"",
"","100000007959876","AMP1","","",1.093982702,,"",
"","100000007959913","AMP1","","",1.618233409,,"",
"","100000007959946","AMP1","","",3.070627882,,"",
"","100000007961957","AMP1","","",2.046197819,,"",
"","100000007962029","AMP1","","",1.762663444,,"",
"","100000007962075","AMP1","","",7.307453171,,"",
"","100000007962193","AMP1","","",0.925264735,,"",
"","100000007960958","AMP1","","",1.196957005,,"",
"","100000007961003","AMP1","","",2.171207405,,"",
"","100000007960700","AMP1","","",3.026058722,,"",
"","100000007963437","AMP1","","",1.508100356,,"",
"","100000007960850","AMP1","","",0.583060846,,"",
"","100000007961004","AMP1","","",0.95221524,,"",
"","100000007960701","AMP1","","",1.428322859,,"",
"","100000007960775","AMP1","","",1.976645519,,"",
"","100000007960871","AMP1","","",6.427452867,,"",
"","100000007960980","AMP1","","",9.974188364,,"",
"","100000007957123","AMP1","","",9.736134554,,"",
"","100000007987657","AMP1","","",22.7809508,,"",
"","100000007987812","AMP1","","",55.75098761,,"",
"","100000007987876","AMP1","","",37.92277073,,"",
"","100000007987926","AMP1","","",58.29911177,,"",
"","100000007958440","AMP1","","",17.37234476,,"",
"","100000007958482","AMP1","","",24.63398762,,"",
"","100000007958551","AMP1","","",37.20810662,,"",
"","100000007958599","AMP1","","",27.01324257,,"",
"","100000007958356","AMP1","","",45.94189812,,"",
"","100000007958461","AMP1","","",19.75394289,,"",
"","100000007957396","AMP1","","",12.30658317,,"",
"","100000007955849","AMP1","","",2.308323211,,"",
"","100000007955746","AMP1","","",3.643022151,,"",
"","100000007989900","AMP1","","",49.91908512,,"",
"","100000007989933","AMP1","","",22.70362089,,"",
"","100000007989947","AMP1","","",28.95012024,,"",
"","100000007989971","AMP1","","",43.76105276,,"",
"","100000007989930","AMP1","","",21.29047286,,"",
"","100000007975822","AMP1","","",12.6359255,,"",
"","100000007960413","AMP1","","",43.18077293,,"",
"","100000007963099","AMP1","","",8.949767828,,"",
"","100000007963138","AMP1","","",1.262484136,,"",
"","100000007963195","AMP1","","",2.476824826,,"",
"","100000007963237","AMP1","","",2.880717378,,"",
"","100000007955505","AMP1","","",5.023201664,,"",
"","100000007955545","AMP1","","",4.888996647,,"",
"","100000007956880","AMP1","","",3.760717672,,"",
"","100000007956950","AMP1","","",4.046914768,,"",
"","100000007956973","AMP1","","",4.309040235,,"",
"","100000007956912","AMP1","","",5.324162861,,"",
"","100000007956938","AMP1","","",9.120801751,,"",
"","100000007974992","AMP1","","",2.652289411,,"",
"","100000007974894","AMP1","","",4.405524427,,"",
"","100000007962963","AMP1","","",5.261255474,,"",
"","100000007963016","AMP1","","",3.643022151,,"",
"","100000007963078","AMP1","","",4.902843456,,"",
"","100000007963120","AMP1","","",2.789918881,,"",
"","100000007962757","AMP1","","",4.274386035,,"",
"","100000007962894","AMP1","","",2.569906313,,"",
"","100000007955933","AMP1","","",5.785506423,,"",
"","100000007974825","AMP1","","",4.457309081,,"",
"","100000007977892","AMP1","","",10.10240124,,"",
"","100000007977942","AMP1","","",9.38557527,,"",
"","100000007954232","AMP1","","",9.092874348,,"",
"","100000007953989","AMP1","","",8.525939546,,"",
"","100000007957139","AMP1","","",12.9271207,,"",
"","100000007957993","AMP1","","",12.9271207,,"",
"","100000007958007","AMP1","","",14.25263671,,"",
"","100000007958033","AMP1","","",13.6653538,,"",
"","100000007958054","AMP1","","",16.16358742,,"",
"","100000007957972","AMP1","","",11.64056503,,"",
"","100000007957984","AMP1","","",13.1170312,,"",
"","100000007958008","AMP1","","",13.75897767,,"",
"","100000007978005","AMP1","","",12.73966482,,"",
"","100000007978053","AMP1","","",12.21007559,,"",
"","100000007978120","AMP1","","",14.98910199,,"",
"","100000007978160","AMP1","","",15.19766831,,"",
"","100000007978117","AMP1","","",25.09417376,,"",
"","100000007978158","AMP1","","",25.82855784,,"",
"","100000007954887","AMP1","","",1.576489368,,"",
"","100000007954779","AMP1","","",1.591769152,,"",
"","100000007954858","AMP1","","",5.310327483,,"",
"","100000007954800","AMP1","","",4.940148261,,"",
"","100000007958058","AMP1","","",11.40251122,,"",
"","100000007957955","AMP1","","",11.76645767,,"",
"","100000007957974","AMP1","","",13.35579812,,"",
"","100000007957989","AMP1","","",22.9220796,,"",
"","100000007958012","AMP1","","",21.32855629,,"",
"","100000007958052","AMP1","","",10.28445714,,"",
"","100000007957956","AMP1","","",16.61562339,,"",
"","100000007977863","AMP1","","",27.53272954,,"",
"","100000007977920","AMP1","","",25.44724572,,"",
"","100000007984692","AMP1","","",12.83790519,,"",
"","100000007957506","AMP1","","",14.3756,,"",
"","100000007956982","AMP1","","",5.140897263,,"",
"","100000007957010","AMP1","","",5.713291437,,"",
"","100000007957028","AMP1","","",7.189757612,,"",
"","100000007957057","AMP1","","",3.643022151,,"",
"","100000007957076","AMP1","","",3.142842857,,"",
"","100000007957101","AMP1","","",4.498950739,,"",
"","100000007956994","AMP1","","",5.309398806,,"",
"","100000007957011","AMP1","","",5.547452614,,"",
"","100000007954830","AMP1","","",5.591818911,,"",
"","100000007957281","AMP1","","",15.56978427,,"",
"","100000007957302","AMP1","","",7.355596456,,"",
"","100000007957329","AMP1","","",8.880205942,,"",
"","100000007957344","AMP1","","",10.87826031,,"",
"","100000007957970","AMP1","","",25.04379335,,"",
"","100000007984534","AMP1","","",20.11726117,,"",
"","100000007984629","AMP1","","",20.4970829,,"",
"","100000007984829","AMP1","","",52.82248242,,"",
"","100000007957035","AMP1","","",5.975416903,,"",
"","100000007957058","AMP1","","",8.355955001,,"",
"","100000007957083","AMP1","","",9.30817024,,"",
"","100000007957102","AMP1","","",6.045257186,,"",
"","100000007956983","AMP1","","",7.805749779,,"",
"","100000007957003","AMP1","","",24.82981119,,"",
"","100000007957029","AMP1","","",18.73403603,,"",
"","100000007957050","AMP1","","",27.75600916,,"",
"","100000007957077","AMP1","","",5.855058686,,"",
"","100000007957093","AMP1","","",5.975416903,,"",
"","100000007956974","AMP1","","",8.711704388,,"",
"","100000007957273","AMP1","","",17.99580296,,"",
"","100000007957293","AMP1","","",15.66340815,,"",
"","100000007957305","AMP1","","",16.225,,"",
"","100000007957347","AMP1","","",5.903201954,,"",
"","100000007957387","AMP1","","",5.047273327,,"",
"","100000007957258","AMP1","","",7.379668106,,"",
"","100000007957294","AMP1","","",7.475954756,,"",
"","100000007984487","AMP1","","",10.99742675,,"",
"","100000007989943","AMP1","","",17.49590619,,"",
"","100000007989968","AMP1","","",17.01874512,,"",
"","100000007989939","AMP1","","",9.106025764,,"",
"","100000007989961","AMP1","","",6.089484234,,"",
"","100000007989847","AMP1","","",16.33708643,,"",
"","100000007956995","AMP1","","",8.259668408,,"",
"","100000007957314","AMP1","","",6.855417192,,"",
"","100000007957339","AMP1","","",6.56922011,,"",
"","100000007960054","AMP1","","",0.95221524,,"",
"","100000007956852","AMP1","","",3.284610055,,"",
"","100000007989899","AMP1","","",19.87395489,,"",
"","100000007989920","AMP1","","",17.24591876,,"",
"","100000007989932","AMP1","","",20.64453638,,"",
"","100000007989953","AMP1","","",11.49730978,,"",
"","100000007989860","AMP1","","",16.51886208,,"",
"","100000007955832","AMP1","","",1.880901242,,"",
"","100000007955999","AMP1","","",2.456074602,,"",
"","100000007955920","AMP1","","",0.617875285,,"",
"","100000007955806","AMP1","","",1.690448332,,"",
"","100000007980822","AMP1","","",97.47719165,,"",
"","100000007978047","AMP1","","",46.06454229,,"",
"","100000007978072","AMP1","","",27.49356688,,"",
"","100000007977854","AMP1","","",68.56461859,,"",
"","100000007978028","AMP1","","",21.66013198,,"",
"","100000007978094","AMP1","","",18.2284283,,"",
"","100000007978181","AMP1","","",52.76211132,,"",
"","100000007977864","AMP1","","",106.8615863,,"",
"","100000007979953","AMP1","","",35.29608543,,"",
"","100000007979999","AMP1","","",37.86137287,,"",
"","100000007977911","AMP1","","",89.34207954,,"",
"","100000007978179","AMP1","","",44.70951607,,"",
"","100000007978023","AMP1","","",21.73234733,,"",
"","100000007980064","AMP1","","",29.77494471,,"",
"","100000007980109","AMP1","","",32.16328115,,"",
"","100000007980150","AMP1","","",39.04549924,,"",
"","100000007980214","AMP1","","",41.16784927,,"",
"","100000007979910","AMP1","","",32.49410323,,"",
"","100000007979977","AMP1","","",33.04922469,,"",
"","100000007980086","AMP1","","",39.41752615,,"",
"","100000007980190","AMP1","","",28.06883961,,"",
"","100000007979888","AMP1","","",28.06883961,,"",
"","100000007954096","AMP1","","",1.551256153,,"",
"","100000007954009","AMP1","","",1.534178817,,"",
"","100000007954036","AMP1","","",1.684955923,,"",
"","100000007954073","AMP1","","",3.267198238,,"",
"","100000007954102","AMP1","","",2.711091955,,"",
"","100000007977982","AMP1","","",8.409356095,,"",
"","100000007978004","AMP1","","",8.876391184,,"",
"","100000007978052","AMP1","","",7.942098116,,"",
"","100000007978095","AMP1","","",13.66504084,,"",
"","100000007984663","AMP1","","",8.134460282,,"",
"","100000007979954","AMP1","","",16.33933299,,"",
"","100000007980000","AMP1","","",21.42824009,,"",
"","100000007980065","AMP1","","",25.13048344,,"",
"","100000007980110","AMP1","","",19.63534307,,"",
"","100000007955645","AMP1","","",7.237900947,,"",
"","100000007957375","AMP1","","",6.185036788,,"",
"","100000007957271","AMP1","","",14.7539,,"",
"","100000007957303","AMP1","","",8.856134279,,"",
"","100000007957322","AMP1","","",10.96709836,,"",
"","100000007957345","AMP1","","",14.59349737,,"",
"","100000007957352","AMP1","","",22.80502245,,"",
"","100000007957359","AMP1","","",7.4338,,"",
"","100000007957376","AMP1","","",6.903560487,,"",
"","100000007957185","AMP1","","",7.855775726,,"",
"","100000007957211","AMP1","","",10.42622434,,"",
"","100000007957229","AMP1","","",11.47472619,,"",
"","100000007957255","AMP1","","",13.59313882,,"",
"","100000007957128","AMP1","","",13.9034076,,"",
"","100000007957131","AMP1","","",9.30817024,,"",
"","100000007957149","AMP1","","",11.73685166,,"",
"","100000007955608","AMP1","","",2.380538099,,"",
"","100000007955609","AMP1","","",3.589669137,,"",
"","100000007957405","AMP1","","",15.42535434,,"",
"","100000007957334","AMP1","","",7.189757612,,"",
"","100000007957366","AMP1","","",8.331883346,,"",
"","100000007957395","AMP1","","",10.26038548,,"",
"","100000007957270","AMP1","","",27.99406297,,"",
"","100000007957301","AMP1","","",10.90233196,,"",
"","100000007957321","AMP1","","",13.47278057,,"",
"","100000007957350","AMP1","","",23.6636138,,"",
"","100000007957374","AMP1","","",9.974188364,,"",
"","100000007957177","AMP1","","",9.284098585,,"",
"","100000007957197","AMP1","","",9.901973434,,"",
"","100000007957223","AMP1","","",21.63882505,,"",
"","100000007957243","AMP1","","",11.83047555,,"",
"","100000007957122","AMP1","","",18.1161612,,"",
"","100000007957138","AMP1","","",20.63846651,,"",
"","100000007957151","AMP1","","",32.8074,,"",
"","100000007957178","AMP1","","",6.431097334,,"",
"","100000007957198","AMP1","","",6.927632142,,"",
"","100000007957224","AMP1","","",10.97454691,,"",
"","100000007957244","AMP1","","",8.618080469,,"",
"","100000007957991","AMP1","","",8.232051984,,"",
"","100000007927683","AMP1","","",13.7269193,,"",
"","100000007927180","AMP1","","",15.69327902,,"",
"","100000007927217","AMP1","","",24.34571596,,"",
"","100000007928259","AMP1","","",79.54419543,,"",
"","100000007928365","AMP1","","",20.70891732,,"",
"","100000008011435","B4U1","","",3.918857143,,"",
"","100000008011712","B4U1","","",1.126285714,,"",
"","100000007927979","AMP1","","",27.45650051,,"",
"","100000007927976","AMP1","","",48.61370295,,"",
"","100000007928044","AMP1","","",11.10832772,,"",
"","100000007957260","AMP1","","",59.07708585,,"",
"","100000007957310","AMP1","","",20.99506462,,"",
"","100000007957332","AMP1","","",15.2457736,,"",
"","100000007957219","AMP1","","",61.38458485,,"",
"","100000007957144","AMP1","","",18.25490095,,"",
"","100000007957184","AMP1","","",81.10715838,,"",
"","100000007957204","AMP1","","",755.7823114,,"",
"","100000007958060","AMP1","","",608.2471498,,"",
"","100000007958067","AMP1","","",181.1975247,,"",
"","100000007927105","AMP1","","",26.12580029,,"",
"","100000008011910","B4U1","","",1.527428571,,"",
"","100000008012228","B4U1","","",1.589142857,,"",
"","100000008011051","B4U1","","",8.886857143,,"",
"","100000008011153","B4U1","","",1.373142857,,"",
"","100000008011301","B4U1","","",1.527428571,,"",
"","100000008011080","B4U1","","",2.360571429,,"",
"","100000008010983","B4U1","","",1.542857143,,"",
"","100000008011195","B4U1","","",1.496571429,,"",
"","100000007930536","AMP1","","",1.361003092,,"",
"","100000007930463","AMP1","","",1.420122256,,"",
"","100000007926728","AMP1","","",59.09936365,,"",
"","100000007956893","AMP1","","",10.90641456,,"",
"","100000007956447","AMP1","","",4.874675564,,"",
"","100000007956457","AMP1","","",22.83642862,,"",
"","100000007957228","AMP1","","",12.66915096,,"",
"","100000007957248","AMP1","","",3.408293414,,"",
"","100000007957119","AMP1","","",65.71933235,,"",
"","100000007957158","AMP1","","",565.163018,,"",
"","100000007957965","AMP1","","",26.81399128,,"",
"","100000007956609","AMP1","","",11.13246686,,"",
"","100000007955936","AMP1","","",27.69808763,,"",
"","100000007929899","AMP1","","",0.330623555,,"",
"","100000007929791","AMP1","","",0.22378247,,"",
"","100000008026468","B4U1","","",1.357714286,,"",
"","100000008011225","B4U1","","",2.314285714,,"",
"","100000008011935","B4U1","","",2.268,,"",
"","100000008011008","B4U1","","",3.301714286,,"",
"","100000008011386","B4U1","","",5.076,,"",
"","100000008011355","B4U1","","",1.296,,"",
"","100000008011909","B4U1","","",1.608142857,,"",
"","100000008012118","B4U1","","",1.188,,"",
"","100000008010984","B4U1","","",0.956571429,,"",
"","100000008011196","B4U1","","",1.064571429,,"",
"","100000008011356","B4U1","","",3.270857143,,"",
"","100000008011812","B4U1","","",1.018285714,,"",
"","100000008012119","B4U1","","",0.956571429,,"",
"","100000007927145","AMP1","","",7.954725498,,"",
"","100000007927160","AMP1","","",9.529564709,,"",
"","100000007927176","AMP1","","",15.17121789,,"",
"","100000007927177","AMP1","","",17.36994335,,"",
"","100000007955728","AMP1","","",13.16070973,,"",
"","100000007956843","AMP1","","",21.00933129,,"",
"","100000007956866","AMP1","","",12.98948694,,"",
"","100000007956489","AMP1","","",30.82267189,,"",
"","100000007956384","AMP1","","",7.384635731,,"",
"","100000007956408","AMP1","","",23.46610016,,"",
"","100000007956675","AMP1","","",25.13128113,,"",
"","100000007956522","AMP1","","",32.72407226,,"",
"","100000007956543","AMP1","","",142.8953616,,"",
"","100000007955870","AMP1","","",129.1567647,,"",
"","100000007931254","AMP1","","",0.157802891,,"",
"","100000007927631","AMP1","","",15.63401167,,"",
"","100000007929814","AMP1","","",0.247267584,,"",
"","100000007929829","AMP1","","",0.32196011,,"",
"","100000007929850","AMP1","","",0.243775683,,"",
"","100000007927297","AMP1","","",15.84533182,,"",
"","100000008011050","B4U1","","",2.422285714,,"",
"","100000008011270","B4U1","","",5.184,,"",
"","100000007956503","AMP1","","",67.01219819,,"",
"","100000007957529","AMP1","","",17.18208958,,"",
"","100000007957437","AMP1","","",101.1591542,,"",
"","100000007957465","AMP1","","",17.85481834,,"",
"","100000007957466","AMP1","","",46.35242936,,"",
"","100000007927717","AMP1","","",20.60108382,,"",
"","100000007929799","AMP1","","",1.647762594,,"",
"","100000008017187","B4U1","","",0.834,,"",
"","100000008017489","B4U1","","",0.936571429,,"",
"","100000007929756","AMP1","","",0.728387782,,"",
"","100000007930951","B4U1","","",7.950857143,,"",
"","100000007930854","B4U1","","",16.46357143,,"",
"","100000007930897","B4U1","","",9.459857143,,"",
"","100000007927863","AMP1","","",28.63281676,,"",
"","100000008017698","B4U1","","",0.936571429,,"",
"","100000008017966","B4U1","","",1.454,,"",
"","100000008016677","B4U1","","",1.454,,"",
"","100000008016917","B4U1","","",2.255714286,,"",
"","100000008017091","B4U1","","",2.255714286,,"",
"","100000008017388","B4U1","","",4.635285714,,"",
"","100000008017597","B4U1","","",4.307,,"",
"","100000008018048","B4U1","","",5.570571429,,"",
"","100000007932107","B4U1","","",0.026285714,,"",
"","100000007932018","B4U1","","",0.018285714,,"",
"","100000008017773","B4U1","","",18.90028571,,"",
"","100000008016646","B4U1","","",49.29371429,,"",
"","100000007927186","AMP1","","",45.02365658,,"",
"","100000007930679","AMP1","","",34.12837806,,"",
"","100000007927962","AMP1","","",38.56482811,,"",
"","100000007927925","AMP1","","",75.90939853,,"",
"","100000007932108","B4U1","","",0.013,,"",
"","100000007932038","B4U1","","",0.011142857,,"",
"","100000007932109","B4U1","","",0.014,,"",
"","100000007932075","B4U1","","",0.053142857,,"",
"","100000007932098","B4U1","","",0.069,,"",
"","100000007932000","B4U1","","",0.051142857,,"",
"","100000007932021","B4U1","","",0.030571429,,"",
"","100000007932603","B4U1","","",0.044,,"",
"","100000007932516","B4U1","","",0.016428571,,"",
"","100000007932388","B4U1","","",0.096,,"",
"","100000007932403","B4U1","","",0.131,,"",
"","100000007932361","B4U1","","",0.158142857,,"",
"","100000007927516","AMP1","","",49.96736083,,"",
"","100000008018047","B4U1","","",34.22985714,,"",
"","100000007927867","AMP1","","",44.60713529,,"",
"","100000007932223","B4U1","","",0.091285714,,"",
"","100000007932250","B4U1","","",0.095,,"",
"","100000007932268","B4U1","","",0.083428571,,"",
"","100000007932292","B4U1","","",0.040428571,,"",
"","100000007957182","AMP1","","",7.913638566,,"",
"","100000007932526","B4U1","","",0.037714286,,"",
"","100000007932546","B4U1","","",0.048142857,,"",
"","100000007932474","B4U1","","",0.017,,"",
"","100000008017978","B4U1","","",3.515714286,,"",
"","100000008016689","B4U1","","",4.446285714,,"",
"","100000008016925","B4U1","","",4.489285714,,"",
"","100000008017099","B4U1","","",5.733142857,,"",
"","100000008017399","B4U1","","",8.011142857,,"",
"","100000008018103","B4U1","","",19.02771429,,"",
"","100000008030517","B4U1","","",9.037285714,,"",
"","100000008029909","B4U1","","",6.310285714,,"",
"","100000008030448","B4U1","","",21.32285714,,"",
"","100000008026345","B4U1","","",3.903428571,,"",
"","100000007997602","B4U1","","",0.429571429,,"",
"","100000008011576","B4U1","","",3.718285714,,"",
"","100000008012371","B4U1","","",1.496571429,,"",
"","100000008011494","B4U1","","",0.543285714,,"",
"","100000008011770","B4U1","","",0.192857143,,"",
"","100000008030365","B4U1","","",5.093428571,,"",
"","100000008030223","B4U1","","",6.431428571,,"",
"","100000008010905","B4U1","","",0.691285714,,"",
"","100000008030610","B4U1","","",2.931428571,,"",
"","100000008029746","B4U1","","",2.931428571,,"",
"","100000008010077","B4U1","","",0.678857143,,"",
"","100000008010472","B4U1","","",0.833142857,,"",
"","100000008026414","B4U1","","",1.357714286,,"",
"","100000008018914","B4U1","","",0.108285714,,"",
"","100000008019163","B4U1","","",0.224428571,,"",
"","100000008019341","B4U1","","",0.416142857,,"",
"","100000008011174","B4U1","","",2.314285714,,"",
"","100000008011322","B4U1","","",2.569714286,,"",
"","100000008011577","B4U1","","",12.77485714,,"",
"","100000008012059","B4U1","","",2.113714286,,"",
"","100000008012372","B4U1","","",2.314285714,,"",
"","100000008011104","B4U1","","",2.758857143,,"",
"","100000008009716","B4U1","","",0.773,,"",
"","100000008009881","B4U1","","",0.294714286,,"",
"","100000008010127","B4U1","","",1.280571429,,"",
"","100000008010669","B4U1","","",1.697142857,,"",
"","100000008010045","B4U1","","",1.188,,"",
"","100000008010070","B4U1","","",0.709714286,,"",
"","100000008010314","B4U1","","",1.373142857,,"",
"","100000008010466","B4U1","","",0.709714286,,"",
"","100000008010685","B4U1","","",0.833142857,,"",
"","100000008010830","B4U1","","",0.833142857,,"",
"","100000008009992","B4U1","","",1.018285714,,"",
"","100000008010837","B4U1","","",0.833142857,,"",
"","100000008009999","B4U1","","",0.972,,"",
"","100000008009938","B4U1","","",2.468571429,,"",
"","100000008010203","B4U1","","",0.833142857,,"",
"","100000008010595","B4U1","","",0.941142857,,"",
"","100000008010961","B4U1","","",0.941142857,,"",
"","100000008010121","B4U1","","",1.234285714,,"",
"","100000008010517","B4U1","","",1.434857143,,"",
"","100000008018259","B4U1","","",0.365142857,,"",
"","100000007986036","B4U1","","",0.311857143,,"",
"","100000008012266","B4U1","","",3.409714286,,"",
"","100000008011248","B4U1","","",1.681714286,,"",
"","100000008010600","B4U1","","",1.851428571,,"",
"","100000008010761","B4U1","","",1.342285714,,"",
"","100000008010315","B4U1","","",1.373142857,,"",
"","100000008010569","B4U1","","",2.530285714,,"",
"","100000008009939","B4U1","","",2.916,,"",
"","100000008010342","B4U1","","",3.517714286,,"",
"","100000008010044","B4U1","","",0.118571429,,"",
"","100000008016424","B4U1","","",2.468571429,,"",
"","100000008016329","B4U1","","",2.453142857,,"",
"","100000007988589","B4U1","","",0.117714286,,"",
"","100000007988652","B4U1","","",0.138714286,,"",
"","100000007988692","B4U1","","",0.174857143,,"",
"","100000007988399","B4U1","","",0.203571429,,"",
"","100000007988451","B4U1","","",0.224,,"",
"","100000007987479","B4U1","","",1.120714286,,"",
"","100000007987255","B4U1","","",0.051,,"",
"","100000007992569","B4U1","","",0.061428571,,"",
"","100000007988166","B4U1","","",0.082285714,,"",
"","100000007933229","B4U1","","",0.114714286,,"",
"","100000008015025","B4U1","","",2.036571429,,"",
"","100000008015336","B4U1","","",2.036571429,,"",
"","100000008015236","B4U1","","",1.897714286,,"",
"","100000008015446","B4U1","","",2.530285714,,"",
"","100000008011698","B4U1","","",3.718285714,,"",
"","100000007988693","B4U1","","",0.282142857,,"",
"","100000007988548","B4U1","","",0.083571429,,"",
"","100000007988720","B4U1","","",0.07,,"",
"","100000007988547","B4U1","","",0.082857143,,"",
"","100000007987454","B4U1","","",0.039285714,,"",
"","100000007987613","B4U1","","",0.585571429,,"",
"","100000007987681","B4U1","","",0.837,,"",
"","100000007987793","B4U1","","",0.930714286,,"",
"","100000007988935","B4U1","","",0.038428571,,"",
"","100000007989050","B4U1","","",0.025,,"",
"","100000007989244","B4U1","","",0.041857143,,"",
"","100000007933630","B4U1","","",0.251142857,,"",
"","100000007933516","B4U1","","",0.309142857,,"",
"","100000007935239","B4U1","","",0.013285714,,"",
"","100000008018059","B4U1","","",18.55628571,,"",
"","100000008016155","B4U1","","",15.79642857,,"",
"","100000008011895","B4U1","","",4.150285714,,"",
"","100000008012216","B4U1","","",3.718285714,,"",
"","100000008011422","B4U1","","",1.851428571,,"",
"","100000008011600","B4U1","","",2.005714286,,"",
"","100000007986379","B4U1","","",0.421,,"",
"","100000007988609","B4U1","","",0.102285714,,"",
"","100000007988716","B4U1","","",0.112571429,,"",
"","100000007988101","B4U1","","",1.007571429,,"",
"","100000007988175","B4U1","","",1.264428571,,"",
"","100000007988287","B4U1","","",1.607428571,,"",
"","100000007994468","B4U1","","",0.588285714,,"",
"","100000007935267","B4U1","","",0.030857143,,"",
"","100000008016652","B4U1","","",5.061285714,,"",
"","100000008016892","B4U1","","",5.184714286,,"",
"","100000008013322","B4U1","","",22.31385714,,"",
"","100000008013041","B4U1","","",2.413571429,,"",
"","100000008013121","B4U1","","",2.425,,"",
"","100000007994439","B4U1","","",0.451,,"",
"","100000007994703","B4U1","","",1.666142857,,"",
"","100000007994791","B4U1","","",1.791714286,,"",
"","100000007935287","B4U1","","",0.045857143,,"",
"","100000007935301","B4U1","","",0.038142857,,"",
"","100000007935246","B4U1","","",0.059571429,,"",
"","100000007941358","AMP1","","",236.7602188,,"",
"","100000007955000","AMP1","","",0.216321394,,"",
"","100000007955014","AMP1","","",0.274644651,,"",
"","100000007955035","AMP1","","",0.504301192,,"",
"","100000007955244","AMP1","","",1.904807772,,"",
"","100000007955204","AMP1","","",0.331708069,,"",
"","100000007955235","AMP1","","",0.578131757,,"",
"","100000007955256","AMP1","","",0.646497639,,"",
"","100000007955268","AMP1","","",0.644930733,,"",
"","100000007955206","AMP1","","",0.619280738,,"",
"","100000007955515","B4U1","","",0.226,,"",
"","100000007955541","B4U1","","",0.272142857,,"",
"","100000007953785","B4U1","","",1.208857143,,"",
"","100000007953443","B4U1","","",2.533857143,,"",
"","100000007953597","B4U1","","",0.097714286,,"",
"","100000007953620","B4U1","","",0.180428571,,"",
"","100000007956403","B4U1","","",0.022857143,,"",
"","100000007956395","B4U1","","",0.054857143,,"",
"","100000007956777","B4U1","","",0.024285714,,"",
"","100000007957470","B4U1","","",0.069428571,,"",
"","100000007957564","AMP1","","",14.17541399,,"",
"","100000007957606","AMP1","","",62.30817556,,"",
"","100000007957637","AMP1","","",16.68496333,,"",
"","100000007957801","AMP1","","",167.7344794,,"",
"","100000007954934","AMP1","","",0.388199387,,"",
"","100000007954954","AMP1","","",0.460596427,,"",
"","100000007954969","AMP1","","",0.46028029,,"",
"","100000007954993","AMP1","","",0.504039823,,"",
"","100000007955041","AMP1","","",0.465185202,,"",
"","100000007954950","AMP1","","",0.542470689,,"",
"","100000007955216","AMP1","","",1.64863036,,"",
"","100000007955237","AMP1","","",1.085860298,,"",
"","100000007955163","AMP1","","",1.046067479,,"",
"","100000007955049","AMP1","","",0.314776251,,"",
"","100000007955063","AMP1","","",0.683830223,,"",
"","100000007955070","AMP1","","",0.292141117,,"",
"","100000007955944","B4U1","","",0.400142857,,"",
"","100000007956812","B4U1","","",0.026285714,,"",
"","100000007956711","B4U1","","",0.080142857,,"",
"","100000007956726","B4U1","","",0.032714286,,"",
"","100000007957523","B4U1","","",0.064,,"",
"","100000007957431","B4U1","","",0.079714286,,"",
"","100000007957051","B4U1","","",0.074,,"",
"","100000007957067","B4U1","","",0.094571429,,"",
"","100000007957095","B4U1","","",0.092714286,,"",
"","100000007957108","B4U1","","",0.106285714,,"",
"","100000007956998","B4U1","","",0.122285714,,"",
"","100000007957650","AMP1","","",10.04913748,,"",
"","100000007957598","AMP1","","",6.82067337,,"",
"","100000007957280","B4U1","","",0.061857143,,"",
"","100000007957311","B4U1","","",0.067428571,,"",
"","100000007957348","B4U1","","",0.074714286,,"",
"","100000007957394","B4U1","","",0.079428571,,"",
"","100000007957268","B4U1","","",0.087571429,,"",
"","100000007957328","B4U1","","",0.081857143,,"",
"","100000007957618","B4U1","","",0.023428571,,"",
"","100000007957715","B4U1","","",0.089142857,,"",
"","100000007959369","B4U1","","",0.045857143,,"",
"","100000007959411","B4U1","","",0.060571429,,"",
"","100000007959145","B4U1","","",0.076142857,,"",
"","100000007959197","B4U1","","",0.090714286,,"",
"","100000007959250","B4U1","","",0.079714286,,"",
"","100000007932192","B4U1","","",0.053428571,,"",
"","100000007932206","B4U1","","",0.042428571,,"",
"","100000007939487","AMP1","","",98.33378348,,"",
"","100000007939387","AMP1","","",98.80204943,,"",
"","100000007957084","B4U1","","",0.294571429,,"",
"","100000007957579","B4U1","","",0.034285714,,"",
"","100000007957714","B4U1","","",0.145142857,,"",
"","100000007957751","B4U1","","",0.136285714,,"",
"","100000007959324","B4U1","","",0.117571429,,"",
"","100000007959370","B4U1","","",0.132571429,,"",
"","100000007958900","B4U1","","",0.044142857,,"",
"","100000007932114","B4U1","","",0.092571429,,"",
"","100000007957081","AMP1","","",13.5926748,,"",
"","100000007939477","AMP1","","",118.775903,,"",
"","100000007939428","AMP1","","",185.4193912,,"",
"","100000007940376","AMP1","","",425.5736117,,"",
"","100000007939926","AMP1","","",126.0035537,,"",
"","100000007939878","AMP1","","",250.3167492,,"",
"","100000007939966","AMP1","","",98.59548582,,"",
"","100000007940037","AMP1","","",74.18164153,,"",
"","100000007940069","AMP1","","",103.5284226,,"",
"","100000007958549","B4U1","","",0.062857143,,"",
"","100000007958623","B4U1","","",0.072571429,,"",
"","100000007954761","B4U1","","",8.027,,"",
"","100000007954542","B4U1","","",0.067,,"",
"","100000007954632","B4U1","","",0.109,,"",
"","100000007955361","B4U1","","",0.204571429,,"",
"","100000007955286","B4U1","","",0.243571429,,"",
"","100000007955350","B4U1","","",0.088714286,,"",
"","100000007955270","B4U1","","",0.058142857,,"",
"","100000007953160","B4U1","","",0.549285714,,"",
"","100000007939370","AMP1","","",97.70338455,,"",
"","100000007939414","AMP1","","",131.1547347,,"",
"","100000007938229","AMP1","","",122.7610734,,"",
"","100000007938131","AMP1","","",67.93154819,,"",
"","100000007938514","AMP1","","",64.21956421,,"",
"","100000007938311","AMP1","","",83.06414801,,"",
"","100000007939989","AMP1","","",138.1794619,,"",
"","100000007939968","AMP1","","",65.71918815,,"",
"","100000007937598","AMP1","","",32.26890279,,"",
"","100000007954714","B4U1","","",0.214,,"",
"","100000007954753","B4U1","","",0.283285714,,"",
"","100000007954774","B4U1","","",0.253857143,,"",
"","100000007954715","B4U1","","",0.337,,"",
"","100000007954731","B4U1","","",0.406285714,,"",
"","100000007954532","B4U1","","",0.036285714,,"",
"","100000007955326","B4U1","","",0.033571429,,"",
"","100000007955264","B4U1","","",0.463,,"",
"","100000007956351","B4U1","","",0.120714286,,"",
"","100000007956065","B4U1","","",0.131,,"",
"","100000007956137","B4U1","","",0.125285714,,"",
"","100000007956185","B4U1","","",0.155571429,,"",
"","100000007956260","B4U1","","",0.171857143,,"",
"","100000007956307","B4U1","","",0.194428571,,"",
"","100000007956010","B4U1","","",0.209,,"",
"","100000007956045","B4U1","","",0.223714286,,"",
"","100000007953178","B4U1","","",0.787428571,,"",
"","100000007953209","B4U1","","",0.837428571,,"",
"","100000007955907","AMP1","","",20.40305928,,"",
"","100000007957033","AMP1","","",6.078387281,,"",
"","100000007957048","AMP1","","",16.06487933,,"",
"","100000007957056","AMP1","","",116.6226934,,"",
"","100000007957064","AMP1","","",6.267553128,,"",
"","100000007938367","AMP1","","",90.74753273,,"",
"","100000007939184","AMP1","","",117.8958232,,"",
"","100000007939081","AMP1","","",208.4931527,,"",
"","100000007938885","AMP1","","",105.054329,,"",
"","100000007958374","B4U1","","",0.030285714,,"",
"","100000007953717","B4U1","","",0.068857143,,"",
"","100000007953399","B4U1","","",3.406,,"",
"","100000007953406","B4U1","","",6.018428571,,"",
"","100000007953427","B4U1","","",0.166857143,,"",
"","100000007953645","B4U1","","",0.184571429,,"",
"","100000007953667","B4U1","","",0.243142857,,"",
"","100000007953598","B4U1","","",0.279285714,,"",
"","100000007953472","B4U1","","",0.092428571,,"",
"","100000007954349","B4U1","","",0.29,,"",
"","100000007954258","B4U1","","",0.366428571,,"",
"","100000007954336","B4U1","","",0.456285714,,"",
"","100000007954351","B4U1","","",0.525142857,,"",
"","100000007954202","B4U1","","",2.339571429,,"",
"","100000007954227","B4U1","","",2.491857143,,"",
"","100000007954111","B4U1","","",3.133571429,,"",
"","100000007954930","B4U1","","",0.990428571,,"",
"","100000007955957","AMP1","","",17.50726717,,"",
"","100000007955790","AMP1","","",145.795757,,"",
"","100000007955805","AMP1","","",17.16069515,,"",
"","100000007955822","AMP1","","",7.899414225,,"",
"","100000007955846","AMP1","","",11.8711216,,"",
"","100000007955866","AMP1","","",11.39489664,,"",
"","100000007955101","AMP1","","",0.345167441,,"",
"","100000007938881","AMP1","","",116.6993519,,"",
"","100000007938891","AMP1","","",103.3111161,,"",
"","100000007953740","B4U1","","",0.097,,"",
"","100000007953765","B4U1","","",0.080285714,,"",
"","100000007953776","B4U1","","",0.048428571,,"",
"","100000007953801","B4U1","","",0.100142857,,"",
"","100000007953832","B4U1","","",0.125571429,,"",
"","100000007953734","B4U1","","",0.151857143,,"",
"","100000007953357","B4U1","","",0.193571429,,"",
"","100000007953335","B4U1","","",0.218428571,,"",
"","100000007953349","B4U1","","",0.192142857,,"",
"","100000007953343","B4U1","","",0.115285714,,"",
"","100000007953626","B4U1","","",0.25,,"",
"","100000007953655","B4U1","","",0.243714286,,"",
"","100000007953669","B4U1","","",0.331,,"",
"","100000007953697","B4U1","","",0.300714286,,"",
"","100000007953600","B4U1","","",0.400714286,,"",
"","100000007953453","B4U1","","",0.089857143,,"",
"","100000007953560","B4U1","","",0.736857143,,"",
"","100000007954296","B4U1","","",0.686285714,,"",
"","100000007953952","B4U1","","",2.034571429,,"",
"","100000007955958","AMP1","","",27.58066771,,"",
"","100000007955734","AMP1","","",915.5792234,,"",
"","100000007955743","AMP1","","",5.639673658,,"",
"","100000007955736","AMP1","","",649.9448539,,"",
"","100000007935606","AMP1","","",32.5113156,,"",
"","100000007935538","AMP1","","",40.66117451,,"",
"","100000007945090","B4U1","","",0.307428571,,"",
"","100000007945122","B4U1","","",0.373857143,,"",
"","100000007945170","B4U1","","",0.343,,"",
"","100000007945196","B4U1","","",0.389857143,,"",
"","100000007945214","B4U1","","",0.476,,"",
"","100000007944076","B4U1","","",0.434857143,,"",
"","100000007947610","B4U1","","",0.231285714,,"",
"","100000007944856","B4U1","","",2.798428571,,"",
"","100000007946563","B4U1","","",0.188857143,,"",
"","100000007946587","B4U1","","",0.658571429,,"",
"","100000007946604","B4U1","","",0.887857143,,"",
"","100000007946498","B4U1","","",0.959,,"",
"","100000007946538","B4U1","","",1.067428571,,"",
"","100000007962120","B4U1","","",0.059714286,,"",
"","100000007937449","AMP1","","",5.59063895,,"",
"","100000007935481","AMP1","","",9.432620218,,"",
"","100000007935526","AMP1","","",36.49744829,,"",
"","100000007935589","AMP1","","",33.55192427,,"",
"","100000007935514","AMP1","","",35.19773906,,"",
"","100000007971296","B4U1","","",0.032857143,,"",
"","100000007971354","B4U1","","",0.049857143,,"",
"","100000007971378","B4U1","","",0.026714286,,"",
"","100000007963870","B4U1","","",0.051857143,,"",
"","100000007964131","B4U1","","",0.054,,"",
"","100000007963799","B4U1","","",0.027142857,,"",
"","100000007964013","B4U1","","",0.038428571,,"",
"","100000007944004","B4U1","","",1.071142857,,"",
"","100000007944025","B4U1","","",1.263857143,,"",
"","100000007945087","B4U1","","",0.579285714,,"",
"","100000007946026","B4U1","","",0.980428571,,"",
"","100000007945562","B4U1","","",1.199285714,,"",
"","100000007945587","B4U1","","",1.412571429,,"",
"","100000007945603","B4U1","","",1.358285714,,"",
"","100000007945626","B4U1","","",1.553428571,,"",
"","100000007945641","B4U1","","",1.703142857,,"",
"","100000007945538","B4U1","","",1.862,,"",
"","100000007944618","B4U1","","",5.500714286,,"",
"","100000007946530","B4U1","","",1.790285714,,"",
"","100000007946547","B4U1","","",2.373571429,,"",
"","100000007946475","B4U1","","",2.540142857,,"",
"","100000007946478","B4U1","","",2.87,,"",
"","100000007968107","B4U1","","",0.014571429,,"",
"","100000007970433","B4U1","","",0.018857143,,"",
"","100000007970195","B4U1","","",0.016714286,,"",
"","100000007966683","B4U1","","",0.148571429,,"",
"","100000007962245","B4U1","","",0.100857143,,"",
"","100000007962295","B4U1","","",0.121714286,,"",
"","100000007962371","B4U1","","",0.194714286,,"",
"","100000007962414","B4U1","","",0.142142857,,"",
"","100000007962482","B4U1","","",0.177142857,,"",
"","100000007935201","AMP1","","",35.66001564,,"",
"","100000007961028","B4U1","","",0.222142857,,"",
"","100000007943967","B4U1","","",1.406428571,,"",
"","100000007943981","B4U1","","",1.635571429,,"",
"","100000007944041","B4U1","","",1.989142857,,"",
"","100000007943945","B4U1","","",1.910714286,,"",
"","100000007943961","B4U1","","",2.070571429,,"",
"","100000007947147","B4U1","","",0.698714286,,"",
"","100000007945556","B4U1","","",2.034285714,,"",
"","100000007945573","B4U1","","",2.347428571,,"",
"","100000007945606","B4U1","","",2.374142857,,"",
"","100000007945631","B4U1","","",2.782142857,,"",
"","100000007945646","B4U1","","",2.957428571,,"",
"","100000007945542","B4U1","","",3.305142857,,"",
"","100000007945557","B4U1","","",4.281142857,,"",
"","100000007945599","B4U1","","",3.868857143,,"",
"","100000007944525","B4U1","","",0.305428571,,"",
"","100000007944547","B4U1","","",0.412428571,,"",
"","100000007944566","B4U1","","",0.297142857,,"",
"","100000007944579","B4U1","","",0.442571429,,"",
"","100000007944599","B4U1","","",0.478428571,,"",
"","100000007944531","B4U1","","",0.573142857,,"",
"","100000007944550","B4U1","","",0.458285714,,"",
"","100000007944563","B4U1","","",0.821,,"",
"","100000007944585","B4U1","","",0.647285714,,"",
"","100000007946543","B4U1","","",3.293714286,,"",
"","100000007946559","B4U1","","",2.479714286,,"",
"","100000007970409","B4U1","","",0.023285714,,"",
"","100000007970481","B4U1","","",0.026714286,,"",
"","100000007970170","B4U1","","",0.026428571,,"",
"","100000007970239","B4U1","","",0.015142857,,"",
"","100000007970145","B4U1","","",0.020285714,,"",
"","100000007969214","B4U1","","",0.007857143,,"",
"","100000007969215","B4U1","","",0.016,,"",
"","100000007967297","B4U1","","",0.150714286,,"",
"","100000007969069","B4U1","","",0.020571429,,"",
"","100000007968850","B4U1","","",0.012428571,,"",
"","100000007969094","B4U1","","",0.014285714,,"",
"","100000007968559","B4U1","","",0.014714286,,"",
"","100000007968682","B4U1","","",0.075571429,,"",
"","100000007968727","B4U1","","",0.065714286,,"",
"","100000007930776","AMP1","","",10.88471492,,"",
"","100000007930851","AMP1","","",0.221069264,,"",
"","100000007930903","AMP1","","",0.358741657,,"",
"","100000007930932","AMP1","","",0.281187466,,"",
"","100000007934653","AMP1","","",98.37068804,,"",
"","100000007934686","AMP1","","",102.8000164,,"",
"","100000007934621","AMP1","","",158.6076477,,"",
"","100000007934680","AMP1","","",263.9889751,,"",
"","100000007934585","AMP1","","",345.0824674,,"",
"","100000007965269","B4U1","","",0.022,,"",
"","100000007960776","B4U1","","",0.384714286,,"",
"","100000007961769","B4U1","","",0.557,,"",
"","100000007967489","B4U1","","",0.040571429,,"",
"","100000007944006","B4U1","","",2.418857143,,"",
"","100000007943923","B4U1","","",0.222428571,,"",
"","100000007943933","B4U1","","",0.269714286,,"",
"","100000007944242","B4U1","","",0.070285714,,"",
"","100000007944258","B4U1","","",0.311714286,,"",
"","100000007946759","B4U1","","",1.356428571,,"",
"","100000007946627","B4U1","","",1.347714286,,"",
"","100000007946951","B4U1","","",1.572571429,,"",
"","100000007946980","B4U1","","",1.369857143,,"",
"","100000007944597","B4U1","","",0.771142857,,"",
"","100000007945919","B4U1","","",0.538,,"",
"","100000007945827","B4U1","","",0.571142857,,"",
"","100000007945778","B4U1","","",0.807857143,,"",
"","100000007945682","B4U1","","",0.577,,"",
"","100000007943643","B4U1","","",0.090428571,,"",
"","100000007943682","B4U1","","",0.090428571,,"",
"","100000007943735","B4U1","","",0.178857143,,"",
"","100000007973096","B4U1","","",0.071142857,,"",
"","100000007972008","B4U1","","",0.057571429,,"",
"","100000007972035","B4U1","","",0.030714286,,"",
"","100000007972121","B4U1","","",0.082,,"",
"","100000007972036","B4U1","","",0.043857143,,"",
"","100000007970087","B4U1","","",0.015714286,,"",
"","100000007970041","B4U1","","",0.013428571,,"",
"","100000007969546","B4U1","","",0.010714286,,"",
"","100000007969621","B4U1","","",0.011428571,,"",
"","100000007969707","B4U1","","",0.011857143,,"",
"","100000007969763","B4U1","","",0.013571429,,"",
"","100000007969857","B4U1","","",0.014142857,,"",
"","100000007969526","B4U1","","",0.019428571,,"",
"","100000007969593","B4U1","","",0.016571429,,"",
"","100000007969736","B4U1","","",0.023285714,,"",
"","100000007968946","B4U1","","",0.059285714,,"",
"","100000007969117","B4U1","","",0.033285714,,"",
"","100000007968851","B4U1","","",0.048571429,,"",
"","100000007968973","B4U1","","",0.036857143,,"",
"","100000007968467","B4U1","","",0.016,,"",
"","100000007968683","B4U1","","",0.038285714,,"",
"","100000007968749","B4U1","","",0.029571429,,"",
"","100000007968791","B4U1","","",0.033142857,,"",
"","100000007968240","B4U1","","",0.070714286,,"",
"","100000007968282","B4U1","","",0.089571429,,"",
"","100000007968348","B4U1","","",0.098714286,,"",
"","100000007930762","AMP1","","",0.019974569,,"",
"","100000007930777","AMP1","","",0.034910805,,"",
"","100000007930723","AMP1","","",0.009325382,,"",
"","100000007934094","AMP1","","",0.610826229,,"",
"","100000007934701","AMP1","","",196.4185125,,"",
"","100000007934862","AMP1","","",137.1930658,,"",
"","100000007936542","AMP1","","",23.21546736,,"",
"","100000007966914","B4U1","","",0.046857143,,"",
"","100000007945405","B4U1","","",4.005428571,,"",
"","100000007944201","B4U1","","",0.480285714,,"",
"","100000007944268","B4U1","","",0.614142857,,"",
"","100000007945709","B4U1","","",0.508857143,,"",
"","100000007945728","B4U1","","",0.639142857,,"",
"","100000007945751","B4U1","","",0.719,,"",
"","100000007945770","B4U1","","",0.830428571,,"",
"","100000007945647","B4U1","","",0.777428571,,"",
"","100000007945692","B4U1","","",0.919,,"",
"","100000007945717","B4U1","","",0.987857143,,"",
"","100000007945745","B4U1","","",1.174571429,,"",
"","100000007945694","B4U1","","",0.973571429,,"",
"","100000007943650","B4U1","","",0.262285714,,"",
"","100000007944783","B4U1","","",3.771571429,,"",
"","100000007944754","B4U1","","",0.141285714,,"",
"","100000007944664","B4U1","","",0.199,,"",
"","100000007944681","B4U1","","",0.173142857,,"",
"","100000007972155","B4U1","","",0.040571429,,"",
"","100000007971944","B4U1","","",0.06,,"",
"","100000007971982","B4U1","","",0.122,,"",
"","100000007972022","B4U1","","",0.065142857,,"",
"","100000007972139","B4U1","","",0.128857143,,"",
"","100000007972009","B4U1","","",0.053142857,,"",
"","100000007962835","B4U1","","",0.171142857,,"",
"","100000007969570","B4U1","","",0.013285714,,"",
"","100000007969652","B4U1","","",0.014857143,,"",
"","100000007969708","B4U1","","",0.016571429,,"",
"","100000007969797","B4U1","","",0.019142857,,"",
"","100000007969858","B4U1","","",0.025428571,,"",
"","100000007969952","B4U1","","",0.020428571,,"",
"","100000007969547","B4U1","","",0.026428571,,"",
"","100000007969679","B4U1","","",0.035142857,,"",
"","100000007970629","B4U1","","",0.044285714,,"",
"","100000007970708","B4U1","","",0.084142857,,"",
"","100000007970760","B4U1","","",0.073285714,,"",
"","100000007970553","B4U1","","",0.073714286,,"",
"","100000007968447","B4U1","","",0.057428571,,"",
"","100000007968305","B4U1","","",0.066,,"",
"","100000007933462","AMP1","","",0.171647014,,"",
"","100000007963250","B4U1","","",0.041571429,,"",
"","100000007963418","B4U1","","",0.056857143,,"",
"","100000007963543","B4U1","","",0.052285714,,"",
"","100000007963256","B4U1","","",0.066857143,,"",
"","100000007966975","B4U1","","",0.052571429,,"",
"","100000007967016","B4U1","","",0.089285714,,"",
"","100000007967073","B4U1","","",0.046428571,,"",
"","100000007967109","B4U1","","",0.107,,"",
"","100000007966952","B4U1","","",0.042,,"",
"","100000007966955","B4U1","","",0.041428571,,"",
"","100000007969980","B4U1","","",0.008,,"",
"","100000007970014","B4U1","","",0.008714286,,"",
"","100000007970051","B4U1","","",0.011285714,,"",
"","100000007970106","B4U1","","",0.029428571,,"",
"","100000007970127","B4U1","","",0.013714286,,"",
"","100000007944289","B4U1","","",0.690428571,,"",
"","100000007945119","B4U1","","",0.527285714,,"",
"","100000007945968","B4U1","","",0.611285714,,"",
"","100000007945989","B4U1","","",0.671142857,,"",
"","100000007946003","B4U1","","",0.749,,"",
"","100000007945949","B4U1","","",0.269714286,,"",
"","100000007945964","B4U1","","",0.896428571,,"",
"","100000007945983","B4U1","","",1.101428571,,"",
"","100000007946988","B4U1","","",1.007857143,,"",
"","100000007944189","B4U1","","",1.927857143,,"",
"","100000007944063","B4U1","","",2.208142857,,"",
"","100000007944092","B4U1","","",3.038142857,,"",
"","100000007944112","B4U1","","",2.876857143,,"",
"","100000007944143","B4U1","","",3.134714286,,"",
"","100000007945718","B4U1","","",1.672857143,,"",
"","100000007944722","B4U1","","",0.140428571,,"",
"","100000007944746","B4U1","","",0.237,,"",
"","100000007944658","B4U1","","",0.299,,"",
"","100000007944684","B4U1","","",0.235857143,,"",
"","100000007944699","B4U1","","",0.299,,"",
"","100000007944724","B4U1","","",0.35,,"",
"","100000007944673","B4U1","","",0.119714286,,"",
"","100000007972122","B4U1","","",0.115,,"",
"","100000007970735","B4U1","","",0.048,,"",
"","100000007933376","AMP1","","",0.190144106,,"",
"","100000007931017","AMP1","","",0.403668111,,"",
"","100000007931039","AMP1","","",0.394194044,,"",
"","100000007930978","AMP1","","",0.199259117,,"",
"","100000007936732","AMP1","","",52.08452711,,"",
"","100000007930766","AMP1","","",0.279185516,,"",
"","100000007963299","B4U1","","",0.088,,"",
"","100000007963398","B4U1","","",0.11,,"",
"","100000007966917","B4U1","","",0.342714286,,"",
"","100000007966956","B4U1","","",0.124571429,,"",
"","100000007967182","B4U1","","",0.301714286,,"",
"","100000007970094","B4U1","","",0.008,,"",
"","100000007946448","B4U1","","",1.252428571,,"",
"","100000007946016","B4U1","","",1.200285714,,"",
"","100000007946038","B4U1","","",1.266285714,,"",
"","100000007945942","B4U1","","",1.637571429,,"",
"","100000007945978","B4U1","","",1.382857143,,"",
"","100000007945937","B4U1","","",0.064571429,,"",
"","100000007946583","B4U1","","",3.750857143,,"",
"","100000007946599","B4U1","","",3.966714286,,"",
"","100000007946495","B4U1","","",4.586428571,,"",
"","100000007946520","B4U1","","",4.914428571,,"",
"","100000007946534","B4U1","","",5.903714286,,"",
"","100000007946575","B4U1","","",6.661285714,,"",
"","100000007946485","B4U1","","",7.024571429,,"",
"","100000007959743","B4U1","","",0.065285714,,"",
"","100000007966308","B4U1","","",0.060142857,,"",
"","100000007934768","AMP1","","",10.14482737,,"",
"","100000007934736","AMP1","","",5.811679895,,"",
"","100000007934728","AMP1","","",5.93463322,,"",
"","100000007934729","AMP1","","",7.318720412,,"",
"","100000007935574","AMP1","","",35.19773906,,"",
"","100000007935213","AMP1","","",33.43990501,,"",
"","100000007935138","AMP1","","",35.19773906,,"",
"","100000007935165","AMP1","","",9.159963624,,"",
"","100000007963655","B4U1","","",0.022285714,,"",
"","100000007946257","B4U1","","",1.619428571,,"",
"","100000007943999","B4U1","","",0.128714286,,"",
"","100000007944013","B4U1","","",0.168571429,,"",
"","100000007944036","B4U1","","",0.127142857,,"",
"","100000007943938","B4U1","","",0.168285714,,"",
"","100000007945969","B4U1","","",0.091714286,,"",
"","100000007945991","B4U1","","",0.074857143,,"",
"","100000007945639","B4U1","","",5.220571429,,"",
"","100000007945567","B4U1","","",0.139285714,,"",
"","100000007945581","B4U1","","",0.188,,"",
"","100000007945607","B4U1","","",0.160285714,,"",
"","100000007945529","B4U1","","",0.214,,"",
"","100000007945544","B4U1","","",0.251857143,,"",
"","100000007945568","B4U1","","",0.285142857,,"",
"","100000007945582","B4U1","","",0.250571429,,"",
"","100000007969368","FOS1","","",0.072725644,,"",
"","100000007969482","FOS1","","",0.093668068,,"",
"","100000007918882","FHS1","","",18.3745,,"",
"","100000007918892","FHS1","","",8.8208,,"",
"","100000007918770","FHS1","","",9.4234,,"",
"","100000007920990","FHS1","","",22.2991,,"",
"","100000007921002","FHS1","","",24.8028,,"",
"","100000007921013","FHS1","","",0.6025,,"",
"","100000007920592","FHS1","","",10.3085,,"",
"","100000007920666","FHS1","","",10.3085,,"",
"","100000007920593","FHS1","","",21.2947,,"",
"","100000007919664","FHS1","","",48.1596,,"",
"","100000007919682","FHS1","","",10.9809,,"",
"","100000007919712","FHS1","","",9.5109,,"",
"","100000007919628","FHS1","","",11.9026,,"",
"","100000007918932","FHS1","","",5.5313,,"",
"","100000007919045","FHS1","","",42.5506,,"",
"","100000007918911","FHS1","","",1.8992,,"",
"","100000007918924","FHS1","","",1.9723,,"",
"","100000007921191","FHS1","","",7.9642,,"",
"","100000007921241","FHS1","","",5.7898,,"",
"","100000007921273","FHS1","","",11.8894,,"",
"","100000007976643","FOS1","","",0.0890598,,"",
"","100000007976664","FOS1","","",0.107211582,,"",
"","100000007976665","FOS1","","",0.113665831,,"",
"","100000007976733","FOS1","","",0.093424112,,"",
"","100000007976826","FOS1","","",0.15089025,,"",
"","100000007976929","FOS1","","",0.075953027,,"",
"","100000007976337","FOS1","","",0.159025944,,"",
"","100000007976410","FOS1","","",0.228821256,,"",
"","100000007976530","FOS1","","",0.124469539,,"",
"","100000007976575","FOS1","","",0.124202056,,"",
"","100000007979051","FOS1","","",0.069260582,,"",
"","100000007979090","FOS1","","",0.086389851,,"",
"","100000007979114","FOS1","","",0.040511678,,"",
"","100000007969212","FOS1","","",0.189651277,,"",
"","100000007969252","FOS1","","",0.102764093,,"",
"","100000007969350","FOS1","","",0.044223808,,"",
"","100000007918804","FHS1","","",9.4602,,"",
"","100000007918811","FHS1","","",9.7977,,"",
"","100000007918883","FHS1","","",15.5819,,"",
"","100000007922009","FHS1","","",143.3962,,"",
"","100000007921937","FHS1","","",72.5472,,"",
"","100000007921977","FHS1","","",26.7925,,"",
"","100000007922001","FHS1","","",25.8364,,"",
"","100000007922017","FHS1","","",27.0221,,"",
"","100000007921939","FHS1","","",30.063,,"",
"","100000007921955","FHS1","","",38.8409,,"",
"","100000007920654","FHS1","","",7.7894,,"",
"","100000007920661","FHS1","","",10.1698,,"",
"","100000007920685","FHS1","","",12.6411,,"",
"","100000007919590","FHS1","","",246.734,,"",
"","100000007919614","FHS1","","",17.6436,,"",
"","100000007920392","FHS1","","",20.4632,,"",
"","100000007919071","FHS1","","",30.3011,,"",
"","100000007919103","FHS1","","",1.7894,,"",
"","100000007919109","FHS1","","",29.106,,"",
"","100000007918636","FHS1","","",8.9617,,"",
"","100000007919395","FHS1","","",41.0264,,"",
"","100000007918617","FHS1","","",7.4613,,"",
"","100000007918552","FHS1","","",7.5457,,"",
"","100000007918568","FHS1","","",7.4613,,"",
"","100000007918605","FHS1","","",7.6851,,"",
"","100000007918593","FHS1","","",7.3079,,"",
"","100000007918626","FHS1","","",7.3079,,"",
"","100000007918570","FHS1","","",7.3079,,"",
"","100000007918794","FHS1","","",7.0951,,"",
"","100000007976644","FOS1","","",0.074992317,,"",
"","100000007976685","FOS1","","",0.138063658,,"",
"","100000007982554","FOS1","","",0.148922926,,"",
"","100000007982603","FOS1","","",0.142378478,,"",
"","100000007982731","FOS1","","",0.156201999,,"",
"","100000007982986","FOS1","","",0.109276203,,"",
"","100000007982884","FOS1","","",0.06861744,,"",
"","100000007968324","FOS1","","",0.04734614,,"",
"","100000007968373","FOS1","","",0.072030942,,"",
"","100000007968446","FOS1","","",0.06109214,,"",
"","100000007968128","FOS1","","",0.011884897,,"",
"","100000007968106","FOS1","","",0.034843878,,"",
"","100000007968219","FOS1","","",0.013055275,,"",
"","100000007968284","FOS1","","",0.056783871,,"",
"","100000007968401","FOS1","","",0.071894823,,"",
"","100000007976251","FOS1","","",0.08839061,,"",
"","100000007976000","FOS1","","",0.067518803,,"",
"","100000007918795","FHS1","","",11.1542,,"",
"","100000007921558","FHS1","","",20.4623,,"",
"","100000007921574","FHS1","","",21.924,,"",
"","100000007921592","FHS1","","",23.8226,,"",
"","100000007921498","FHS1","","",31.133,,"",
"","100000007920497","FHS1","","",8.9206,,"",
"","100000007920574","FHS1","","",8.2642,,"",
"","100000007920394","FHS1","","",7.3585,,"",
"","100000007920015","FHS1","","",27.6194,,"",
"","100000007920069","FHS1","","",28.9915,,"",
"","100000007919931","FHS1","","",28.8687,,"",
"","100000007919973","FHS1","","",24.3208,,"",
"","100000007919024","FHS1","","",24.2255,,"",
"","100000007919878","FHS1","","",9.793,,"",
"","100000007919888","FHS1","","",10.9057,,"",
"","100000007919889","FHS1","","",9.2525,,"",
"","100000007919415","FHS1","","",45.0632,,"",
"","100000007919433","FHS1","","",47.0089,,"",
"","100000007919455","FHS1","","",35.844,,"",
"","100000007918818","FHS1","","",11.1557,,"",
"","100000007918864","FHS1","","",72.1555,,"",
"","100000007918784","FHS1","","",8.8685,,"",
"","100000007918803","FHS1","","",8.8768,,"",
"","100000007981961","FOS1","","",0.120541297,,"",
"","100000007982820","FOS1","","",0.094438328,,"",
"","100000007982848","FOS1","","",0.104202638,,"",
"","100000007968107","FOS1","","",0.045177122,,"",
"","100000007970433","FOS1","","",0.098512745,,"",
"","100000007969214","FOS1","","",0.02818046,,"",
"","100000007972045","FOS1","","",0.035168465,,"",
"","100000007919310","FHS1","","",27.0321,,"",
"","100000007919172","FHS1","","",13.9164,,"",
"","100000007918730","FHS1","","",16.0151,,"",
"","100000007921598","FHS1","","",97.3987,,"",
"","100000007921511","FHS1","","",205.4132,,"",
"","100000007920498","FHS1","","",20.7096,,"",
"","100000007920415","FHS1","","",8.2064,,"",
"","100000007920442","FHS1","","",11.3611,,"",
"","100000007920008","FHS1","","",11.93,,"",
"","100000007920418","FHS1","","",10.2713,,"",
"","100000007920413","FHS1","","",16.2723,,"",
"","100000007921401","FHS1","","",13.207,,"",
"","100000007921424","FHS1","","",14.0372,,"",
"","100000007919723","FHS1","","",8.7432,,"",
"","100000007919759","FHS1","","",9.4579,,"",
"","100000007919781","FHS1","","",11.4643,,"",
"","100000007919829","FHS1","","",30.7066,,"",
"","100000007919853","FHS1","","",11.3455,,"",
"","100000007919379","FHS1","","",43.1349,,"",
"","100000007919441","FHS1","","",72.6147,,"",
"","100000007919736","FHS1","","",7.8657,,"",
"","100000007919458","FHS1","","",31.8328,,"",
"","100000007970051","FOS1","","",0.034263244,,"",
"","100000007970106","FOS1","","",0.092525669,,"",
"","100000007970127","FOS1","","",0.034807548,,"",
"","100000007970094","FOS1","","",0.029520239,,"",
"","100000007971808","FOS1","","",0.097858327,,"",
"","100000007971904","FOS1","","",0.10616198,,"",
"","100000007971640","FOS1","","",0.116587011,,"",
"","100000007971692","FOS1","","",0.162746848,,"",
"","100000007971788","FOS1","","",0.17073609,,"",
"","100000007971827","FOS1","","",0.21429772,,"",
"","100000007971624","FOS1","","",0.098785076,,"",
"","100000007971673","FOS1","","",0.10406214,,"",
"","100000007973412","FOS1","","",0.172067888,,"",
"","100000007973096","FOS1","","",0.177591046,,"",
"","100000007972008","FOS1","","",0.153546705,,"",
"","100000007972035","FOS1","","",0.115813279,,"",
"","100000007972002","FOS1","","",0.074440104,,"",
"","100000007972046","FOS1","","",0.12279538,,"",
"","100000007972130","FOS1","","",0.053857154,,"",
"","100000007972003","FOS1","","",0.069009555,,"",
"","100000007972029","FOS1","","",0.045601138,,"",
"","100000007972161","FOS1","","",0.139544967,,"",
"","100000007971954","FOS1","","",0.163937996,,"",
"","100000007919319","FHS1","","",11.5719,,"",
"","100000007919203","FHS1","","",12.1366,,"",
"","100000007919258","FHS1","","",11.7955,,"",
"","100000007920176","FHS1","","",88.3083,,"",
"","100000007918711","FHS1","","",6.7125,,"",
"","100000007918731","FHS1","","",6.7125,,"",
"","100000007918748","FHS1","","",6.7085,,"",
"","100000007921552","FHS1","","",9.3057,,"",
"","100000007919485","FHS1","","",11.9651,,"",
"","100000007921562","FHS1","","",99.6732,,"",
"","100000007921581","FHS1","","",92.3392,,"",
"","100000007921554","FHS1","","",115.7166,,"",
"","100000007921461","FHS1","","",11.387,,"",
"","100000007921356","FHS1","","",13.1698,,"",
"","100000007919866","FHS1","","",15.6775,,"",
"","100000007919724","FHS1","","",15.7191,,"",
"","100000007920937","FHS1","","",8.5623,,"",
"","100000007920844","FHS1","","",12.5891,,"",
"","100000007919329","FHS1","","",5.1566,,"",
"","100000007919182","FHS1","","",10.7547,,"",
"","100000007919193","FHS1","","",8.58,,"",
"","100000007919205","FHS1","","",7.9304,,"",
"","100000007919276","FHS1","","",13.6038,,"",
"","100000007969546","FOS1","","",0.038425275,,"",
"","100000007969621","FOS1","","",0.048681011,,"",
"","100000007969707","FOS1","","",0.045496371,,"",
"","100000007971714","FOS1","","",0.106057424,,"",
"","100000007971771","FOS1","","",0.144134463,,"",
"","100000007971809","FOS1","","",0.21162492,,"",
"","100000007971865","FOS1","","",0.164300154,,"",
"","100000007971905","FOS1","","",0.17474964,,"",
"","100000007971693","FOS1","","",0.252098203,,"",
"","100000007971751","FOS1","","",0.297194141,,"",
"","100000007970629","FOS1","","",0.145911454,,"",
"","100000007971296","FOS1","","",0.108125433,,"",
"","100000007971354","FOS1","","",0.156578079,,"",
"","100000007975865","FOS1","","",0.1333389,,"",
"","100000007975554","FOS1","","",0.232260172,,"",
"","100000007975451","FOS1","","",0.194270355,,"",
"","100000007972121","FOS1","","",0.244335606,,"",
"","100000007972036","FOS1","","",0.131814537,,"",
"","100000007975106","FOS1","","",0.257483788,,"",
"","100000007975151","FOS1","","",0.083138674,,"",
"","100000007971989","FOS1","","",0.25835034,,"",
"","100000007972030","FOS1","","",0.152687481,,"",
"","100000007977375","FOS1","","",1.887979512,,"",
"","100000007977154","FOS1","","",0.729385015,,"",
"","100000007977219","FOS1","","",0.668609382,,"",
"","100000007920832","FHS1","","",10.5815,,"",
"","100000007920747","FHS1","","",10.4309,,"",
"","100000007920132","FHS1","","",15.4168,,"",
"","100000007920163","FHS1","","",23.5064,,"",
"","100000007920104","FHS1","","",20.1642,,"",
"","100000007919538","FHS1","","",11.7558,,"",
"","100000007919573","FHS1","","",11.4938,,"",
"","100000007921502","FHS1","","",48.6851,,"",
"","100000007921514","FHS1","","",52.7457,,"",
"","100000007921535","FHS1","","",60.6026,,"",
"","100000007921549","FHS1","","",128.2043,,"",
"","100000007921538","FHS1","","",20.6751,,"",
"","100000007921438","FHS1","","",805.4264,,"",
"","100000007921699","FHS1","","",83.5708,,"",
"","100000007921683","FHS1","","",116.2726,,"",
"","100000007920895","FHS1","","",13.8232,,"",
"","100000007920909","FHS1","","",13.8175,,"",
"","100000007920927","FHS1","","",16.283,,"",
"","100000007920835","FHS1","","",7.6747,,"",
"","100000007972520","FOS1","","",0.149888823,,"",
"","100000007969763","FOS1","","",0.04218992,,"",
"","100000007969857","FOS1","","",0.06033332,,"",
"","100000007974595","FOS1","","",0.051032479,,"",
"","100000007974633","FOS1","","",0.04883195,,"",
"","100000007974690","FOS1","","",0.125048245,,"",
"","100000007974533","FOS1","","",0.186706418,,"",
"","100000007974596","FOS1","","",0.062851072,,"",
"","100000007973721","FOS1","","",0.074178781,,"",
"","100000007973451","FOS1","","",0.120010809,,"",
"","100000007973596","FOS1","","",0.086209037,,"",
"","100000007974218","FOS1","","",0.241419235,,"",
"","100000007974012","FOS1","","",0.080152943,,"",
"","100000007975625","FOS1","","",0.163533098,,"",
"","100000007975674","FOS1","","",0.17869175,,"",
"","100000007975735","FOS1","","",0.176907139,,"",
"","100000007975938","FOS1","","",0.122089545,,"",
"","100000007974994","FOS1","","",0.19927289,,"",
"","100000007975354","FOS1","","",0.323996029,,"",
"","100000007975426","FOS1","","",0.265647018,,"",
"","100000007975532","FOS1","","",0.267229787,,"",
"","100000007975432","FOS1","","",0.064201503,,"",
"","100000007975168","FOS1","","",0.106222878,,"",
"","100000007975192","FOS1","","",0.105184489,,"",
"","100000007975074","FOS1","","",0.067031107,,"",
"","100000007975131","FOS1","","",0.140488816,,"",
"","100000007975117","FOS1","","",0.146685943,,"",
"","100000007975133","FOS1","","",0.083442005,,"",
"","100000007975171","FOS1","","",0.066486666,,"",
"","100000007975212","FOS1","","",0.10571674,,"",
"","100000007975097","FOS1","","",0.137812033,,"",
"","100000007977314","FOS1","","",0.881011441,,"",
"","100000007977376","FOS1","","",0.075259237,,"",
"","100000007976995","FOS1","","",0.050969551,,"",
"","100000007977092","FOS1","","",0.043980492,,"",
"","100000007977252","FOS1","","",0.070530985,,"",
"","100000007976013","FOS1","","",0.095006487,,"",
"","100000007976045","FOS1","","",0.085241406,,"",
"","100000007976102","FOS1","","",0.058880469,,"",
"","100000007920229","FHS1","","",17.297,,"",
"","100000007919651","FHS1","","",10.9085,,"",
"","100000007919665","FHS1","","",23.5736,,"",
"","100000007919463","FHS1","","",11.7845,,"",
"","100000007919469","FHS1","","",13.5734,,"",
"","100000007919478","FHS1","","",12.2989,,"",
"","100000007919494","FHS1","","",10.1642,,"",
"","100000007919501","FHS1","","",11.0247,,"",
"","100000007919509","FHS1","","",10.7134,,"",
"","100000007919515","FHS1","","",16.7817,,"",
"","100000007919472","FHS1","","",11.8615,,"",
"","100000007922520","FHS1","","",593.5449,,"",
"","100000007922421","FHS1","","",2.2945,,"",
"","100000007920867","FHS1","","",9.8447,,"",
"","100000007920938","FHS1","","",13.0155,,"",
"","100000007918956","FHS1","","",5.5313,,"",
"","100000007918969","FHS1","","",5.5313,,"",
"","100000007972206","FOS1","","",0.192428304,,"",
"","100000007972265","FOS1","","",0.171800498,,"",
"","100000007972398","FOS1","","",0.125269549,,"",
"","100000007972174","FOS1","","",0.138001568,,"",
"","100000007974522","FOS1","","",0.114608754,,"",
"","100000007974548","FOS1","","",0.09184019,,"",
"","100000007974657","FOS1","","",0.353953979,,"",
"","100000007974680","FOS1","","",0.296752449,,"",
"","100000007974523","FOS1","","",0.049183615,,"",
"","100000007973517","FOS1","","",0.038877825,,"",
"","100000007973574","FOS1","","",0.044528304,,"",
"","100000007974271","FOS1","","",0.235608044,,"",
"","100000007975067","FOS1","","",0.253127951,,"",
"","100000007974805","FOS1","","",0.157206264,,"",
"","100000007974871","FOS1","","",0.348307038,,"",
"","100000007975019","FOS1","","",0.191654743,,"",
"","100000007974763","FOS1","","",0.259540549,,"",
"","100000007975122","FOS1","","",0.164627456,,"",
"","100000007975166","FOS1","","",0.096386316,,"",
"","100000007975118","FOS1","","",0.260516678,,"",
"","100000007975144","FOS1","","",0.193645312,,"",
"","100000007975172","FOS1","","",0.161788893,,"",
"","100000007975187","FOS1","","",0.189632144,,"",
"","100000007975213","FOS1","","",0.215281989,,"",
"","100000007975084","FOS1","","",0.383883906,,"",
"","100000007979079","FOS1","","",0.539394687,,"",
"","100000007921100","FHS1","","",24.4434,,"",
"","100000007921000","FHS1","","",12.0062,,"",
"","100000007920312","FHS1","","",7.2877,,"",
"","100000007920678","FHS1","","",7.2872,,"",
"","100000007920668","FHS1","","",21.417,,"",
"","100000007920689","FHS1","","",21.3777,,"",
"","100000007920690","FHS1","","",374.434,,"",
"","100000007919631","FHS1","","",12.7938,,"",
"","100000007919640","FHS1","","",20.7096,,"",
"","100000007919662","FHS1","","",17.5674,,"",
"","100000007919482","FHS1","","",16.807,,"",
"","100000007919497","FHS1","","",12.8451,,"",
"","100000007919511","FHS1","","",15.3228,,"",
"","100000007919585","FHS1","","",15.3372,,"",
"","100000007919475","FHS1","","",17.0566,,"",
"","100000007922439","FHS1","","",4.0408,,"",
"","100000007922473","FHS1","","",1.1866,,"",
"","100000007922497","FHS1","","",2.03,,"",
"","100000007919461","FHS1","","",16.9434,,"",
"","100000007918934","FHS1","","",5.5313,,"",
"","100000007918950","FHS1","","",5.7075,,"",
"","100000007918979","FHS1","","",3.8208,,"",
"","100000007918995","FHS1","","",3.8208,,"",
"","100000007919012","FHS1","","",3.8208,,"",
"","100000007920933","FHS1","","",19.0791,,"",
"","100000007920957","FHS1","","",8.0094,,"",
"","100000007974572","FOS1","","",0.25108592,,"",
"","100000007976020","FOS1","","",0.090232525,,"",
"","100000007976051","FOS1","","",0.067559516,,"",
"","100000007973616","FOS1","","",0.034406809,,"",
"","100000007973678","FOS1","","",0.062213204,,"",
"","100000007976910","FOS1","","",0.295003175,,"",
"","100000007976629","FOS1","","",0.573603212,,"",
"","100000007976666","FOS1","","",0.334714029,,"",
"","100000007976499","FOS1","","",0.045868527,,"",
"","100000007977793","FOS1","","",1.22153226,,"",
"","100000007980066","FOS1","","",0.298125097,,"",
"","100000007979958","FOS1","","",0.269968911,,"",
"","100000007979891","FOS1","","",0.221366362,,"",
"","100000007979116","FOS1","","",0.495734249,,"",
"","100000007945493","HWM1","","",0.669,,"",
"","100000007945441","HWM1","","",0.1954,,"",
"","100000007945466","HWM1","","",1.0327,,"",
"","100000007941193","HWM1","","",0.84014,,"",
"","100000007941219","HWM1","","",0.91671,,"",
"","100000007941237","HWM1","","",0.97,,"",
"","100000007941131","HWM1","","",1.21957,,"",
"","100000007941147","HWM1","","",1.94157,,"",
"","100000007941169","HWM1","","",3.2313,,"",
"","100000007941194","HWM1","","",2.04071,,"",
"","100000008000207","FOS1","","",138.0260219,,"",
"","100000008000454","FOS1","","",134.1683421,,"",
"","100000008001016","FOS1","","",136.3009713,,"",
"","100000008005361","FOS1","","",52.17679252,,"",
"","100000008003988","FOS1","","",6.482761315,,"",
"","100000008004560","FOS1","","",374.5913137,,"",
"","100000008004918","FOS1","","",532.1697838,,"",
"","100000008005356","FOS1","","",4.512326819,,"",
"","100000008005009","FOS1","","",288.4129849,,"",
"","100000007989159","FOS1","","",12.35666669,,"",
"","100000007989200","FOS1","","",8.57827527,,"",
"","100000007989267","FOS1","","",9.25321166,,"",
"","100000007991286","FOS1","","",9.281788376,,"",
"","100000007991359","FOS1","","",10.63529633,,"",
"","100000007990112","FOS1","","",9.874629652,,"",
"","100000007990171","FOS1","","",10.04245508,,"",
"","100000007990299","FOS1","","",12.10311113,,"",
"","100000007990041","FOS1","","",5.303359813,,"",
"","100000007913057","HWM1","","",0.0422,,"",
"","100000007913084","HWM1","","",0.0945,,"",
"","100000007913098","HWM1","","",0.06471,,"",
"","100000007913122","HWM1","","",0.07171,,"",
"","100000007913140","HWM1","","",0.13643,,"",
"","100000007913032","HWM1","","",0.1559,,"",
"","100000007913058","HWM1","","",0.22929,,"",
"","100000007949613","HWM1","","",1.58871,,"",
"","100000007912955","HWM1","","",0.418,,"",
"","100000007912969","HWM1","","",0.134,,"",
"","100000007912974","HWM1","","",0.1082,,"",
"","100000007913000","HWM1","","",0.32543,,"",
"","100000007913015","HWM1","","",0.0159,,"",
"","100000007942761","HWM1","","",44.25271,,"",
"","100000007942662","HWM1","","",26.21243,,"",
"","100000007941713","HWM1","","",9.77343,,"",
"","100000007940579","HWM1","","",2.9156,,"",
"","100000007940602","HWM1","","",3.1167,,"",
"","100000007940630","HWM1","","",3.3643,,"",
"","100000007940652","HWM1","","",3.7966,,"",
"","100000007940683","HWM1","","",4.64286,,"",
"","100000007940703","HWM1","","",5.3008,,"",
"","100000007940568","HWM1","","",5.8723,,"",
"","100000007941656","HWM1","","",6.4031,,"",
"","100000007941681","HWM1","","",7.5735,,"",
"","100000007941163","HWM1","","",0.6293,,"",
"","100000007941179","HWM1","","",0.6772,,"",
"","100000007941204","HWM1","","",1.17271,,"",
"","100000007941229","HWM1","","",1.2159,,"",
"","100000007941115","HWM1","","",1.60543,,"",
"","100000007941142","HWM1","","",1.02157,,"",
"","100000007941155","HWM1","","",1.30129,,"",
"","100000007941184","HWM1","","",1.1248,,"",
"","100000007941199","HWM1","","",1.40143,,"",
"","100000007999986","FOS1","","",6.418128046,,"",
"","100000008000265","FOS1","","",29.02569065,,"",
"","100000008005184","FOS1","","",66.39765549,,"",
"","100000007991384","FOS1","","",11.25671431,,"",
"","100000007990150","FOS1","","",5.810470992,,"",
"","100000007990278","FOS1","","",7.364015905,,"",
"","100000007989978","FOS1","","",11.41731441,,"",
"","100000007990151","FOS1","","",6.546195827,,"",
"","100000007990236","FOS1","","",4.628423477,,"",
"","100000007949557","HWM1","","",4.5956,,"",
"","100000007949623","HWM1","","",3.88,,"",
"","100000007949542","HWM1","","",6.5761,,"",
"","100000007949606","HWM1","","",5.113,,"",
"","100000007942074","HWM1","","",3.07714,,"",
"","100000007950405","HWM1","","",2.5869,,"",
"","100000007950422","HWM1","","",3.69886,,"",
"","100000007950450","HWM1","","",6.75671,,"",
"","100000007951867","HWM1","","",16.38129,,"",
"","100000007941583","HWM1","","",8.5986,,"",
"","100000007941623","HWM1","","",0.2347,,"",
"","100000007941633","HWM1","","",0.3812,,"",
"","100000007941657","HWM1","","",0.419,,"",
"","100000007941674","HWM1","","",0.469,,"",
"","100000007941565","HWM1","","",0.5302,,"",
"","100000007943570","HWM1","","",0.63714,,"",
"","100000007943586","HWM1","","",0.631,,"",
"","100000007943609","HWM1","","",0.87714,,"",
"","100000007941224","HWM1","","",2.0166,,"",
"","100000007941111","HWM1","","",1.49386,,"",
"","100000007941136","HWM1","","",1.18543,,"",
"","100000007991818","FOS1","","",11.00201507,,"",
"","100000007991910","FOS1","","",7.053306894,,"",
"","100000007991472","FOS1","","",9.563920651,,"",
"","100000007992336","FOS1","","",6.006,,"",
"","100000007991940","FOS1","","",8.356431686,,"",
"","100000007992053","FOS1","","",4.152074484,,"",
"","100000007991997","FOS1","","",9.192946291,,"",
"","100000007992054","FOS1","","",10.02832507,,"",
"","100000007993711","FOS1","","",5.910026242,,"",
"","100000007993777","FOS1","","",9.123033902,,"",
"","100000007993830","FOS1","","",10.91081768,,"",
"","100000007993573","FOS1","","",0.548052448,,"",
"","100000007993273","FOS1","","",0.468766551,,"",
"","100000007993339","FOS1","","",6.088563839,,"",
"","100000007993424","FOS1","","",12.93416483,,"",
"","100000007990279","FOS1","","",16.64864333,,"",
"","100000007989999","FOS1","","",16.61722754,,"",
"","100000007994309","FOS1","","",28.37133254,,"",
"","100000307430361","FOS1","","",1.3196,,"",
"","100000007994422","FOS1","","",24.41235082,,"",
"","100000007949514","HWM1","","",7.66629,,"",
"","100000007952318","HWM1","","",0.4608,,"",
"","100000007950518","HWM1","","",2.28186,,"",
"","100000007950535","HWM1","","",2.1496,,"",
"","100000007950413","HWM1","","",0.8765,,"",
"","100000008033211","HWM1","","",0.20229,,"",
"","100000008032171","HWM1","","",0.23071,,"",
"","100000007939966","GS01","","",162.3,,"",
"","100000007940069","GS01","","",200.38,,"",
"","100000007941016","GS01","","",111.42,,"",
"","100000007943643","HWM1","","",0.42743,,"",
"","100000007943507","HWM1","","",1.02771,,"",
"","100000007943571","HWM1","","",1.289,,"",
"","100000007943587","HWM1","","",1.0047,,"",
"","100000007943541","HWM1","","",1.3786,,"",
"","100000007944004","HWM1","","",2.3829,,"",
"","100000007944025","HWM1","","",2.3113,,"",
"","100000007943967","HWM1","","",3.076,,"",
"","100000007943981","HWM1","","",3.0945,,"",
"","100000007991882","FOS1","","",8.803254027,,"",
"","100000007994250","FOS1","","",2.927336298,,"",
"","100000007993987","FOS1","","",6.014289604,,"",
"","100000007993146","FOS1","","",5.722830841,,"",
"","100000007993227","FOS1","","",2.676068221,,"",
"","100000007993275","FOS1","","",2.71723987,,"",
"","100000007993341","FOS1","","",2.647521087,,"",
"","100000007995537","FOS1","","",17.75954467,,"",
"","100000007995534","FOS1","","",7.359552538,,"",
"","100000007995356","FOS1","","",9.617762149,,"",
"","100000007995413","FOS1","","",13.67535559,,"",
"","100000007952338","HWM1","","",0.534,,"",
"","100000007952351","HWM1","","",0.48143,,"",
"","100000007952373","HWM1","","",0.92486,,"",
"","100000007952325","HWM1","","",0.72,,"",
"","100000007952339","HWM1","","",0.98071,,"",
"","100000007950148","HWM1","","",2.0601,,"",
"","100000007950249","HWM1","","",1.98357,,"",
"","100000008034883","HWM1","","",3.597,,"",
"","100000008035455","HWM1","","",2.5649,,"",
"","100000008035093","HWM1","","",2.3813,,"",
"","100000008032805","HWM1","","",0.5113,,"",
"","100000008033074","HWM1","","",0.19171,,"",
"","100000008033231","HWM1","","",1.41186,,"",
"","100000008032304","HWM1","","",0.22614,,"",
"","100000008032526","HWM1","","",0.23,,"",
"","100000008032698","HWM1","","",0.28814,,"",
"","100000008032965","HWM1","","",0.2666,,"",
"","100000008033133","HWM1","","",0.3886,,"",
"","100000008033364","HWM1","","",0.40243,,"",
"","100000008032239","HWM1","","",0.3565,,"",
"","100000008032445","HWM1","","",0.3219,,"",
"","100000008032611","HWM1","","",0.87,,"",
"","100000008032878","HWM1","","",0.6707,,"",
"","100000007943682","HWM1","","",0.5683,,"",
"","100000007943735","HWM1","","",0.96429,,"",
"","100000007943650","HWM1","","",1.2317,,"",
"","100000007943631","HWM1","","",0.7272,,"",
"","100000007945483","HWM1","","",1.1838,,"",
"","100000007945500","HWM1","","",1.033,,"",
"","100000007945516","HWM1","","",1.2341,,"",
"","100000007945428","HWM1","","",1.46557,,"",
"","100000007943588","HWM1","","",1.5917,,"",
"","100000007994989","FOS1","","",42.94797351,,"",
"","100000007995045","FOS1","","",39.28108082,,"",
"","100000007995006","FOS1","","",28.9769798,,"",
"","100000007993403","FOS1","","",2.632901729,,"",
"","100000007995460","FOS1","","",34.33698504,,"",
"","100000007997960","FOS1","","",26.47477819,,"",
"","100000007998183","FOS1","","",9.709917487,,"",
"","100000007952714","HWM1","","",0.40543,,"",
"","100000007952772","HWM1","","",0.64314,,"",
"","100000007952790","HWM1","","",0.7626,,"",
"","100000007952685","HWM1","","",0.22171,,"",
"","100000007952303","HWM1","","",1.3386,,"",
"","100000007952340","HWM1","","",1.82471,,"",
"","100000007898358","HWM1","","",0.1293,,"",
"","100000007898384","HWM1","","",1.0513,,"",
"","100000007898250","HWM1","","",0.20214,,"",
"","100000007898284","HWM1","","",0.1642,,"",
"","100000007898500","HWM1","","",0.8873,,"",
"","100000007898728","HWM1","","",0.3269,,"",
"","100000007898737","HWM1","","",0.0749,,"",
"","100000007952863","HWM1","","",0.9378,,"",
"","100000007952925","HWM1","","",1.213,,"",
"","100000007952828","HWM1","","",1.558,,"",
"","100000007952879","HWM1","","",1.7818,,"",
"","100000007952905","HWM1","","",1.59343,,"",
"","100000008032173","HWM1","","",0.18071,,"",
"","100000008032374","HWM1","","",0.16914,,"",
"","100000008032534","HWM1","","",1.178,,"",
"","100000008032806","HWM1","","",0.2913,,"",
"","100000008032982","HWM1","","",1.85214,,"",
"","100000008033232","HWM1","","",0.72443,,"",
"","100000008033263","HWM1","","",0.2286,,"",
"","100000008032214","HWM1","","",0.44429,,"",
"","100000008032349","HWM1","","",0.422,,"",
"","100000008033114","HWM1","","",0.59943,,"",
"","100000008033269","HWM1","","",0.61586,,"",
"","100000008032371","HWM1","","",0.03014,,"",
"","100000007905379","HWM1","","",3.75714,,"",
"","100000007905414","HWM1","","",2.6896,,"",
"","100000007905565","HWM1","","",3.48214,,"",
"","100000007945442","HWM1","","",1.6456,,"",
"","100000007945460","HWM1","","",1.4763,,"",
"","100000007945475","HWM1","","",1.9602,,"",
"","100000007945494","HWM1","","",2.1981,,"",
"","100000007945508","HWM1","","",2.3809,,"",
"","100000007945431","HWM1","","",2.7786,,"",
"","100000007945080","HWM1","","",1.0414,,"",
"","100000007995134","FOS1","","",31.92094858,,"",
"","100000007996774","FOS1","","",14.82192282,,"",
"","100000007996826","FOS1","","",19.4796412,,"",
"","100000007998216","FOS1","","",0.290226823,,"",
"","100000007997121","FOS1","","",0.395543443,,"",
"","100000007952708","HWM1","","",0.9281,,"",
"","100000007952758","HWM1","","",1.5278,,"",
"","100000007952698","HWM1","","",1.26429,,"",
"","100000007952759","HWM1","","",1.39943,,"",
"","100000007952780","HWM1","","",1.274,,"",
"","100000007952808","HWM1","","",1.2366,,"",
"","100000007898506","HWM1","","",0.6635,,"",
"","100000007898484","HWM1","","",2.1609,,"",
"","100000007898487","HWM1","","",1.4919,,"",
"","100000007898667","HWM1","","",0.0599,,"",
"","100000007898713","HWM1","","",0.7443,,"",
"","100000007898717","HWM1","","",0.1051,,"",
"","100000007899219","HWM1","","",0.0516,,"",
"","100000007899229","HWM1","","",0.6562,,"",
"","100000007899164","HWM1","","",0.04314,,"",
"","100000007899174","HWM1","","",0.1624,,"",
"","100000007899190","HWM1","","",1.16471,,"",
"","100000007899193","HWM1","","",0.0541,,"",
"","100000007899209","HWM1","","",0.5567,,"",
"","100000007952843","HWM1","","",1.31514,,"",
"","100000007952865","HWM1","","",2.6272,,"",
"","100000007952880","HWM1","","",3.3371,,"",
"","100000007899658","HWM1","","",0.1816,,"",
"","100000007899691","HWM1","","",0.49814,,"",
"","100000007900975","HWM1","","",10.5961,,"",
"","100000007900987","HWM1","","",0.35671,,"",
"","100000008032356","HWM1","","",0.69757,,"",
"","100000008032586","HWM1","","",1.15529,,"",
"","100000008032766","HWM1","","",1.00014,,"",
"","100000007903869","HWM1","","",3.681,,"",
"","100000007903546","HWM1","","",0.4326,,"",
"","100000007903616","HWM1","","",0.2847,,"",
"","100000007903688","HWM1","","",1.9125,,"",
"","100000007903732","HWM1","","",0.71529,,"",
"","100000007905302","HWM1","","",5.71871,,"",
"","100000007905359","HWM1","","",1.88886,,"",
"","100000007946448","HWM1","","",1.7019,,"",
"","100000007947147","HWM1","","",1.1012,,"",
"","100000007997142","FOS1","","",2.039129714,,"",
"","100000007997060","FOS1","","",30.96943402,,"",
"","100000008009101","FOS1","","",4.060045738,,"",
"","100000008008424","FOS1","","",3.853133464,,"",
"","100000008008616","FOS1","","",3.962116377,,"",
"","100000008008830","FOS1","","",4.237505228,,"",
"","100000008009029","FOS1","","",4.1423961,,"",
"","100000008009432","FOS1","","",0.941017587,,"",
"","100000008008278","FOS1","","",3.517383076,,"",
"","100000008008954","FOS1","","",0.938603151,,"",
"","100000008008709","FOS1","","",0.85264976,,"",
"","100000008008326","FOS1","","",1.580617025,,"",
"","100000008008805","FOS1","","",1.334001739,,"",
"","100000008006938","FOS1","","",1.168929796,,"",
"","100000007952678","HWM1","","",1.41171,,"",
"","100000007952699","HWM1","","",1.67957,,"",
"","100000007893421","HWM1","","",0.53114,,"",
"","100000007893425","HWM1","","",0.1116,,"",
"","100000007893429","HWM1","","",1.4874,,"",
"","100000007893409","HWM1","","",0.21771,,"",
"","100000007893418","HWM1","","",0.15,,"",
"","100000007893422","HWM1","","",0.9427,,"",
"","100000007893426","HWM1","","",0.43871,,"",
"","100000007893430","HWM1","","",3.25457,,"",
"","100000007913115","HWM1","","",0.3026,,"",
"","100000007913076","HWM1","","",0.0123,,"",
"","100000007913091","HWM1","","",0.01914,,"",
"","100000007913116","HWM1","","",0.0209,,"",
"","100000007912914","HWM1","","",0.1903,,"",
"","100000007901011","HWM1","","",1.4419,,"",
"","100000007900950","HWM1","","",0.1717,,"",
"","100000007900925","HWM1","","",0.59114,,"",
"","100000007900912","HWM1","","",5.66829,,"",
"","100000007903297","HWM1","","",1.1556,,"",
"","100000007903344","HWM1","","",0.2303,,"",
"","100000007903413","HWM1","","",0.9452,,"",
"","100000007903201","HWM1","","",0.26771,,"",
"","100000007903275","HWM1","","",0.0635,,"",
"","100000007903366","HWM1","","",0.80214,,"",
"","100000007903437","HWM1","","",0.13214,,"",
"","100000007913745","HWM1","","",0.1661,,"",
"","100000007913764","HWM1","","",1.9901,,"",
"","100000007905526","HWM1","","",1.6762,,"",
"","100000007905284","HWM1","","",0.2745,,"",
"","100000007905326","HWM1","","",0.2123,,"",
"","100000007942000","HWM1","","",8.9903,,"",
"","100000007942020","HWM1","","",6.2189,,"",
"","100000007946257","HWM1","","",2.3006,,"",
"","100000008009455","FOS1","","",1.631300983,,"",
"","100000008008297","FOS1","","",1.606477414,,"",
"","100000008009076","FOS1","","",1.664664218,,"",
"","100000008008517","FOS1","","",1.664664218,,"",
"","100000008008706","FOS1","","",1.664664218,,"",
"","100000008008999","FOS1","","",1.116143524,,"",
"","100000008009408","FOS1","","",5.617133207,,"",
"","100000008009253","FOS1","","",0.999353138,,"",
"","100000008009433","FOS1","","",4.690356894,,"",
"","100000008009681","FOS1","","",3.560109743,,"",
"","100000008008370","FOS1","","",6.071244479,,"",
"","100000008008522","FOS1","","",1.674537566,,"",
"","100000008008614","FOS1","","",5.956284914,,"",
"","100000008007692","FOS1","","",6.405392256,,"",
"","100000008007434","FOS1","","",6.118387034,,"",
"","100000008008009","FOS1","","",38.63412895,,"",
"","100000008006693","FOS1","","",46.55817053,,"",
"","100000008007446","FOS1","","",0.521086013,,"",
"","100000008007622","FOS1","","",0.491199325,,"",
"","100000008006914","FOS1","","",1.492146977,,"",
"","100000008007938","FOS1","","",0.455145696,,"",
"","100000008000838","FOS1","","",171.1500812,,"",
"","100000007893439","HWM1","","",2.0489,,"",
"","100000007893514","HWM1","","",0.8852,,"",
"","100000007907651","HWM1","","",0.1723,,"",
"","100000007907725","HWM1","","",0.22386,,"",
"","100000007907790","HWM1","","",0.4023,,"",
"","100000007907466","HWM1","","",0.91914,,"",
"","100000007907763","HWM1","","",1.0012,,"",
"","100000007913142","HWM1","","",0.0309,,"",
"","100000007913023","HWM1","","",0.04271,,"",
"","100000007913117","HWM1","","",0.128,,"",
"","100000007913024","HWM1","","",0.3084,,"",
"","100000007913042","HWM1","","",0.0629,,"",
"","100000007913037","HWM1","","",0.6678,,"",
"","100000007912951","HWM1","","",0.02143,,"",
"","100000007912903","HWM1","","",0.08614,,"",
"","100000007901247","HWM1","","",0.22657,,"",
"","100000007901020","HWM1","","",0.12071,,"",
"","100000007901074","HWM1","","",0.769,,"",
"","100000007913809","HWM1","","",3.7082,,"",
"","100000007913708","HWM1","","",0.1954,,"",
"","100000007913732","HWM1","","",0.0595,,"",
"","100000007913765","HWM1","","",0.6588,,"",
"","100000007913784","HWM1","","",0.11171,,"",
"","100000007913810","HWM1","","",0.0755,,"",
"","100000007913827","HWM1","","",0.562,,"",
"","100000007913863","HWM1","","",0.12957,,"",
"","100000007913719","HWM1","","",1.307,,"",
"","100000007941896","HWM1","","",16.26171,,"",
"","100000007941913","HWM1","","",20.75271,,"",
"","100000007943723","NAT1","","",3.3655,,"",
"","100000007943676","NAT1","","",2.9991,,"",
"","100000007940845","NAT1","","",6.5879,,"",
"","100000007940756","NAT1","","",10.4317,,"",
"","100000007940820","NAT1","","",10.2659,,"",
"","100000007934059","NAT1","","",0.8358,,"",
"","100000007934074","NAT1","","",0.9473,,"",
"","100000007934027","NAT1","","",0.7077,,"",
"","100000007934042","NAT1","","",0.7735,,"",
"","100000007948374","NAT1","","",197.5054,,"",
"","100000007948325","NAT1","","",53.641,,"",
"","100000007948710","NAT1","","",23.0297,,"",
"","100000007970006","NAT1","","",26.9064,,"",
"","100000007945033","NAT1","","",4.1274,,"",
"","100000007943730","NAT1","","",2.638,,"",
"","100000007943755","NAT1","","",2.692,,"",
"","100000007943646","NAT1","","",4.8478,,"",
"","100000007943670","NAT1","","",2.6363,,"",
"","100000007943684","NAT1","","",2.6974,,"",
"","100000007943710","NAT1","","",2.6631,,"",
"","100000007941896","NAT1","","",17.9367,,"",
"","100000007941913","NAT1","","",22.436,,"",
"","100000007941860","NAT1","","",33.2688,,"",
"","100000007940833","NAT1","","",14.0229,,"",
"","100000007934928","NAT1","","",0.394,,"",
"","100000007934943","NAT1","","",0.5926,,"",
"","100000007938965","NAT1","","",10.7864,,"",
"","100000007934067","NAT1","","",0.7587,,"",
"","100000007933982","NAT1","","",0.7248,,"",
"","100000007934020","NAT1","","",0.7203,,"",
"","100000007934044","NAT1","","",0.7849,,"",
"","100000007934966","NAT1","","",0.4925,,"",
"","100000007934850","NAT1","","",0.4806,,"",
"","100000007934060","NAT1","","",0.7018,,"",
"","100000007946234","NAT1","","",176.1141,,"",
"","100000007956320","NAT1","","",4.6579,,"",
"","100000007956247","NAT1","","",1.0112,,"",
"","100000007956321","NAT1","","",1.4402,,"",
"","100000007943662","NAT1","","",2.6015,,"",
"","100000007954096","NAT1","","",2.3035,,"",
"","100000007941827","NAT1","","",45.6012,,"",
"","100000007942722","NAT1","","",27.9054,,"",
"","100000007952365","NAT1","","",0.9209,,"",
"","100000007952388","NAT1","","",0.6752,,"",
"","100000007952289","NAT1","","",0.4955,,"",
"","100000007940760","NAT1","","",11.7769,,"",
"","100000007934867","NAT1","","",0.5519,,"",
"","100000007934933","NAT1","","",0.3526,,"",
"","100000007934951","NAT1","","",0.4634,,"",
"","100000007934975","NAT1","","",0.4972,,"",
"","100000007934100","NAT1","","",2.6435,,"",
"","100000007934000","NAT1","","",3.0304,,"",
"","100000007934035","NAT1","","",3.2649,,"",
"","100000007934053","NAT1","","",3.2649,,"",
"","100000007934076","NAT1","","",2.355,,"",
"","100000007934092","NAT1","","",2.3454,,"",
"","100000007933990","NAT1","","",2.2974,,"",
"","100000007934006","NAT1","","",2.7378,,"",
"","100000007969623","NAT1","","",4.7792,,"",
"","100000007974458","NAT1","","",4.1356,,"",
"","100000007946304","NAT1","","",37.5559,,"",
"","100000007946295","NAT1","","",130.541,,"",
"","100000007956248","NAT1","","",2.4312,,"",
"","100000007956297","NAT1","","",3.1883,,"",
"","100000007956099","NAT1","","",3.2667,,"",
"","100000007956174","NAT1","","",3.5343,,"",
"","100000007956696","NAT1","","",4.9386,,"",
"","100000007956721","NAT1","","",3.1943,,"",
"","100000007945074","NAT1","","",3.6145,,"",
"","100000007954009","NAT1","","",2.2967,,"",
"","100000007954036","NAT1","","",2.2659,,"",
"","100000007954102","NAT1","","",4.0357,,"",
"","100000007942761","NAT1","","",45.2754,,"",
"","100000007942662","NAT1","","",28.4135,,"",
"","100000007951016","NAT1","","",16.521,,"",
"","100000007950817","NAT1","","",29.6294,,"",
"","100000007952578","NAT1","","",4.4856,,"",
"","100000007940823","NAT1","","",9.389,,"",
"","100000007940747","NAT1","","",11.2907,,"",
"","100000007940923","NAT1","","",12.8499,,"",
"","100000007934045","NAT1","","",2.332,,"",
"","100000007934099","NAT1","","",1.8785,,"",
"","100000007933999","NAT1","","",1.742,,"",
"","100000007933660","NAT1","","",1.4229,,"",
"","100000007933679","NAT1","","",1.4151,,"",
"","100000007933692","NAT1","","",1.4885,,"",
"","100000007933724","NAT1","","",1.3928,,"",
"","100000007978774","NAT1","","",17.4407,,"",
"","100000007977637","NAT1","","",10.8027,,"",
"","100000007974308","NAT1","","",4.8543,,"",
"","100000007956735","NAT1","","",3.4463,,"",
"","100000007956762","NAT1","","",3.7341,,"",
"","100000007956780","NAT1","","",5.7669,,"",
"","100000007956688","NAT1","","",4.8579,,"",
"","100000007956713","NAT1","","",4.8213,,"",
"","100000007956727","NAT1","","",5.5074,,"",
"","100000007956754","NAT1","","",33.4346,,"",
"","100000007955645","NAT1","","",10.4036,,"",
"","100000007953989","NAT1","","",8.2849,,"",
"","100000007954887","NAT1","","",2.4821,,"",
"","100000007942746","NAT1","","",39.7894,,"",
"","100000007942663","NAT1","","",41.7426,,"",
"","100000007942686","NAT1","","",28.5749,,"",
"","100000007942723","NAT1","","",69.2898,,"",
"","100000007952623","NAT1","","",1.945,,"",
"","100000007940645","NAT1","","",25.1565,,"",
"","100000007940719","NAT1","","",21.5554,,"",
"","100000007980237","NAT1","","",23.5606,,"",
"","100000007980300","NAT1","","",23.946,,"",
"","100000007980324","NAT1","","",25.8897,,"",
"","100000007980345","NAT1","","",27.0978,,"",
"","100000007980982","NAT1","","",24.0344,,"",
"","100000007977776","NAT1","","",7.6954,,"",
"","100000007977459","NAT1","","",7.6228,,"",
"","100000007977588","NAT1","","",7.0861,,"",
"","100000007977686","NAT1","","",16.1887,,"",
"","100000007977754","NAT1","","",6.9879,,"",
"","100000007977484","NAT1","","",5.3033,,"",
"","100000007974480","NAT1","","",9.7614,,"",
"","100000007978541","NAT1","","",7.9518,,"",
"","100000007978228","NAT1","","",6.8684,,"",
"","100000007948070","NAT1","","",28.3522,,"",
"","100000007948148","NAT1","","",16.9565,,"",
"","100000007948120","NAT1","","",18.2693,,"",
"","100000007956770","NAT1","","",10.0618,,"",
"","100000007956796","NAT1","","",9.1252,,"",
"","100000007956703","NAT1","","",14.9739,,"",
"","100000007956608","NAT1","","",9.63,,"",
"","100000007947143","NAT1","","",9.4393,,"",
"","100000007947159","NAT1","","",9.5141,,"",
"","100000007955608","NAT1","","",2.8377,,"",
"","100000007955609","NAT1","","",4.448,,"",
"","100000007943612","NAT1","","",4.4649,,"",
"","100000007945030","NAT1","","",16.8263,,"",
"","100000007945063","NAT1","","",5.2371,,"",
"","100000007945076","NAT1","","",36.8432,,"",
"","100000007945343","NAT1","","",7.2492,,"",
"","100000007954779","NAT1","","",2.4569,,"",
"","100000007954858","NAT1","","",4.7289,,"",
"","100000007954800","NAT1","","",5.0776,,"",
"","100000007954830","NAT1","","",6.9725,,"",
"","100000007943543","NAT1","","",4.3014,,"",
"","100000007952579","NAT1","","",4.1342,,"",
"","100000007940658","NAT1","","",34.1487,,"",
"","100000007942655","NAT1","","",33.9258,,"",
"","100000007942312","NAT1","","",45.7425,,"",
"","100000007950788","NAT1","","",11.4731,,"",
"","100000007950895","NAT1","","",13.4287,,"",
"","100000007950816","NAT1","","",18.7665,,"",
"","100000007950852","NAT1","","",29.6258,,"",
"","100000007940646","NAT1","","",16.8363,,"",
"","100000007940731","NAT1","","",16.6015,,"",
"","100000007934754","NAT1","","",0.5768,,"",
"","100000007980491","NAT1","","",21.0427,,"",
"","100000007980565","NAT1","","",21.0427,,"",
"","100000007984663","NAT1","","",10.0239,,"",
"","100000007981264","NAT1","","",47.2009,,"",
"","100000007980967","NAT1","","",47.165,,"",
"","100000007977687","NAT1","","",7.6597,,"",
"","100000007978270","NAT1","","",7.668,,"",
"","100000007978518","NAT1","","",13.7066,,"",
"","100000007978364","NAT1","","",10.3904,,"",
"","100000007978439","NAT1","","",9.981,,"",
"","100000007948058","NAT1","","",22.4661,,"",
"","100000007948109","NAT1","","",21.3334,,"",
"","100000007947069","NAT1","","",23.7725,,"",
"","100000007947165","NAT1","","",9.5768,,"",
"","100000007957536","NAT1","","",2.0286,,"",
"","100000007957421","NAT1","","",3.7591,,"",
"","100000007957463","NAT1","","",0.6579,,"",
"","100000007957488","NAT1","","",0.878,,"",
"","100000007957502","NAT1","","",1.6186,,"",
"","100000007957527","NAT1","","",0.7765,,"",
"","100000007957416","NAT1","","",1.3627,,"",
"","100000007945370","NAT1","","",9.2237,,"",
"","100000007945385","NAT1","","",33.7118,,"",
"","100000007945413","NAT1","","",8.4711,,"",
"","100000007945265","NAT1","","",10.9821,,"",
"","100000007945304","NAT1","","",4.2696,,"",
"","100000007945360","NAT1","","",15.9513,,"",
"","100000007945402","NAT1","","",23.2921,,"",
"","100000007945256","NAT1","","",27.0985,,"",
"","100000007955505","NAT1","","",5.8629,,"",
"","100000007955545","NAT1","","",7.7788,,"",
"","100000007944422","NAT1","","",176.677,,"",
"","100000007942245","NAT1","","",50.0692,,"",
"","100000007942336","NAT1","","",280.9696,,"",
"","100000007940637","NAT1","","",17.984,,"",
"","100000007941569","NAT1","","",18.4014,,"",
"","100000007941613","NAT1","","",18.2285,,"",
"","100000007941654","NAT1","","",19.712,,"",
"","100000007941563","NAT1","","",19.0713,,"",
"","100000007981019","NAT1","","",56.1747,,"",
"","100000007981066","NAT1","","",6.9223,,"",
"","100000007981144","NAT1","","",6.4239,,"",
"","100000007978204","NAT1","","",10.5463,,"",
"","100000007978341","NAT1","","",0.4207,,"",
"","100000007957499","NAT1","","",0.2291,,"",
"","100000007957526","NAT1","","",0.381,,"",
"","100000007957414","NAT1","","",0.4661,,"",
"","100000007957435","NAT1","","",1.8608,,"",
"","100000007957451","NAT1","","",2.3119,,"",
"","100000007957475","NAT1","","",0.5877,,"",
"","100000007957492","NAT1","","",0.6067,,"",
"","100000007957518","NAT1","","",0.8301,,"",
"","100000007945289","NAT1","","",413.7145,,"",
"","100000007945350","NAT1","","",5.7882,,"",
"","100000007947135","NAT1","","",58.7091,,"",
"","100000007947094","NAT1","","",12.3669,,"",
"","100000007947152","NAT1","","",11.6533,,"",
"","100000007955933","NAT1","","",6.4957,,"",
"","100000007945371","NAT1","","",34.8674,,"",
"","100000007945391","NAT1","","",3.3261,,"",
"","100000007945278","NAT1","","",21.3294,,"",
"","100000007945268","NAT1","","",14.5394,,"",
"","100000007945269","NAT1","","",4.9226,,"",
"","100000007944463","NAT1","","",262.3571,,"",
"","100000007952463","NAT1","","",73.0231,,"",
"","100000007952480","NAT1","","",17.5523,,"",
"","100000007952508","NAT1","","",8.9417,,"",
"","100000007952537","NAT1","","",46.4618,,"",
"","100000007952438","NAT1","","",11.7943,,"",
"","100000007952465","NAT1","","",11.1635,,"",
"","100000007952482","NAT1","","",31.7974,,"",
"","100000007961864","NAT1","","",1.2929,,"",
"","100000007961569","NAT1","","",1.8743,,"",
"","100000007961614","NAT1","","",2.608,,"",
"","100000007961683","NAT1","","",4.0206,,"",
"","100000007957677","NAT1","","",0.1883,,"",
"","100000007957692","NAT1","","",0.2302,,"",
"","100000007984692","NAT1","","",15.5724,,"",
"","100000007984534","NAT1","","",21.2527,,"",
"","100000007984629","NAT1","","",22.7723,,"",
"","100000007984829","NAT1","","",35.572,,"",
"","100000007980821","NAT1","","",175.9541,,"",
"","100000007980822","NAT1","","",136.2352,,"",
"","100000007930022","FSD1","","",0.18543,,"",
"","100000007929868","FSD1","","",0.12966,,"",
"","100000007929588","FSD1","","",1.03444,,"",
"","300001318189571","FSD1","","",1.87161,,"",
"","100000007905106","EQU1","","",0.15505,,"",
"","100000007905157","EQU1","","",0.4729,,"",
"","100000007905260","EQU1","","",0.0524,,"",
"","100000007904948","EQU1","","",0.057,,"",
"","100000007904997","EQU1","","",0.08225,,"",
"","100000007905131","EQU1","","",0.0916,,"",
"","100000007901467","EQU1","","",0.22865,,"",
"","100000007901319","EQU1","","",0.1924,,"",
"","100000007901449","EQU1","","",0.4959,,"",
"","100000007901535","EQU1","","",0.37005,,"",
"","100000007901302","EQU1","","",0.2314,,"",
"","100000007896221","EQU1","","",5.07485,,"",
"","100000007896226","EQU1","","",16.12185,,"",
"","100000007891935","EQU1","","",0.0921,,"",
"","100000007891939","EQU1","","",0.0927,,"",
"","100000008011494","EQU1","","",1.59445,,"",
"","100000008011770","EQU1","","",0.8805,,"",
"","100000008009716","EQU1","","",2.1347,,"",
"","100000008009881","EQU1","","",1.2223,,"",
"","100000008010127","EQU1","","",3.36185,,"",
"","100000008010044","EQU1","","",0.5407,,"",
"","100000007964542","EQU1","","",0.71205,,"",
"","100000007963663","EQU1","","",0.56585,,"",
"","100000007963693","EQU1","","",0.65055,,"",
"","100000007953626","EQU1","","",1.11115,,"",
"","100000007953655","EQU1","","",1.2495,,"",
"","100000007953669","EQU1","","",1.43425,,"",
"","100000007953697","EQU1","","",1.26965,,"",
"","100000007953600","EQU1","","",1.7788,,"",
"","100000007953627","EQU1","","",1.9488,,"",
"","100000007953687","EQU1","","",0.48955,,"",
"","100000007953715","EQU1","","",2.56285,,"",
"","100000007952698","EQU1","","",1.27225,,"",
"","100000007952715","EQU1","","",13.9066,,"",
"","100000007952759","EQU1","","",1.57215,,"",
"","100000007952780","EQU1","","",1.70185,,"",
"","100000007952808","EQU1","","",1.45045,,"",
"","100000007952678","EQU1","","",1.9902,,"",
"","100000007952699","EQU1","","",1.9406,,"",
"","100000007952047","EQU1","","",0.5725,,"",
"","100000007952105","EQU1","","",0.16275,,"",
"","100000007952117","EQU1","","",0.70845,,"",
"","100000007950934","EQU1","","",1.03685,,"",
"","100000007950949","EQU1","","",1.40165,,"",
"","100000007950970","EQU1","","",1.27095,,"",
"","100000007951008","EQU1","","",1.7814,,"",
"","100000007951023","EQU1","","",1.94985,,"",
"","100000007953750","EQU1","","",3.67425,,"",
"","100000007953763","EQU1","","",3.38735,,"",
"","100000007935988","EQU1","","",0.096,,"",
"","100000007932292","EQU1","","",0.3593,,"",
"","100000007932334","EQU1","","",0.73445,,"",
"","100000007932308","EQU1","","",0.2962,,"",
"","100000007934947","EQU1","","",0.21575,,"",
"","100000007934972","EQU1","","",0.3645,,"",
"","100000007934872","EQU1","","",0.21255,,"",
"","100000007934888","EQU1","","",0.12055,,"",
"","100000007934948","EQU1","","",0.3544,,"",
"","100000007934858","EQU1","","",0.42335,,"",
"","100000007927409","FSD1","","",8.13897,,"",
"","100000007927366","FSD1","","",9.35053,,"",
"","100000007929634","FSD1","","",2.1504,,"",
"","100000007929666","FSD1","","",2.31005,,"",
"","100000007929578","FSD1","","",2.76648,,"",
"","300001238634607","FSD1","","",0.38438,,"",
"","100000007929553","FSD1","","",0.42923,,"",
"","100000007929564","FSD1","","",0.46911,,"",
"","100000007905197","EQU1","","",0.2033,,"",
"","100000007905261","EQU1","","",0.35685,,"",
"","100000007904928","EQU1","","",0.60455,,"",
"","100000007904998","EQU1","","",0.4596,,"",
"","100000007905132","EQU1","","",0.04025,,"",
"","100000007895212","EQU1","","",0.29505,,"",
"","100000007901450","EQU1","","",0.24045,,"",
"","100000007901486","EQU1","","",0.19645,,"",
"","100000007901536","EQU1","","",0.1903,,"",
"","100000007891921","EQU1","","",2.4278,,"",
"","100000007891931","EQU1","","",0.299,,"",
"","100000008012217","EQU1","","",4.5218,,"",
"","100000008010968","EQU1","","",3.9024,,"",
"","100000008011181","EQU1","","",4.8051,,"",
"","100000008011339","EQU1","","",4.7342,,"",
"","100000008012106","EQU1","","",3.25525,,"",
"","100000008010969","EQU1","","",3.5426,,"",
"","100000008011112","EQU1","","",4.14285,,"",
"","100000008010669","EQU1","","",4.49155,,"",
"","100000008010045","EQU1","","",3.13265,,"",
"","100000008010600","EQU1","","",5.0167,,"",
"","100000008009965","EQU1","","",5.1841,,"",
"","100000008010887","EQU1","","",2.262,,"",
"","100000008009732","EQU1","","",1.26975,,"",
"","100000008009974","EQU1","","",3.58495,,"",
"","100000008009814","EQU1","","",2.4196,,"",
"","100000007962835","EQU1","","",1.11435,,"",
"","100000007959743","EQU1","","",0.23505,,"",
"","100000007956451","EQU1","","",0.2459,,"",
"","100000007956467","EQU1","","",0.1861,,"",
"","100000007960978","EQU1","","",0.79765,,"",
"","100000007958900","EQU1","","",0.3271,,"",
"","100000007957470","EQU1","","",0.35425,,"",
"","100000007963250","EQU1","","",0.18395,,"",
"","100000007963418","EQU1","","",0.36595,,"",
"","100000007963543","EQU1","","",0.2253,,"",
"","100000007963256","EQU1","","",0.2707,,"",
"","100000007963299","EQU1","","",0.33245,,"",
"","100000007963398","EQU1","","",0.37225,,"",
"","100000007955264","EQU1","","",1.65305,,"",
"","100000007952727","EQU1","","",1.72775,,"",
"","100000007952752","EQU1","","",2.6664,,"",
"","100000007952781","EQU1","","",2.4474,,"",
"","100000007952799","EQU1","","",3.0574,,"",
"","100000007953472","EQU1","","",0.38255,,"",
"","100000007950405","EQU1","","",3.0744,,"",
"","100000007950422","EQU1","","",4.7026,,"",
"","100000007950450","EQU1","","",8.32315,,"",
"","100000007954125","EQU1","","",4.99455,,"",
"","100000007954202","EQU1","","",5.13515,,"",
"","100000007954227","EQU1","","",5.88545,,"",
"","100000007954111","EQU1","","",6.3728,,"",
"","100000007952039","EQU1","","",9.545,,"",
"","100000007952058","EQU1","","",2.25455,,"",
"","100000007953952","EQU1","","",8.3299,,"",
"","100000007953785","EQU1","","",3.575,,"",
"","100000007953717","EQU1","","",0.2704,,"",
"","100000007936037","EQU1","","",0.1371,,"",
"","100000007935698","EQU1","","",0.13895,,"",
"","100000007934860","EQU1","","",0.2136,,"",
"","100000007934875","EQU1","","",0.1125,,"",
"","100000007934932","EQU1","","",0.14945,,"",
"","100000007934964","EQU1","","",0.43075,,"",
"","100000007934848","EQU1","","",0.44975,,"",
"","100000007934880","EQU1","","",0.45855,,"",
"","100000007990236","DTR1","","",4.83055,,"",
"","100000007990279","DTR1","","",15.61091,,"",
"","100000007989999","DTR1","","",17.34873,,"",
"","100000007990019","DTR1","","",24.02973,,"",
"","100000007990768","DTR1","","",4.83055,,"",
"","100000007990816","DTR1","","",6.09709,,"",
"","100000007990890","DTR1","","",6.83345,,"",
"","100000007916809","DTR1","","",41.07528,,"",
"","100000007916679","DTR1","","",57.43368,,"",
"","100000007916579","DTR1","","",3.41064,,"",
"","100000007917556","DTR1","","",68.0388,,"",
"","100000007916674","DTR1","","",28.46808,,"",
"","100000007916597","DTR1","","",2.8692,,"",
"","100000007916631","DTR1","","",2.04336,,"",
"","100000007916659","DTR1","","",3.29904,,"",
"","100000007915367","DTR1","","",38.97436,,"",
"","100000007917086","DTR1","","",3.74976,,"",
"","100000007917124","DTR1","","",5.83776,,"",
"","100000007917029","DTR1","","",3.02304,,"",
"","100000007915309","DTR1","","",2.012,,"",
"","100000007915198","DTR1","","",0.225,,"",
"","100000007915292","DTR1","","",0.21733,,"",
"","100000007915312","DTR1","","",0.22867,,"",
"","100000007917387","DTR1","","",76.55236,,"",
"","100000007917274","DTR1","","",12.29945,,"",
"","100000007917297","DTR1","","",18.144,,"",
"","100000007915080","DTR1","","",0.41433,,"",
"","100000007915092","DTR1","","",0.41733,,"",
"","100000007915126","DTR1","","",1.22467,,"",
"","100000007915163","DTR1","","",1.371,,"",
"","100000007915442","DTR1","","",1.003,,"",
"","100000007915699","DTR1","","",17.76367,,"",
"","100000007915746","DTR1","","",0.20767,,"",
"","100000007913511","DTR1","","",89.4168,,"",
"","100000007913533","DTR1","","",27.57806,,"",
"","100000007914371","DTR1","","",70.54869,,"",
"","100000007914385","DTR1","","",28.64314,,"",
"","100000007998216","DTR1","","",0.28555,,"",
"","100000007997121","DTR1","","",0.35673,,"",
"","100000007917594","DTR1","","",18.3874,,"",
"","100000007917614","DTR1","","",15.731,,"",
"","100000007917635","DTR1","","",8.7766,,"",
"","100000007917528","DTR1","","",19.2018,,"",
"","100000007917643","DTR1","","",12.7126,,"",
"","100000007917573","DTR1","","",13.4982,,"",
"","100000007917590","DTR1","","",7.7234,,"",
"","100000007915379","DTR1","","",38.97436,,"",
"","100000007915396","DTR1","","",38.97436,,"",
"","100000007915410","DTR1","","",38.97436,,"",
"","100000007915417","DTR1","","",38.97436,,"",
"","100000007915431","DTR1","","",32.10545,,"",
"","100000007915329","DTR1","","",32.10545,,"",
"","100000007915336","DTR1","","",32.10545,,"",
"","100000007914968","DTR1","","",32.10545,,"",
"","100000007914989","DTR1","","",33.69136,,"",
"","100000007915186","DTR1","","",0.84682,,"",
"","100000007915193","DTR1","","",0.091,,"",
"","100000007915280","DTR1","","",0.03333,,"",
"","100000007915227","DTR1","","",0.063,,"",
"","100000007915085","DTR1","","",2.41533,,"",
"","100000007915087","DTR1","","",5.91367,,"",
"","100000007915455","DTR1","","",2.78733,,"",
"","100000007915489","DTR1","","",4.48333,,"",
"","100000007915526","DTR1","","",0.17133,,"",
"","100000007915544","DTR1","","",0.976,,"",
"","100000007915450","DTR1","","",0.25633,,"",
"","100000007915755","DTR1","","",0.946,,"",
"","100000007915778","DTR1","","",1.426,,"",
"","100000007914318","DTR1","","",69.984,,"",
"","100000007914282","DTR1","","",36.288,,"",
"","100000007914330","DTR1","","",42.09,,"",
"","100000007914381","DTR1","","",46.49451,,"",
"","100000007994250","DTR1","","",3.21927,,"",
"","100000007993146","DTR1","","",7.05273,,"",
"","100000007993227","DTR1","","",3.19745,,"",
"","100000007995537","DTR1","","",20.98555,,"",
"","100000007995534","DTR1","","",9.43418,,"",
"","100000007995356","DTR1","","",11.46082,,"",
"","100000007995413","DTR1","","",15.927,,"",
"","100000007995460","DTR1","","",43.158,,"",
"","100000007983230","DTR1","","",7.97345,,"",
"","100000007983305","DTR1","","",28.431,,"",
"","100000007983351","DTR1","","",8.21264,,"",
"","100000007983035","DTR1","","",24.63055,,"",
"","100000007917804","DTR1","","",19.0692,,"",
"","100000007917839","DTR1","","",10.132,,"",
"","100000007917774","DTR1","","",8.6948,,"",
"","100000007917790","DTR1","","",11.7336,,"",
"","100000007914313","DTR1","","",19.94623,,"",
"","100000007915061","DTR1","","",38.97436,,"",
"","100000007914934","DTR1","","",38.97436,,"",
"","100000007914969","DTR1","","",32.10545,,"",
"","100000007914978","DTR1","","",32.10545,,"",
"","100000007914999","DTR1","","",32.10545,,"",
"","100000007915018","DTR1","","",32.10545,,"",
"","100000007915032","DTR1","","",0.89836,,"",
"","100000007915316","DTR1","","",0.10333,,"",
"","100000007914235","DTR1","","",48.306,,"",
"","100000007915467","DTR1","","",0.27567,,"",
"","100000007915483","DTR1","","",0.97233,,"",
"","100000007914476","DTR1","","",21.81982,,"",
"","100000007914498","DTR1","","",21.81982,,"",
"","100000007914399","DTR1","","",21.81982,,"",
"","100000007914423","DTR1","","",21.81982,,"",
"","100000007915594","DTR1","","",0.02,,"",
"","100000007915602","DTR1","","",19.536,,"",
"","100000007993987","DTR1","","",7.22973,,"",
"","100000007993877","DTR1","","",95.29827,,"",
"","100000007993275","DTR1","","",3.17973,,"",
"","100000007993341","DTR1","","",3.15682,,"",
"","100000007993403","DTR1","","",3.15927,,"",
"","100000007993122","DTR1","","",0.61418,,"",
"","100000007993276","DTR1","","",0.73636,,"",
"","100000007993317","DTR1","","",0.86536,,"",
"","100000007993381","DTR1","","",1.20764,,"",
"","100000007993448","DTR1","","",1.38436,,"",
"","100000307430358","DTR1","","",11.91327,,"",
"","100000307430358","DTR1","","",11.91327,,"",
"","100000007995395","DTR1","","",9.14782,,"",
"","100000007983834","DTR1","","",113.58136,,"",
"","100000007979847","DTR1","","",7.3966,,"",
"","100000007979558","DTR1","","",47.6652,,"",
"","100000007979653","DTR1","","",11.362,,"",
"","100000007981445","DTR1","","",4.9124,,"",
"","100000007981521","DTR1","","",5.0408,,"",
"","100000007913900","DTR1","","",10.78036,,"",
"","100000007913885","DTR1","","",10.78036,,"",
"","100000007914033","DTR1","","",14.10873,,"",
"","100000007914049","DTR1","","",14.10873,,"",
"","100000007913999","DTR1","","",11.48727,,"",
"","100000007914024","DTR1","","",11.48727,,"",
"","100000007914050","DTR1","","",11.48727,,"",
"","100000007914064","DTR1","","",4.743,,"",
"","100000007914405","DTR1","","",21.81982,,"",
"","100000007914424","DTR1","","",21.81982,,"",
"","100000007914446","DTR1","","",21.81982,,"",
"","100000007914469","DTR1","","",21.81982,,"",
"","100000007914602","DTR1","","",5.08091,,"",
"","100000007914623","DTR1","","",4.06882,,"",
"","100000007994012","DTR1","","",34.344,,"",
"","100000008008954","DTR1","","",0.86591,,"",
"","100000008009253","DTR1","","",0.85418,,"",
"","100000008009433","DTR1","","",4.62436,,"",
"","100000008009681","DTR1","","",3.53455,,"",
"","100000008008370","DTR1","","",6.60491,,"",
"","100000008008522","DTR1","","",1.64945,,"",
"","100000008008614","DTR1","","",5.39509,,"",
"","100000008007692","DTR1","","",6.33273,,"",
"","100000008007434","DTR1","","",6.00873,,"",
"","100000008007446","DTR1","","",0.49527,,"",
"","100000008007622","DTR1","","",0.47127,,"",
"","100000007995434","DTR1","","",10.24691,,"",
"","100000008007938","DTR1","","",0.47127,,"",
"","100000007979704","DTR1","","",10.3226,,"",
"","100000007979730","DTR1","","",7.4578,,"",
"","100000007979777","DTR1","","",7.8454,,"",
"","100000007915664","DTR1","","",43.781,,"",
"","100000007913909","DTR1","","",5.56691,,"",
"","100000007914097","DTR1","","",21.79636,,"",
"","100000007914100","DTR1","","",21.79636,,"",
"","100000007915932","DTR1","","",1.04455,,"",
"","100000007916005","DTR1","","",0.67991,,"",
"","100000007916030","DTR1","","",0.85009,,"",
"","100000007916055","DTR1","","",0.86536,,"",
"","100000007914867","DTR1","","",28.836,,"",
"","100000007916100","DTR1","","",22.9776,,"",
"","100000007916092","DTR1","","",23.64768,,"",
"","100000007996774","DTR1","","",15.49473,,"",
"","100000007996826","DTR1","","",16.72691,,"",
"","100000008009408","DTR1","","",3.41618,,"",
"","100000008008493","DTR1","","",3.74073,,"",
"","100000008008009","DTR1","","",41.82545,,"",
"","100000008006693","DTR1","","",51.28036,,"",
"","100000008007160","DTR1","","",1.70127,,"",
"","100000008007613","DTR1","","",2.268,,"",
"","100000008008010","DTR1","","",3.03382,,"",
"","100000008006694","DTR1","","",3.03382,,"",
"","100000008006983","DTR1","","",3.03382,,"",
"","100000008006914","DTR1","","",1.50409,,"",
"","100000008007178","DTR1","","",1.70836,,"",
"","100000007979166","DTR1","","",2.2884,,"",
"","100000007979218","DTR1","","",1.6516,,"",
"","100000007979263","DTR1","","",1.8974,,"",
"","100000007986211","DTR1","","",24.30764,,"",
"","100000007988501","DTR1","","",3.91227,,"",
"","100000007988549","DTR1","","",4.194,,"",
"","100000007915348","DTR1","","",8.61545,,"",
"","100000007915363","DTR1","","",8.61545,,"",
"","100000007915385","DTR1","","",8.92473,,"",
"","100000007915364","DTR1","","",61.61564,,"",
"","100000007915552","DTR1","","",0.113,,"",
"","100000007915578","DTR1","","",0.118,,"",
"","100000007915587","DTR1","","",59.601,,"",
"","100000007915670","DTR1","","",0.13167,,"",
"","100000007916413","DTR1","","",0.12133,,"",
"","100000007916421","DTR1","","",0.12033,,"",
"","100000007916309","DTR1","","",0.12067,,"",
"","100000007916425","DTR1","","",0.11933,,"",
"","100000007916312","DTR1","","",0.11933,,"",
"","100000007916326","DTR1","","",0.11667,,"",
"","100000007916333","DTR1","","",0.11633,,"",
"","100000007916076","DTR1","","",0.88718,,"",
"","100000007915939","DTR1","","",0.94964,,"",
"","100000007915965","DTR1","","",0.86127,,"",
"","100000007916225","DTR1","","",0.38209,,"",
"","100000007916149","DTR1","","",34.83,,"",
"","100000007916140","DTR1","","",2.91864,,"",
"","100000007916893","DTR1","","",6.7416,,"",
"","100000007916903","DTR1","","",5.77584,,"",
"","100000007916962","DTR1","","",13.46472,,"",
"","100000007916850","DTR1","","",14.35104,,"",
"","100000007916479","DTR1","","",6.84312,,"",
"","100000008005356","DTR1","","",3.70527,,"",
"","100000008005009","DTR1","","",299.08145,,"",
"","100000008005184","DTR1","","",69.09327,,"",
"","100000008006916","DTR1","","",497.78182,,"",
"","100000008000701","DTR1","","",43.40127,,"",
"","100000008000234","DTR1","","",11.85818,,"",
"","100000008000482","DTR1","","",11.81127,,"",
"","100000008000901","DTR1","","",19.88809,,"",
"","100000007988612","DTR1","","",26.80282,,"",
"","100000007988694","DTR1","","",10.49345,,"",
"","100000007988401","DTR1","","",20.99536,,"",
"","100000007915549","DTR1","","",0.12667,,"",
"","100000007915595","DTR1","","",0.226,,"",
"","100000007915603","DTR1","","",0.14233,,"",
"","100000007915624","DTR1","","",0.28,,"",
"","100000007915653","DTR1","","",0.595,,"",
"","100000007915680","DTR1","","",0.22733,,"",
"","100000007916564","DTR1","","",22.33848,,"",
"","100000007916340","DTR1","","",0.13333,,"",
"","100000007916349","DTR1","","",0.12967,,"",
"","100000007916360","DTR1","","",0.552,,"",
"","100000007916675","DTR1","","",3.60552,,"",
"","100000007916255","DTR1","","",0.44891,,"",
"","100000007916275","DTR1","","",0.47755,,"",
"","100000007916289","DTR1","","",0.78355,,"",
"","100000007917006","DTR1","","",3.25416,,"",
"","100000007917366","DTR1","","",18.18409,,"",
"","100000007917388","DTR1","","",0.58909,,"",
"","100000007917275","DTR1","","",0.91309,,"",
"","100000007917289","DTR1","","",3.55527,,"",
"","100000007917298","DTR1","","",2.30618,,"",
"","100000007917325","DTR1","","",1.79673,,"",
"","100000007917251","DTR1","","",2.32691,,"",
"","100000007917261","DTR1","","",2.73927,,"",
"","100000007917156","DTR1","","",2.73927,,"",
"","100000007917180","DTR1","","",2.73927,,"",
"","100000007917191","DTR1","","",2.73927,,"",
"","100000007916530","DTR1","","",3.216,,"",
"","100000007917904","DTR1","","",2.85709,,"",
"","100000008005361","DTR1","","",48.81709,,"",
"","100000008003988","DTR1","","",6.40336,,"",
"","100000008000207","DTR1","","",143.80555,,"",
"","100000008000454","DTR1","","",167.97982,,"",
"","100000008000725","DTR1","","",15.78464,,"",
"","100000008000880","DTR1","","",18.858,,"",
"","100000008001129","DTR1","","",28.92982,,"",
"","100000007999958","DTR1","","",21.74564,,"",
"","100000008000648","DTR1","","",36.98673,,"",
"","100000008000803","DTR1","","",24.55064,,"",
"","100000008001044","DTR1","","",36.64691,,"",
"","100000008001214","DTR1","","",33.36382,,"",
"","100000007986704","DTR1","","",2.50964,,"",
"","100000007986756","DTR1","","",5.07027,,"",
"","100000007986341","DTR1","","",5.00045,,"",
"","100000007986375","DTR1","","",6.33845,,"",
"","100000007986436","DTR1","","",6.34036,,"",
"","100000007991426","DTR1","","",17.99673,,"",
"","100000007990680","DTR1","","",18.20291,,"",
"","100000007990769","DTR1","","",8.424,,"",
"","100000007990940","DTR1","","",8.57318,,"",
"","100000007916475","DTR1","","",10.49232,,"",
"","100000007916494","DTR1","","",14.23224,,"",
"","100000007916757","DTR1","","",8.16456,,"",
"","100000007916777","DTR1","","",9.59088,,"",
"","100000007916797","DTR1","","",11.82816,,"",
"","100000007916625","DTR1","","",32.29632,,"",
"","100000007916649","DTR1","","",34.24032,,"",
"","100000007916668","DTR1","","",40.6944,,"",
"","100000007916617","DTR1","","",2.02392,,"",
"","100000007916632","DTR1","","",4.3368,,"",
"","100000007916640","DTR1","","",5.11008,,"",
"","100000007916676","DTR1","","",4.73952,,"",
"","100000007917451","DTR1","","",1.65792,,"",
"","100000007917133","DTR1","","",19.59912,,"",
"","100000007917270","DTR1","","",1.08982,,"",
"","100000007917318","DTR1","","",23.328,,"",
"","100000007917271","DTR1","","",8.10818,,"",
"","100000007917204","DTR1","","",2.73927,,"",
"","100000007917262","DTR1","","",161.51045,,"",
"","100000007917157","DTR1","","",2.73927,,"",
"","100000007917919","DTR1","","",76.72827,,"",
"","100000007917937","DTR1","","",4.8434,,"",
"","100000007917545","DTR1","","",4.8156,,"",
"","100000007917607","DTR1","","",5.1174,,"",
"","100000007998858","DTR1","","",1.79264,,"",
"","100000007996655","DTR1","","",8.49709,,"",
"","100000007985996","FSD1","","",0.07634,,"",
"","100000007986057","FSD1","","",0.03783,,"",
"","100000007916143","FSD1","","",14.2509,,"",
"","100000007916165","FSD1","","",30.27083,,"",
"","100000007916124","FSD1","","",16.43224,,"",
"","100000007916144","FSD1","","",16.7394,,"",
"","100000007919664","FSD1","","",33.46105,,"",
"","100000007919682","FSD1","","",9.28686,,"",
"","100000007919712","FSD1","","",6.75181,,"",
"","100000007919628","FSD1","","",9.07423,,"",
"","100000007920015","FSD1","","",20.27768,,"",
"","100000007920069","FSD1","","",21.11472,,"",
"","100000007919931","FSD1","","",18.24598,,"",
"","100000007918255","FSD1","","",0.19954,,"",
"","100000007918280","FSD1","","",0.27991,,"",
"","100000007918717","FSD1","","",0.50418,,"",
"","100000007918647","FSD1","","",0.46502,,"",
"","100000007918664","FSD1","","",0.54886,,"",
"","100000007918106","FSD1","","",0.10516,,"",
"","100000007918129","FSD1","","",0.13173,,"",
"","100000007918402","FSD1","","",0.20708,,"",
"","100000007918412","FSD1","","",0.37802,,"",
"","100000007932361","FSD1","","",0.17486,,"",
"","100000007933023","FSD1","","",0.05877,,"",
"","100000007932114","FSD1","","",0.10999,,"",
"","100000007931875","FSD1","","",0.1517,,"",
"","100000007931762","FSD1","","",0.14141,,"",
"","100000007934880","FSD1","","",0.02712,,"",
"","100000007934942","FSD1","","",0.04667,,"",
"","100000007934950","FSD1","","",0.02732,,"",
"","100000007934849","FSD1","","",0.05538,,"",
"","100000007934876","FSD1","","",0.06172,,"",
"","100000007934760","FSD1","","",0.05796,,"",
"","100000007938159","FSD1","","",0.1676,,"",
"","100000007938184","FSD1","","",0.24322,,"",
"","100000007934828","FSD1","","",0.01058,,"",
"","100000007934725","FSD1","","",0.01412,,"",
"","100000007934767","FSD1","","",0.00814,,"",
"","100000007934785","FSD1","","",0.01089,,"",
"","100000007943048","FSD1","","",0.04423,,"",
"","100000007943813","FSD1","","",0.07311,,"",
"","100000007941877","FSD1","","",0.38819,,"",
"","100000007941903","FSD1","","",0.42193,,"",
"","100000007941875","FSD1","","",0.42854,,"",
"","100000007941901","FSD1","","",0.42854,,"",
"","100000007941916","FSD1","","",0.59375,,"",
"","100000007942674","FSD1","","",0.60365,,"",
"","100000007942690","FSD1","","",0.59696,,"",
"","100000007941633","FSD1","","",0.10298,,"",
"","100000007941657","FSD1","","",0.09838,,"",
"","100000007941674","FSD1","","",0.10357,,"",
"","100000007941565","FSD1","","",0.12423,,"",
"","100000007941584","FSD1","","",0.14483,,"",
"","100000007941608","FSD1","","",0.12924,,"",
"","100000007943284","FSD1","","",0.17622,,"",
"","100000007943310","FSD1","","",0.2313,,"",
"","100000007943337","FSD1","","",0.20444,,"",
"","100000007949444","FSD1","","",0.10912,,"",
"","100000007949466","FSD1","","",0.11996,,"",
"","100000007949399","FSD1","","",0.03649,,"",
"","100000007949432","FSD1","","",0.17162,,"",
"","100000007953325","FSD1","","",0.64792,,"",
"","100000007952517","FSD1","","",14.15499,,"",
"","100000007951052","FSD1","","",0.21788,,"",
"","100000007949921","FSD1","","",1.11722,,"",
"","100000007949945","FSD1","","",1.30393,,"",
"","100000007950762","FSD1","","",8.63267,,"",
"","100000007950780","FSD1","","",8.91943,,"",
"","100000007967967","FSD1","","",0.02538,,"",
"","100000007958318","FSD1","","",0.50537,,"",
"","100000007958900","FSD1","","",0.05244,,"",
"","100000007969094","FSD1","","",0.01705,,"",
"","100000007968869","FSD1","","",0.06805,,"",
"","100000007968946","FSD1","","",0.0664,,"",
"","100000007983412","FSD1","","",0.03365,,"",
"","100000007983641","FSD1","","",0.07614,,"",
"","100000007982884","FSD1","","",0.04104,,"",
"","100000007981961","FSD1","","",0.06868,,"",
"","100000007982109","FSD1","","",0.09288,,"",
"","100000007982170","FSD1","","",0.11049,,"",
"","100000007981773","FSD1","","",0.05233,,"",
"","100000007981930","FSD1","","",0.04979,,"",
"","100000007989945","FSD1","","",0.19248,,"",
"","100000007991819","FSD1","","",0.17767,,"",
"","100000007917251","FSD1","","",1.33696,,"",
"","100000007916960","FSD1","","",4.53737,,"",
"","100000007916984","FSD1","","",6.5762,,"",
"","100000007916959","FSD1","","",1.84104,,"",
"","100000007916982","FSD1","","",3.36032,,"",
"","100000007916864","FSD1","","",4.18111,,"",
"","100000007916874","FSD1","","",3.55324,,"",
"","100000007916900","FSD1","","",1.58813,,"",
"","100000007919973","FSD1","","",19.40704,,"",
"","100000007920008","FSD1","","",5.41943,,"",
"","100000007920028","FSD1","","",6.6381,,"",
"","100000007920060","FSD1","","",6.73032,,"",
"","100000007919952","FSD1","","",4.95596,,"",
"","100000007919722","FSD1","","",5.31802,,"",
"","100000007918675","FSD1","","",6.94284,,"",
"","100000007918682","FSD1","","",7.10463,,"",
"","100000007919890","FSD1","","",183.33149,,"",
"","100000007919725","FSD1","","",4.25558,,"",
"","100000007919735","FSD1","","",4.88008,,"",
"","100000007918211","FSD1","","",4.11779,,"",
"","100000007921530","FSD1","","",0.05122,,"",
"","100000007921523","FSD1","","",0.09545,,"",
"","100000007918734","FSD1","","",37.33789,,"",
"","100000007918335","FSD1","","",0.07648,,"",
"","100000007918329","FSD1","","",0.09169,,"",
"","100000007931775","FSD1","","",0.10382,,"",
"","100000007931851","FSD1","","",0.19974,,"",
"","100000007931827","FSD1","","",0.09744,,"",
"","100000007935603","FSD1","","",0.0128,,"",
"","100000007935494","FSD1","","",0.01671,,"",
"","100000007935501","FSD1","","",0.01828,,"",
"","100000007935517","FSD1","","",0.01221,,"",
"","100000007942977","FSD1","","",0.03728,,"",
"","100000007942728","FSD1","","",0.54461,,"",
"","100000007942768","FSD1","","",0.26644,,"",
"","100000007941650","FSD1","","",0.20774,,"",
"","100000007941169","FSD1","","",1.06098,,"",
"","100000007941194","FSD1","","",0.92417,,"",
"","100000007941163","FSD1","","",0.25039,,"",
"","100000007941179","FSD1","","",0.25562,,"",
"","100000007943267","FSD1","","",0.31521,,"",
"","100000007943258","FSD1","","",0.14831,,"",
"","100000007952123","FSD1","","",0.94791,,"",
"","100000007952031","FSD1","","",0.806,,"",
"","100000007952044","FSD1","","",1.13482,,"",
"","100000007952066","FSD1","","",1.30006,,"",
"","100000007952100","FSD1","","",2.17585,,"",
"","100000007949557","FSD1","","",1.33224,,"",
"","100000007949623","FSD1","","",1.65666,,"",
"","100000007949542","FSD1","","",1.7071,,"",
"","100000007949606","FSD1","","",1.9146,,"",
"","100000007968489","FSD1","","",0.03458,,"",
"","100000007968490","FSD1","","",0.03953,,"",
"","100000007968559","FSD1","","",0.01755,,"",
"","100000007968682","FSD1","","",0.08983,,"",
"","100000007962835","FSD1","","",0.20341,,"",
"","100000007960851","FSD1","","",0.23693,,"",
"","100000007960915","FSD1","","",0.29904,,"",
"","100000007961028","FSD1","","",0.26398,,"",
"","100000007959025","FSD1","","",0.02672,,"",
"","100000007958549","FSD1","","",0.07463,,"",
"","100000007958623","FSD1","","",0.08622,,"",
"","100000007989731","FSD1","","",0.09599,,"",
"","100000007986098","FSD1","","",0.12282,,"",
"","100000007988101","FSD1","","",1.26909,,"",
"","100000007988175","FSD1","","",1.50279,,"",
"","100000007988287","FSD1","","",1.811,,"",
"","100000007988276","FSD1","","",0.14178,,"",
"","100000007985284","FSD1","","",0.01183,,"",
"","100000007985285","FSD1","","",0.01713,,"",
"","100000007985327","FSD1","","",0.00917,,"",
"","100000007982280","FSD1","","",0.31719,,"",
"","100000007982316","FSD1","","",0.18181,,"",
"","100000007982338","FSD1","","",0.12058,,"",
"","100000007982374","FSD1","","",0.03653,,"",
"","100000007982221","FSD1","","",0.12823,,"",
"","100000007982252","FSD1","","",0.17308,,"",
"","100000007982337","FSD1","","",0.0498,,"",
"","100000007982212","FSD1","","",0.1275,,"",
"","100000007982233","FSD1","","",0.12167,,"",
"","100000007919002","FSD1","","",3.77632,,"",
"","100000007919017","FSD1","","",3.23139,,"",
"","100000007918920","FSD1","","",2.07848,,"",
"","100000007918932","FSD1","","",2.36277,,"",
"","100000007918956","FSD1","","",2.07848,,"",
"","100000007917919","FSD1","","",44.08523,,"",
"","100000007917937","FSD1","","",3.28794,,"",
"","100000007917545","FSD1","","",3.26907,,"",
"","100000007917607","FSD1","","",3.47387,,"",
"","100000007917638","FSD1","","",7.34163,,"",
"","100000007916475","FSD1","","",6.36116,,"",
"","100000007916494","FSD1","","",8.62865,,"",
"","100000007917632","FSD1","","",42.89916,,"",
"","100000007917647","FSD1","","",3.55506,,"",
"","100000007917548","FSD1","","",10.06045,,"",
"","100000007917568","FSD1","","",35.1957,,"",
"","100000007920717","FSD1","","",1.77245,,"",
"","100000007918564","FSD1","","",0.69772,,"",
"","100000007918608","FSD1","","",9.72561,,"",
"","100000007918628","FSD1","","",3.36621,,"",
"","100000007919894","FSD1","","",0.03937,,"",
"","100000007920762","FSD1","","",0.08081,,"",
"","100000007920746","FSD1","","",1.31762,,"",
"","100000007931458","FSD1","","",0.08881,,"",
"","100000007932143","FSD1","","",0.05945,,"",
"","100000007932016","FSD1","","",0.0295,,"",
"","100000007932036","FSD1","","",0.051,,"",
"","100000007932070","FSD1","","",0.02549,,"",
"","100000007933408","FSD1","","",0.03616,,"",
"","100000007936738","FSD1","","",0.01707,,"",
"","100000007936761","FSD1","","",0.01907,,"",
"","100000007936659","FSD1","","",0.02677,,"",
"","100000007937469","FSD1","","",0.03026,,"",
"","100000007937519","FSD1","","",0.05299,,"",
"","100000007937404","FSD1","","",0.04262,,"",
"","100000007937430","FSD1","","",0.07628,,"",
"","100000007937448","FSD1","","",0.05118,,"",
"","100000007941013","FSD1","","",0.43294,,"",
"","100000007942184","FSD1","","",0.23966,,"",
"","100000007942207","FSD1","","",0.25103,,"",
"","100000007942225","FSD1","","",0.27836,,"",
"","100000007940496","FSD1","","",0.32035,,"",
"","100000007940465","FSD1","","",0.38918,,"",
"","100000007940489","FSD1","","",0.419,,"",
"","100000007940518","FSD1","","",0.53489,,"",
"","100000007940541","FSD1","","",0.54461,,"",
"","100000007943812","FSD1","","",0.15895,,"",
"","100000007939458","FSD1","","",0.06143,,"",
"","100000007939355","FSD1","","",0.05501,,"",
"","100000007939394","FSD1","","",0.05545,,"",
"","100000007939419","FSD1","","",0.06711,,"",
"","100000007941495","FSD1","","",0.46202,,"",
"","100000007941518","FSD1","","",0.67574,,"",
"","100000007941536","FSD1","","",0.62768,,"",
"","100000007941430","FSD1","","",0.71384,,"",
"","100000007941449","FSD1","","",0.71679,,"",
"","100000007941488","FSD1","","",0.85597,,"",
"","100000007941528","FSD1","","",0.96728,,"",
"","100000007952303","FSD1","","",0.64953,,"",
"","100000007952641","FSD1","","",3.86364,,"",
"","100000007952665","FSD1","","",4.7169,,"",
"","100000007952564","FSD1","","",3.75701,,"",
"","100000007952595","FSD1","","",6.31464,,"",
"","100000007952634","FSD1","","",6.91558,,"",
"","100000007952551","FSD1","","",5.87939,,"",
"","100000007949307","FSD1","","",0.08349,,"",
"","100000007949327","FSD1","","",0.11604,,"",
"","100000007949348","FSD1","","",0.10109,,"",
"","100000007951900","FSD1","","",4.17367,,"",
"","100000007951914","FSD1","","",3.74581,,"",
"","100000007951960","FSD1","","",4.36897,,"",
"","100000007951949","FSD1","","",0.15476,,"",
"","100000007951966","FSD1","","",0.16859,,"",
"","100000007951989","FSD1","","",0.1519,,"",
"","100000007950821","FSD1","","",2.66149,,"",
"","100000007950835","FSD1","","",3.1194,,"",
"","100000007950848","FSD1","","",2.89041,,"",
"","100000007950878","FSD1","","",3.33462,,"",
"","100000007950890","FSD1","","",4.08161,,"",
"","100000007952009","FSD1","","",0.09449,,"",
"","100000007951909","FSD1","","",0.13513,,"",
"","100000007968219","FSD1","","",0.00959,,"",
"","100000007968284","FSD1","","",0.02211,,"",
"","100000007968401","FSD1","","",0.02028,,"",
"","100000007968107","FSD1","","",0.01727,,"",
"","100000007969214","FSD1","","",0.00926,,"",
"","100000007969215","FSD1","","",0.019,,"",
"","100000007967540","FSD1","","",0.03462,,"",
"","100000007967627","FSD1","","",0.03027,,"",
"","100000007967660","FSD1","","",0.05927,,"",
"","100000007967689","FSD1","","",0.04425,,"",
"","100000007957769","FSD1","","",0.03722,,"",
"","100000007963870","FSD1","","",0.05837,,"",
"","100000007963925","FSD1","","",0.08136,,"",
"","100000007983158","FSD1","","",0.01683,,"",
"","100000007988377","FSD1","","",0.29026,,"",
"","100000007988320","FSD1","","",0.18324,,"",
"","100000007988010","FSD1","","",0.1731,,"",
"","100000007982292","FSD1","","",0.017,,"",
"","100000007982352","FSD1","","",0.01799,,"",
"","100000007982213","FSD1","","",0.01696,,"",
"","100000007982234","FSD1","","",0.01364,,"",
"","100000007982236","FSD1","","",0.02354,,"",
"","100000007918969","FSD1","","",2.30422,,"",
"","100000007918934","FSD1","","",2.40061,,"",
"","100000007918950","FSD1","","",2.07848,,"",
"","100000007918979","FSD1","","",2.07848,,"",
"","100000007918995","FSD1","","",2.07848,,"",
"","100000007919012","FSD1","","",2.07848,,"",
"","100000007919020","FSD1","","",2.07848,,"",
"","100000007918916","FSD1","","",2.07848,,"",
"","100000007917561","FSD1","","",3.79788,,"",
"","100000007917577","FSD1","","",8.77535,,"",
"","100000007917564","FSD1","","",9.60444,,"",
"","100000007917642","FSD1","","",26.73958,,"",
"","100000007917535","FSD1","","",6.47729,,"",
"","100000007917556","FSD1","","",46.18769,,"",
"","100000007917594","FSD1","","",12.48211,,"",
"","100000007916809","FSD1","","",24.9028,,"",
"","100000007916679","FSD1","","",34.82044,,"",
"","100000007916579","FSD1","","",2.06773,,"",
"","100000007916564","FSD1","","",12.58739,,"",
"","100000007918553","FSD1","","",2.00434,,"",
"","100000007918606","FSD1","","",8.26537,,"",
"","100000007918624","FSD1","","",3.57883,,"",
"","100000007918893","FSD1","","",0.81468,,"",
"","100000007920815","FSD1","","",0.04454,,"",
"","100000007920753","FSD1","","",1.30559,,"",
"","100000007920797","FSD1","","",1.41928,,"",
"","100000007932212","FSD1","","",0.07443,,"",
"","100000007932126","FSD1","","",0.0886,,"",
"","100000007932157","FSD1","","",0.04685,,"",
"","100000007933744","FSD1","","",0.1043,,"",
"","100000007933229","FSD1","","",0.13628,,"",
"","100000007932442","FSD1","","",0.06196,,"",
"","100000007938581","FSD1","","",0.03587,,"",
"","100000007937471","FSD1","","",0.0717,,"",
"","100000007937488","FSD1","","",0.09334,,"",
"","100000007935267","FSD1","","",0.0366,,"",
"","100000007936037","FSD1","","",0.00968,,"",
"","100000007942864","FSD1","","",1.38542,,"",
"","100000007942898","FSD1","","",1.70607,,"",
"","100000007942800","FSD1","","",2.01868,,"",
"","100000007940405","FSD1","","",0.56955,,"",
"","100000007940425","FSD1","","",0.59063,,"",
"","100000007940455","FSD1","","",0.77621,,"",
"","100000007940558","FSD1","","",0.77932,,"",
"","100000007940423","FSD1","","",0.12506,,"",
"","100000007940793","FSD1","","",0.86818,,"",
"","100000007940818","FSD1","","",0.12561,,"",
"","100000007940882","FSD1","","",0.14541,,"",
"","100000007940745","FSD1","","",0.16668,,"",
"","100000007940880","FSD1","","",0.18759,,"",
"","100000007939142","FSD1","","",0.1672,,"",
"","100000007939180","FSD1","","",0.19529,,"",
"","100000007939111","FSD1","","",0.23856,,"",
"","100000007939149","FSD1","","",0.26864,,"",
"","100000007941441","FSD1","","",1.07877,,"",
"","100000007942410","FSD1","","",0.702,,"",
"","100000007942467","FSD1","","",0.94558,,"",
"","100000007942478","FSD1","","",1.00916,,"",
"","100000007942375","FSD1","","",0.66963,,"",
"","100000007941365","FSD1","","",1.07877,,"",
"","100000007941408","FSD1","","",1.22491,,"",
"","100000007941268","FSD1","","",1.36409,,"",
"","100000007941333","FSD1","","",1.83187,,"",
"","100000007950413","FSD1","","",0.4732,,"",
"","100000007950021","FSD1","","",0.22481,,"",
"","100000007950052","FSD1","","",0.20935,,"",
"","100000007951931","FSD1","","",0.11325,,"",
"","100000007952771","FSD1","","",0.06785,,"",
"","100000007952798","FSD1","","",0.15027,,"",
"","100000007952818","FSD1","","",0.1588,,"",
"","100000007952693","FSD1","","",0.21597,,"",
"","100000007952714","FSD1","","",0.20372,,"",
"","100000007952772","FSD1","","",0.25984,,"",
"","100000007952790","FSD1","","",0.34347,,"",
"","100000007963250","FSD1","","",0.0494,,"",
"","100000007963543","FSD1","","",0.06216,,"",
"","100000007963256","FSD1","","",0.07949,,"",
"","100000007963299","FSD1","","",0.10452,,"",
"","100000007959743","FSD1","","",0.07764,,"",
"","100000007970087","FSD1","","",0.01865,,"",
"","100000007970041","FSD1","","",0.01588,,"",
"","100000007957667","FSD1","","",0.09645,,"",
"","100000007966683","FSD1","","",0.1766,,"",
"","100000007966996","FSD1","","",0.03029,,"",
"","100000007967037","FSD1","","",0.05288,,"",
"","100000007967091","FSD1","","",0.04505,,"",
"","100000007967125","FSD1","","",0.02219,,"",
"","100000007964131","FSD1","","",0.05886,,"",
"","100000007963799","FSD1","","",0.0322,,"",
"","100000007964013","FSD1","","",0.04575,,"",
"","100000007964064","FSD1","","",0.08402,,"",
"","100000007983138","FSD1","","",0.01093,,"",
"","100000007981995","FSD1","","",0.04754,,"",
"","100000007981742","FSD1","","",0.04658,,"",
"","100000007982055","FSD1","","",0.11126,,"",
"","100000007982578","FSD1","","",0.21821,,"",
"","100000007982627","FSD1","","",0.05938,,"",
"","100000007982530","FSD1","","",0.08628,,"",
"","100000007982629","FSD1","","",0.11351,,"",
"","100000007988935","FSD1","","",0.03886,,"",
"","100000007989050","FSD1","","",0.02971,,"",
"","100000007989628","FSD1","","",0.0307,,"",
"","100000007917261","FSD1","","",1.57389,,"",
"","100000007917156","FSD1","","",1.57389,,"",
"","100000007917180","FSD1","","",1.57389,,"",
"","100000007917191","FSD1","","",1.57389,,"",
"","100000007917204","FSD1","","",1.57389,,"",
"","100000007917262","FSD1","","",86.16912,,"",
"","100000007917157","FSD1","","",1.57389,,"",
"","100000007916949","FSD1","","",3.29419,,"",
"","100000007916865","FSD1","","",3.8414,,"",
"","100000007919828","FSD1","","",15.18336,,"",
"","100000007916502","FSD1","","",4.22666,,"",
"","100000007916526","FSD1","","",4.02333,,"",
"","100000007916449","FSD1","","",6.61149,,"",
"","100000007919762","FSD1","","",3.31338,,"",
"","100000007919792","FSD1","","",4.17157,,"",
"","100000007919736","FSD1","","",4.33579,,"",
"","100000007919005","FSD1","","",8.33409,,"",
"","100000007918923","FSD1","","",26.24769,,"",
"","100000007919914","FSD1","","",0.10887,,"",
"","100000007918401","FSD1","","",0.07199,,"",
"","100000007932763","FSD1","","",0.10911,,"",
"","100000007935534","FSD1","","",0.00884,,"",
"","100000007935568","FSD1","","",0.01577,,"",
"","100000007935477","FSD1","","",0.03126,,"",
"","100000007935502","FSD1","","",0.0424,,"",
"","100000007935544","FSD1","","",0.01828,,"",
"","100000007935576","FSD1","","",0.02213,,"",
"","100000007935600","FSD1","","",0.03126,,"",
"","100000007939277","FSD1","","",0.08948,,"",
"","100000007939298","FSD1","","",0.09286,,"",
"","100000007939343","FSD1","","",0.13513,,"",
"","100000007939231","FSD1","","",0.15915,,"",
"","100000007939260","FSD1","","",0.14514,,"",
"","100000007943073","FSD1","","",0.11506,,"",
"","100000007941204","FSD1","","",0.3147,,"",
"","100000007941229","FSD1","","",0.4322,,"",
"","100000007941115","FSD1","","",0.52376,,"",
"","100000007941142","FSD1","","",0.3418,,"",
"","100000007941155","FSD1","","",0.54993,,"",
"","100000007941184","FSD1","","",0.42285,,"",
"","100000007941199","FSD1","","",0.77696,,"",
"","100000007941224","FSD1","","",0.67675,,"",
"","100000007941111","FSD1","","",0.53185,,"",
"","100000007940158","FSD1","","",0.02072,,"",
"","100000007940185","FSD1","","",0.0225,,"",
"","100000007940223","FSD1","","",0.02329,,"",
"","100000007940117","FSD1","","",0.02384,,"",
"","100000007940215","FSD1","","",0.03269,,"",
"","100000007940101","FSD1","","",0.03667,,"",
"","100000007940132","FSD1","","",0.03425,,"",
"","100000007952301","FSD1","","",3.01325,,"",
"","100000007952337","FSD1","","",3.18019,,"",
"","100000007952367","FSD1","","",5.5862,,"",
"","100000007952389","FSD1","","",0.22905,,"",
"","100000007952295","FSD1","","",0.25567,,"",
"","100000007951304","FSD1","","",2.3943,,"",
"","100000007949354","FSD1","","",1.19891,,"",
"","100000007949378","FSD1","","",1.11947,,"",
"","100000007949322","FSD1","","",1.31786,,"",
"","100000007949333","FSD1","","",1.50884,,"",
"","100000007949355","FSD1","","",1.61129,,"",
"","100000007952067","FSD1","","",0.06024,,"",
"","100000007952086","FSD1","","",0.08778,,"",
"","100000007952101","FSD1","","",0.06198,,"",
"","100000007952124","FSD1","","",0.03777,,"",
"","100000007952053","FSD1","","",0.0778,,"",
"","100000007952069","FSD1","","",0.0915,,"",
"","100000007952088","FSD1","","",0.11881,,"",
"","100000007950934","FSD1","","",0.45258,,"",
"","100000007950949","FSD1","","",0.64036,,"",
"","100000007950970","FSD1","","",0.56623,,"",
"","100000007951008","FSD1","","",0.77344,,"",
"","100000007951023","FSD1","","",0.77863,,"",
"","100000007949514","FSD1","","",3.01829,,"",
"","100000007958416","FSD1","","",0.03985,,"",
"","100000007968727","FSD1","","",0.07817,,"",
"","100000007968467","FSD1","","",0.01903,,"",
"","100000007968683","FSD1","","",0.04544,,"",
"","100000007968749","FSD1","","",0.03521,,"",
"","100000007968791","FSD1","","",0.03946,,"",
"","100000007963655","FSD1","","",0.02652,,"",
"","100000007960776","FSD1","","",0.45721,,"",
"","100000007961769","FSD1","","",0.66197,,"",
"","100000007958374","FSD1","","",0.03596,,"",
"","100000007988589","FSD1","","",0.13984,,"",
"","100000007988652","FSD1","","",0.16487,,"",
"","100000007988692","FSD1","","",0.18036,,"",
"","100000007988399","FSD1","","",0.2208,,"",
"","100000007988451","FSD1","","",0.26625,,"",
"","100000007988427","FSD1","","",1.09666,,"",
"","100000007988477","FSD1","","",1.1448,,"",
"","100000007984763","FSD1","","",0.02153,,"",
"","100000007984818","FSD1","","",0.04285,,"",
"","100000007984527","FSD1","","",0.02762,,"",
"","100000007984666","FSD1","","",0.04509,,"",
"","100000007984733","FSD1","","",0.05928,,"",
"","100000007982703","FSD1","","",0.0948,,"",
"","100000007982577","FSD1","","",0.09841,,"",
"","100000007982626","FSD1","","",0.08477,,"",
"","100000007982702","FSD1","","",0.09378,,"",
"","100000007982755","FSD1","","",0.1735,,"",
"","100000007982407","FSD1","","",0.3469,,"",
"","100000007917252","FSD1","","",1.5839,,"",
"","100000007917149","FSD1","","",2.16947,,"",
"","100000007917904","FSD1","","",1.64158,,"",
"","100000007916503","FSD1","","",3.64382,,"",
"","100000007916536","FSD1","","",5.26304,,"",
"","100000007916485","FSD1","","",4.52137,,"",
"","100000007916441","FSD1","","",6.30082,,"",
"","100000007920835","FSD1","","",5.15151,,"",
"","100000007916791","FSD1","","",2.28574,,"",
"","100000007920730","FSD1","","",1.29241,,"",
"","100000007920743","FSD1","","",1.33095,,"",
"","100000007920783","FSD1","","",1.37784,,"",
"","100000007920822","FSD1","","",1.61201,,"",
"","100000007918941","FSD1","","",4.07422,,"",
"","100000007918978","FSD1","","",1.48079,,"",
"","100000007919892","FSD1","","",0.07828,,"",
"","100000007919746","FSD1","","",0.0794,,"",
"","100000007919836","FSD1","","",0.05332,,"",
"","100000007919870","FSD1","","",0.03106,,"",
"","100000007932799","FSD1","","",0.09341,,"",
"","100000007931464","FSD1","","",0.06304,,"",
"","100000007931375","FSD1","","",0.08485,,"",
"","100000007931387","FSD1","","",0.07947,,"",
"","100000007931409","FSD1","","",0.04892,,"",
"","100000007935160","FSD1","","",0.02026,,"",
"","100000007935180","FSD1","","",0.02615,,"",
"","100000007935239","FSD1","","",0.01577,,"",
"","100000007941025","FSD1","","",0.23343,,"",
"","100000007941047","FSD1","","",0.27524,,"",
"","100000007941079","FSD1","","",0.29468,,"",
"","100000007941105","FSD1","","",0.33243,,"",
"","100000007940963","FSD1","","",0.31925,,"",
"","100000007940507","FSD1","","",0.14963,,"",
"","100000007940529","FSD1","","",0.16852,,"",
"","100000007940561","FSD1","","",0.19015,,"",
"","100000007940414","FSD1","","",0.20006,,"",
"","100000007943852","FSD1","","",0.08833,,"",
"","100000007943872","FSD1","","",0.11675,,"",
"","100000007943905","FSD1","","",0.09497,,"",
"","100000007941136","FSD1","","",0.53416,,"",
"","100000007941152","FSD1","","",0.62502,,"",
"","100000007941173","FSD1","","",0.87578,,"",
"","100000007940172","FSD1","","",0.04087,,"",
"","100000007940189","FSD1","","",0.04364,,"",
"","100000007940216","FSD1","","",0.05127,,"",
"","100000007940238","FSD1","","",0.05318,,"",
"","100000007940122","FSD1","","",0.06308,,"",
"","100000007940114","FSD1","","",0.06216,,"",
"","100000007940124","FSD1","","",0.15348,,"",
"","100000007952318","FSD1","","",0.27252,,"",
"","100000007952338","FSD1","","",0.3165,,"",
"","100000007952351","FSD1","","",0.27131,,"",
"","100000007952373","FSD1","","",0.29744,,"",
"","100000007952325","FSD1","","",0.33799,,"",
"","100000007952339","FSD1","","",0.5163,,"",
"","100000007950148","FSD1","","",0.44308,,"",
"","100000007950249","FSD1","","",0.58407,,"",
"","100000007950171","FSD1","","",0.68485,,"",
"","100000007949279","FSD1","","",2.08206,,"",
"","100000007949300","FSD1","","",2.0231,,"",
"","100000007949315","FSD1","","",3.17384,,"",
"","100000007948754","FSD1","","",0.68612,,"",
"","100000007952023","FSD1","","",0.13789,,"",
"","100000007952047","FSD1","","",0.15299,,"",
"","100000007952082","FSD1","","",1.4842,,"",
"","100000007952103","FSD1","","",1.73409,,"",
"","100000007951922","FSD1","","",1.82541,,"",
"","100000007951936","FSD1","","",2.38891,,"",
"","100000007951959","FSD1","","",2.24467,,"",
"","100000007951981","FSD1","","",2.88109,,"",
"","100000007951998","FSD1","","",2.84764,,"",
"","100000007950877","FSD1","","",2.13331,,"",
"","100000007968240","FSD1","","",0.084,,"",
"","100000007968282","FSD1","","",0.10639,,"",
"","100000007968348","FSD1","","",0.11732,,"",
"","100000007968324","FSD1","","",0.01608,,"",
"","100000007968373","FSD1","","",0.02105,,"",
"","100000007968446","FSD1","","",0.02002,,"",
"","100000007968128","FSD1","","",0.00831,,"",
"","100000007968106","FSD1","","",0.01164,,"",
"","100000007969350","FSD1","","",0.01604,,"",
"","100000007987613","FSD1","","",0.69604,,"",
"","100000007987681","FSD1","","",0.93466,,"",
"","100000007987793","FSD1","","",1.10614,,"",
"","100000007982295","FSD1","","",0.01478,,"",
"","100000007920092","FSD1","","",4.56298,,"",
"","100000007920109","FSD1","","",5.13384,,"",
"","100000007920140","FSD1","","",4.42821,,"",
"","100000007920163","FSD1","","",11.7304,,"",
"","100000007918567","FSD1","","",5.8229,,"",
"","100000007917614","FSD1","","",10.6789,,"",
"","100000007917635","FSD1","","",5.95797,,"",
"","100000007917528","FSD1","","",13.035,,"",
"","100000007918770","FSD1","","",6.83988,,"",
"","100000007918804","FSD1","","",7.47932,,"",
"","100000007918811","FSD1","","",6.9649,,"",
"","100000007917802","FSD1","","",12.45842,,"",
"","100000007917815","FSD1","","",15.91818,,"",
"","100000007917822","FSD1","","",16.04291,,"",
"","100000007917836","FSD1","","",19.54612,,"",
"","100000007917892","FSD1","","",28.69515,,"",
"","100000007917808","FSD1","","",32.87248,,"",
"","100000007918112","FSD1","","",0.03512,,"",
"","100000007918148","FSD1","","",1.11194,,"",
"","100000007920831","FSD1","","",1.407,,"",
"","100000007931976","FSD1","","",0.04984,,"",
"","100000007938622","FSD1","","",0.08521,,"",
"","100000007938556","FSD1","","",0.09847,,"",
"","100000007938161","FSD1","","",0.09077,,"",
"","100000007938185","FSD1","","",0.10999,,"",
"","100000007937099","FSD1","","",0.09315,,"",
"","100000007937345","FSD1","","",0.04438,,"",
"","100000007937357","FSD1","","",0.04107,,"",
"","100000007935698","FSD1","","",0.01386,,"",
"","100000007940743","FSD1","","",0.20464,,"",
"","100000007940870","FSD1","","",0.22426,,"",
"","100000007940907","FSD1","","",0.20996,,"",
"","100000007940932","FSD1","","",0.23215,,"",
"","100000007940792","FSD1","","",0.28015,,"",
"","100000007940682","FSD1","","",0.35875,,"",
"","100000007940714","FSD1","","",0.42744,,"",
"","100000007940601","FSD1","","",0.48602,,"",
"","100000007940364","FSD1","","",0.1456,,"",
"","100000007940394","FSD1","","",0.15953,,"",
"","100000007940255","FSD1","","",0.17365,,"",
"","100000007940289","FSD1","","",0.18119,,"",
"","100000007940327","FSD1","","",0.21051,,"",
"","100000007940365","FSD1","","",0.24847,,"",
"","100000007942432","FSD1","","",1.35001,,"",
"","100000007942376","FSD1","","",1.54687,,"",
"","100000007941355","FSD1","","",1.77465,,"",
"","100000007941386","FSD1","","",1.9417,,"",
"","100000007948537","FSD1","","",8.55531,,"",
"","100000007949470","FSD1","","",0.50198,,"",
"","100000007949391","FSD1","","",0.54993,,"",
"","100000007949402","FSD1","","",0.18777,,"",
"","100000007949427","FSD1","","",0.53586,,"",
"","100000007949448","FSD1","","",0.59716,,"",
"","100000007951338","FSD1","","",4.27375,,"",
"","100000007952202","FSD1","","",3.11912,,"",
"","100000007950321","FSD1","","",15.17577,,"",
"","100000007950257","FSD1","","",28.63836,,"",
"","100000007951062","FSD1","","",1.21274,,"",
"","100000007951077","FSD1","","",1.09782,,"",
"","100000007949947","FSD1","","",0.06471,,"",
"","100000007949995","FSD1","","",0.22492,,"",
"","100000007952685","FSD1","","",0.09649,,"",
"","100000007952708","FSD1","","",0.35889,,"",
"","100000007952758","FSD1","","",0.45362,,"",
"","100000007963398","FSD1","","",0.12256,,"",
"","100000007957715","FSD1","","",0.10599,,"",
"","100000007957714","FSD1","","",0.17255,,"",
"","100000007959297","FSD1","","",0.04892,,"",
"","100000007959369","FSD1","","",0.05444,,"",
"","100000007959411","FSD1","","",0.07199,,"",
"","100000007967198","FSD1","","",0.05609,,"",
"","100000007966997","FSD1","","",0.06,,"",
"","100000007967056","FSD1","","",0.02221,,"",
"","100000007966952","FSD1","","",0.04999,,"",
"","100000007966955","FSD1","","",0.04931,,"",
"","100000007966917","FSD1","","",0.43074,,"",
"","100000007986036","FSD1","","",0.34904,,"",
"","100000007983856","FSD1","","",0.01405,,"",
"","100000007994703","FSD1","","",2.09916,,"",
"","100000007994791","FSD1","","",2.12944,,"",
"","100000007920104","FSD1","","",7.79006,,"",
"","100000007919651","FSD1","","",4.76548,,"",
"","100000007919665","FSD1","","",10.99725,,"",
"","100000007918599","FSD1","","",5.798,,"",
"","100000007918617","FSD1","","",6.08362,,"",
"","100000007919590","FSD1","","",219.81938,,"",
"","100000007919614","FSD1","","",7.34345,,"",
"","100000307474605","FSD1","","",8.34325,,"",
"","100000007919995","FSD1","","",3.21931,,"",
"","100000007918883","FSD1","","",9.53325,,"",
"","100000007918795","FSD1","","",9.19229,,"",
"","100000007918725","FSD1","","",7.64658,,"",
"","100000007917732","FSD1","","",30.58387,,"",
"","100000007917747","FSD1","","",8.47521,,"",
"","100000007917769","FSD1","","",14.45772,,"",
"","100000007917679","FSD1","","",7.76596,,"",
"","100000007917695","FSD1","","",7.34747,,"",
"","100000007917726","FSD1","","",12.47821,,"",
"","100000007918153","FSD1","","",0.15561,,"",
"","100000007918168","FSD1","","",0.23286,,"",
"","100000007918120","FSD1","","",0.2699,,"",
"","100000007918322","FSD1","","",0.07595,,"",
"","100000007918374","FSD1","","",0.04823,,"",
"","100000007933214","FSD1","","",0.1594,,"",
"","100000007932694","FSD1","","",0.09552,,"",
"","100000007932601","FSD1","","",0.03827,,"",
"","100000007932576","FSD1","","",0.08556,,"",
"","100000007934947","FSD1","","",0.03082,,"",
"","100000007934972","FSD1","","",0.03638,,"",
"","100000007934872","FSD1","","",0.0304,,"",
"","100000007934888","FSD1","","",0.01854,,"",
"","100000007938200","FSD1","","",0.12317,,"",
"","100000007938225","FSD1","","",0.0959,,"",
"","100000007934777","FSD1","","",0.03658,,"",
"","100000007934792","FSD1","","",0.08127,,"",
"","100000007934812","FSD1","","",0.10555,,"",
"","100000007934723","FSD1","","",0.12401,,"",
"","100000007938198","FSD1","","",0.3323,,"",
"","100000007938888","FSD1","","",0.12834,,"",
"","100000007938927","FSD1","","",0.11772,,"",
"","100000007943198","FSD1","","",0.35194,,"",
"","100000007940832","FSD1","","",0.29559,,"",
"","100000007940651","FSD1","","",0.44586,,"",
"","100000007940579","FSD1","","",0.62043,,"",
"","100000007940244","FSD1","","",0.29887,,"",
"","100000007940366","FSD1","","",0.15432,,"",
"","100000007940245","FSD1","","",0.17365,,"",
"","100000007942434","FSD1","","",0.11912,,"",
"","100000007942446","FSD1","","",0.14653,,"",
"","100000007942458","FSD1","","",4.19882,,"",
"","100000007949666","FSD1","","",6.52042,,"",
"","100000007949482","FSD1","","",0.6629,,"",
"","100000007949495","FSD1","","",0.7719,,"",
"","100000007949403","FSD1","","",0.80127,,"",
"","100000007952281","FSD1","","",3.60298,,"",
"","100000007952156","FSD1","","",3.8162,,"",
"","100000007952169","FSD1","","",4.70348,,"",
"","100000007952212","FSD1","","",4.8442,,"",
"","100000007952241","FSD1","","",6.80658,,"",
"","100000007951099","FSD1","","",1.43205,,"",
"","100000007951115","FSD1","","",1.66535,,"",
"","100000007951138","FSD1","","",1.95516,,"",
"","100000007951078","FSD1","","",2.2637,,"",
"","100000007951100","FSD1","","",2.60871,,"",
"","100000007950035","FSD1","","",0.4109,,"",
"","100000007949559","FSD1","","",0.17292,,"",
"","100000007949582","FSD1","","",0.19767,,"",
"","100000007949601","FSD1","","",0.1826,,"",
"","100000007962480","FSD1","","",0.74173,,"",
"","100000007962594","FSD1","","",1.1957,,"",
"","100000007959145","FSD1","","",0.09053,,"",
"","100000007959197","FSD1","","",0.10773,,"",
"","100000007959250","FSD1","","",0.09477,,"",
"","100000007959324","FSD1","","",0.13971,,"",
"","100000007959370","FSD1","","",0.15755,,"",
"","100000007966956","FSD1","","",0.14798,,"",
"","100000007967182","FSD1","","",0.35858,,"",
"","100000007966308","FSD1","","",0.07142,,"",
"","100000007969117","FSD1","","",0.03961,,"",
"","100000007968851","FSD1","","",0.06244,,"",
"","100000007968973","FSD1","","",0.04386,,"",
"","100000007969046","FSD1","","",0.08386,,"",
"","100000007983902","FSD1","","",0.09986,,"",
"","100000007983691","FSD1","","",0.02575,,"",
"","100000007939878","NYS1","","",438.73,,"",
"","100000007992720","NYS1","","",14.84,,"",
"","100000007992492","NYS1","","",13.42,,"",
"","100000007991936","NYS1","","",13.97,,"",
"","100000007932192","NYS2","","",0.29997,,"",
"","100000007932206","NYS2","","",0.32823,,"",
"","100000007894895","NGC1","","",1.038,,"",
"","100000007894873","NGC1","","",0.206,,"",
"","100000007894882","NGC1","","",3.3,,"",
"","100000007894886","NGC1","","",0.4435,,"",
"","100000008037917","NYS1","","",68.26,,"",
"","100000008038141","NYS1","","",45.39,,"",
"","100000008038293","NYS1","","",61.44,,"",
"","100000008038545","NYS1","","",26.31,,"",
"","100000008038718","NYS1","","",18.82,,"",
"","100000008038486","NYS1","","",850.18,,"",
"","100000007890730","NYS1","","",13.76,,"",
"","100000008034598","NYS1","","",1.55,,"",
"","100000008034693","NYS1","","",1.84,,"",
"","100000008033436","NYS1","","",2.28,,"",
"","100000008033524","NYS1","","",2.1,,"",
"","100000008034642","NYS1","","",6.28,,"",
"","100000008034743","NYS1","","",6.06,,"",
"","100000008034833","NYS1","","",4.5,,"",
"","100000008034834","NYS1","","",4.15,,"",
"","100000007939819","NYS1","","",248.76,,"",
"","100000007939798","NYS1","","",609.38,,"",
"","100000007991563","NYS1","","",6.14,,"",
"","100000007991658","NYS1","","",5.83,,"",
"","100000007991818","NYS1","","",16.15,,"",
"","100000007932114","NYS2","","",0.576,,"",
"","100000007931875","NYS2","","",0.864,,"",
"","100000007931762","NYS2","","",0.387,,"",
"","100000007894894","NGC1","","",0.315,,"",
"","100000007894871","NGC1","","",1.96,,"",
"","100000007894941","NGC1","","",1.5,,"",
"","100000008038743","NYS1","","",329.36,,"",
"","100000008038931","NYS1","","",570.9,,"",
"","100000008038165","NYS1","","",38.43,,"",
"","100000008038401","NYS1","","",24.47,,"",
"","100000008036620","NYS1","","",53.08,,"",
"","100000008036790","NYS1","","",57.07,,"",
"","100000008037096","NYS1","","",212.35,,"",
"","100000008037276","NYS1","","",228.9,,"",
"","100000008036924","NYS1","","",196.25,,"",
"","100000008037382","NYS1","","",332.03,,"",
"","100000007837658","NYS1","","",15.8,,"",
"","100000008033411","NYS1","","",3.26,,"",
"","100000008033495","NYS1","","",1.02,,"",
"","100000008033663","NYS1","","",1.49,,"",
"","100000008033578","NYS1","","",2.79,,"",
"","100000008033754","NYS1","","",3.52,,"",
"","100000008033496","NYS1","","",3.59,,"",
"","100000008033664","NYS1","","",6.66,,"",
"","100000008033579","NYS1","","",6.63,,"",
"","100000008033755","NYS1","","",5.69,,"",
"","100000008033929","NYS1","","",6.07,,"",
"","100000007939882","NYS1","","",424.33,,"",
"","100000007939902","NYS1","","",403.37,,"",
"","100000007939925","NYS1","","",388.55,,"",
"","100000007939809","NYS1","","",301.38,,"",
"","100000007939810","NYS1","","",483.62,,"",
"","100000007991910","NYS1","","",8.87,,"",
"","100000007991472","NYS1","","",11.61,,"",
"","100000007991882","NYS1","","",11.74,,"",
"","100000307430358","NYS1","","",0.0127,,"",
"","100000307430358","NYS1","","",12.71,,"",
"","100000007995395","NYS1","","",8.09,,"",
"","100000007995434","NYS1","","",12.93,,"",
"","100000008004918","NYS1","","",335.91,,"",
"","100000008005356","NYS1","","",7.75,,"",
"","100000007931976","NYS2","","",0.25119,,"",
"","100000007932601","NYS2","","",0.34506,,"",
"","100000007932388","NYS2","","",1.044,,"",
"","100000007932403","NYS2","","",1.17,,"",
"","100000007892613","NYS1","","",1,,"",
"","100000008032727","NYS1","","",36.7,,"",
"","100000008033317","NYS1","","",29.66,,"",
"","100000008032548","NYS1","","",22.36,,"",
"","100000008032462","NYS1","","",37.37,,"",
"","100000008032994","NYS1","","",29.37,,"",
"","100000008037569","NYS1","","",3.28,,"",
"","100000008036836","NYS1","","",2.99,,"",
"","100000008037199","NYS1","","",2.32,,"",
"","100000008037473","NYS1","","",2,,"",
"","100000007891471","NYS1","","",157.56,,"",
"","100000008033497","NYS1","","",1.96,,"",
"","100000008034021","NYS1","","",2.01,,"",
"","100000008033665","NYS1","","",2.39,,"",
"","100000008036069","NYS1","","",167.91,,"",
"","100000007891913","NYS1","","",2.57,,"",
"","100000007891891","NYS1","","",1.28,,"",
"","100000007939342","NYS1","","",100.64,,"",
"","100000007939213","NYS1","","",265.91,,"",
"","100000307430359","NYS1","","",20.56,,"",
"","100000007995602","NYS1","","",0.2474,,"",
"","100000007995358","NYS1","","",24.34,,"",
"","100000007995465","NYS1","","",5.67,,"",
"","100000008005009","NYS1","","",247.79,,"",
"","100000008005184","NYS1","","",66.16,,"",
"","100000008005361","NYS1","","",53.13,,"",
"","100000007932016","NYS2","","",0.17676,,"",
"","100000007932036","NYS2","","",0.34587,,"",
"","100000007932070","NYS2","","",0.13428,,"",
"","100000007932576","NYS2","","",0.38043,,"",
"","100000007932653","NYS2","","",0.27837,,"",
"","100000007932583","NYS2","","",0.25056,,"",
"","100000007932516","NYS2","","",0.07659,,"",
"","100000007932526","NYS2","","",0.15282,,"",
"","100000007932361","NYS2","","",1.026,,"",
"","100000007893003","NYS1","","",1.45,,"",
"","100000007893007","NYS1","","",2.28,,"",
"","100000008037661","NYS1","","",2.86,,"",
"","100000008037201","NYS1","","",2.22,,"",
"","100000008037384","NYS1","","",1.54,,"",
"","100000007837358","NYS1","","",11.58,,"",
"","100000008034189","NYS1","","",1.56,,"",
"","100000008034374","NYS1","","",1.32,,"",
"","100000008034644","NYS1","","",1,,"",
"","100000008034836","NYS1","","",2.17,,"",
"","100000008033634","NYS1","","",1.59,,"",
"","100000008033994","NYS1","","",1.14,,"",
"","100000008034282","NYS1","","",0.81,,"",
"","100000007891901","NYS1","","",1.3,,"",
"","100000007891905","NYS1","","",1.22,,"",
"","100000007891912","NYS1","","",1.33,,"",
"","100000007941232","NYS1","","",1197.24,,"",
"","100000007955259","NYS1","","",0.47,,"",
"","100000007955279","NYS1","","",0.84,,"",
"","100000007994514","NYS1","","",40.53,,"",
"","100000007994309","NYS1","","",31.21,,"",
"","100000307430361","NYS1","","",1.653,,"",
"","100000007994422","NYS1","","",38.06,,"",
"","100000008003988","NYS1","","",12.36,,"",
"","100000008009432","NYS1","","",1.79,,"",
"","100000007932474","NYS2","","",0.11457,,"",
"","100000007938227","NYS1","","",193.48,,"",
"","100000007938195","NYS1","","",154.68,,"",
"","100000007938421","NYS1","","",134.29,,"",
"","100000007938430","NYS1","","",170.91,,"",
"","100000007938514","NYS1","","",149.99,,"",
"","100000007893015","NYS1","","",2.14,,"",
"","100000008023897","NYS1","","",3.48,,"",
"","100000008023730","NYS1","","",3.97,,"",
"","100000008023898","NYS1","","",4.13,,"",
"","100000007893990","NYS1","","",81.47,,"",
"","100000007837363","NYS1","","",19.36,,"",
"","100000007837355","NYS1","","",17.59,,"",
"","100000007837361","NYS1","","",9.41,,"",
"","100000008033813","NYS1","","",2.2,,"",
"","100000008034084","NYS1","","",2.97,,"",
"","100000008033576","NYS1","","",8.69,,"",
"","100000007933023","NYS2","","",0.23247,,"",
"","100000007955187","NYS1","","",1.15,,"",
"","100000007955223","NYS1","","",1.49,,"",
"","100000007955243","NYS1","","",0.95,,"",
"","100000007955260","NYS1","","",0.97,,"",
"","100000007955274","NYS1","","",0.67,,"",
"","100000007955188","NYS1","","",0.71,,"",
"","100000007955244","NYS1","","",4.58,,"",
"","100000008008278","NYS1","","",5.01,,"",
"","100000008008954","NYS1","","",1.7,,"",
"","100000008009253","NYS1","","",1.94,,"",
"","100000008009433","NYS1","","",6.67,,"",
"","100000008009681","NYS1","","",4.96,,"",
"","100000008008370","NYS1","","",9.18,,"",
"","100000007937700","NYS1","","",164.94,,"",
"","100000007938229","NYS1","","",252.58,,"",
"","100000007938131","NYS1","","",154.78,,"",
"","100000007938311","NYS1","","",173.72,,"",
"","100000008024261","NYS1","","",7.37,,"",
"","100000008023899","NYS1","","",8.39,,"",
"","100000008038576","NYS1","","",7.02,,"",
"","100000008038764","NYS1","","",8.81,,"",
"","100000008039031","NYS1","","",8.42,,"",
"","100000008037863","NYS1","","",6.42,,"",
"","100000008038083","NYS1","","",8.57,,"",
"","100000008037070","NYS1","","",78.73,,"",
"","100000008021481","NYS1","","",32.97,,"",
"","100000007890666","NYS1","","",24.93,,"",
"","100000008034791","NYS1","","",3.04,,"",
"","100000008033602","NYS1","","",2.06,,"",
"","100000008033782","NYS1","","",1.7,,"",
"","100000008034044","NYS1","","",3.05,,"",
"","100000008034510","NYS1","","",5.12,,"",
"","100000008034695","NYS1","","",5,,"",
"","100000008033525","NYS1","","",3.76,,"",
"","100000008024644","NYS1","","",30.1,,"",
"","100000007939037","NYS1","","",137.55,,"",
"","100000007955204","NYS1","","",0.55,,"",
"","100000007955235","NYS1","","",1.14,,"",
"","100000007955256","NYS1","","",1.45,,"",
"","100000007955268","NYS1","","",1.09,,"",
"","100000007955206","NYS1","","",1.25,,"",
"","100000007932885","NYS2","","",0.29673,,"",
"","100000007932871","NYS2","","",1.089,,"",
"","100000007938541","NYS1","","",152.8,,"",
"","100000007939557","NYS1","","",128.86,,"",
"","100000007939587","NYS1","","",113.32,,"",
"","100000007939496","NYS1","","",147.96,,"",
"","100000008035015","NYS1","","",21.31,,"",
"","100000008035484","NYS1","","",140.14,,"",
"","100000008035845","NYS1","","",74.17,,"",
"","100000008034914","NYS1","","",49.92,,"",
"","100000008035573","NYS1","","",34.23,,"",
"","100000008037714","NYS1","","",510.9,,"",
"","100000008036540","NYS1","","",123.67,,"",
"","100000008037072","NYS1","","",76.2,,"",
"","100000008037528","NYS1","","",148.02,,"",
"","100000008036376","NYS1","","",60.91,,"",
"","100000007891005","NYS1","","",19.05,,"",
"","100000007891009","NYS1","","",21.21,,"",
"","100000007891011","NYS1","","",13.77,,"",
"","100000008033603","NYS1","","",3.66,,"",
"","100000008033973","NYS1","","",4.07,,"",
"","100000008034259","NYS1","","",4.13,,"",
"","100000008034443","NYS1","","",4.72,,"",
"","100000008034719","NYS1","","",5.08,,"",
"","100000008033461","NYS1","","",4.04,,"",
"","100000008033719","NYS1","","",4.15,,"",
"","100000008033808","NYS1","","",1.66,,"",
"","100000008035251","NYS1","","",451.04,,"",
"","100000008035519","NYS1","","",133.33,,"",
"","100000008035980","NYS1","","",139.73,,"",
"","100000007955114","NYS1","","",2.47,,"",
"","100000007955172","NYS1","","",1.21,,"",
"","100000007955060","NYS1","","",1.24,,"",
"","100000007939173","NYS1","","",185.62,,"",
"","100000007932872","NYS2","","",0.36468,,"",
"","100000007933229","NYS2","","",0.882,,"",
"","100000007933408","NYS2","","",0.29691,,"",
"","100000007939387","NYS1","","",174.93,,"",
"","100000007939477","NYS1","","",189.23,,"",
"","100000007939370","NYS1","","",165.57,,"",
"","100000008036207","NYS1","","",27.11,,"",
"","100000008035306","NYS1","","",21.88,,"",
"","100000008035575","NYS1","","",55.22,,"",
"","100000008035847","NYS1","","",36.79,,"",
"","100000008035017","NYS1","","",30.15,,"",
"","100000008036792","NYS1","","",127.98,,"",
"","100000008037255","NYS1","","",54.92,,"",
"","100000008032649","NYS1","","",28.82,,"",
"","100000008037115","NYS1","","",79.16,,"",
"","100000008037572","NYS1","","",54.87,,"",
"","100000008036432","NYS1","","",43.03,,"",
"","100000008028469","NYS1","","",19.57,,"",
"","100000008028997","NYS1","","",20.07,,"",
"","100000008029081","NYS1","","",23.03,,"",
"","100000008035155","NYS1","","",229,,"",
"","100000008035610","NYS1","","",231.44,,"",
"","100000008036070","NYS1","","",169.88,,"",
"","100000008035058","NYS1","","",171.95,,"",
"","100000008035343","NYS1","","",176.12,,"",
"","100000008035981","NYS1","","",187.5,,"",
"","100000008034951","NYS1","","",228.66,,"",
"","100000007922348","DTR1","","",0.32345,,"",
"","100000007918978","DTR1","","",2.62064,,"",
"","100000007918915","DTR1","","",3.17018,,"",
"","100000007922261","DTR1","","",0.22991,,"",
"","100000007922182","DTR1","","",0.11945,,"",
"","100000007920815","DTR1","","",0.07145,,"",
"","100000007920834","DTR1","","",0.04745,,"",
"","100000007920728","DTR1","","",0.22255,,"",
"","100000007920748","DTR1","","",0.12545,,"",
"","100000007920764","DTR1","","",0.06764,,"",
"","100000007920238","DTR1","","",2.97573,,"",
"","100000007920291","DTR1","","",3.15382,,"",
"","100000007920352","DTR1","","",3.26509,,"",
"","100000007920725","DTR1","","",1.82809,,"",
"","100000007920759","DTR1","","",1.88836,,"",
"","100000007920804","DTR1","","",2.00755,,"",
"","100000007918564","DTR1","","",1.12064,,"",
"","100000007918608","DTR1","","",15.62209,,"",
"","100000007918628","DTR1","","",5.40709,,"",
"","100000007918553","DTR1","","",3.21955,,"",
"","100000007921093","DTR1","","",21.20127,,"",
"","100000007921119","DTR1","","",33.60136,,"",
"","100000007922224","DTR1","","",0.89373,,"",
"","100000007922256","DTR1","","",0.51873,,"",
"","100000007922584","DTR1","","",0.45655,,"",
"","100000007922605","DTR1","","",0.606,,"",
"","100000007922638","DTR1","","",1.03855,,"",
"","100000007922081","DTR1","","",0.6,,"",
"","100000007922126","DTR1","","",0.13173,,"",
"","100000007922397","DTR1","","",0.23673,,"",
"","100000007922228","DTR1","","",0.525,,"",
"","100000007922245","DTR1","","",0.29782,,"",
"","100000007922202","DTR1","","",0.43555,,"",
"","100000007922223","DTR1","","",0.264,,"",
"","100000007922236","DTR1","","",0.42545,,"",
"","100000007922183","DTR1","","",0.18055,,"",
"","100000007922197","DTR1","","",0.41209,,"",
"","100000007922216","DTR1","","",0.29373,,"",
"","100000007922338","DTR1","","",0.60982,,"",
"","100000007922377","DTR1","","",0.73009,,"",
"","100000007922307","DTR1","","",1.21227,,"",
"","100000007920796","DTR1","","",2.01027,,"",
"","100000007922969","DTR1","","",0.31473,,"",
"","100000007923055","DTR1","","",0.82227,,"",
"","100000007922230","DTR1","","",0.24518,,"",
"","100000007920830","DTR1","","",1.91209,,"",
"","100000007920746","DTR1","","",2.11636,,"",
"","100000007920753","DTR1","","",2.09727,,"",
"","100000007920730","DTR1","","",2.076,,"",
"","100000007920743","DTR1","","",2.13791,,"",
"","100000007920783","DTR1","","",2.21318,,"",
"","100000007920822","DTR1","","",2.58927,,"",
"","100000007920797","DTR1","","",2.27973,,"",
"","100000007920831","DTR1","","",2.26009,,"",
"","100000007920717","DTR1","","",2.847,,"",
"","100000007921292","DTR1","","",1.92655,,"",
"","100000007921166","DTR1","","",6.55145,,"",
"","100000007921059","DTR1","","",39.85773,,"",
"","100000007922134","DTR1","","",0.27273,,"",
"","100000007922161","DTR1","","",0.40773,,"",
"","100000007922150","DTR1","","",0.969,,"",
"","100000007922167","DTR1","","",0.87545,,"",
"","100000007921223","DTR1","","",7.434,,"",
"","100000007922407","DTR1","","",0.43909,,"",
"","100000007923095","DTR1","","",0.65618,,"",
"","100000007922105","DTR1","","",0.47045,,"",
"","100000007922151","DTR1","","",0.24136,,"",
"","100000007922125","DTR1","","",0.39218,,"",
"","100000007922309","DTR1","","",0.14264,,"",
"","100000007923012","DTR1","","",0.97582,,"",
"","100000007922328","DTR1","","",0.97882,,"",
"","100000007922406","DTR1","","",0.60082,,"",
"","100000007922226","DTR1","","",0.30055,,"",
"","100000007922238","DTR1","","",0.35864,,"",
"","100000007922470","DTR1","","",0.19091,,"",
"","100000007921739","DTR1","","",0.82745,,"",
"","100000007921530","DTR1","","",0.08236,,"",
"","100000007921523","DTR1","","",0.16609,,"",
"","100000007921763","DTR1","","",0.36927,,"",
"","100000007921811","DTR1","","",1.98464,,"",
"","100000007921516","DTR1","","",0.13555,,"",
"","100000007922578","DTR1","","",0.15655,,"",
"","100000007922614","DTR1","","",1.26082,,"",
"","100000007922628","DTR1","","",1.16836,,"",
"","100000007919836","DTR1","","",0.09136,,"",
"","100000007919870","DTR1","","",0.04991,,"",
"","100000007919894","DTR1","","",0.06327,,"",
"","100000007920762","DTR1","","",0.12982,,"",
"","100000007922647","DTR1","","",0.68727,,"",
"","100000007922554","DTR1","","",0.81955,,"",
"","100000007922572","DTR1","","",1.49973,,"",
"","100000007922589","DTR1","","",0.70909,,"",
"","100000007922607","DTR1","","",1.71355,,"",
"","100000007922573","DTR1","","",0.72845,,"",
"","100000007922608","DTR1","","",0.38236,,"",
"","100000007922561","DTR1","","",0.717,,"",
"","100000007918769","DTR1","","",1.20736,,"",
"","100000007918655","DTR1","","",1.13427,,"",
"","100000007918717","DTR1","","",0.87764,,"",
"","100000007918647","DTR1","","",0.80945,,"",
"","100000007918664","DTR1","","",0.95536,,"",
"","100000007918734","DTR1","","",69.984,,"",
"","100000007918893","DTR1","","",1.30855,,"",
"","100000007922495","DTR1","","",0.58882,,"",
"","100000007922043","DTR1","","",0.59836,,"",
"","100000007921847","DTR1","","",0.10282,,"",
"","100000007922115","DTR1","","",0.18,,"",
"","100000007919746","DTR1","","",0.12764,,"",
"","100000007921868","DTR1","","",0.15055,,"",
"","100000007921838","DTR1","","",0.15818,,"",
"","100000007919892","DTR1","","",0.12573,,"",
"","100000007922592","DTR1","","",0.68945,,"",
"","100000007922634","DTR1","","",0.52418,,"",
"","100000007922612","DTR1","","",1.30773,,"",
"","100000007919914","DTR1","","",0.17482,,"",
"","100000007901319","DTR1","","",0.05318,,"",
"","100000007901449","DTR1","","",0.14291,,"",
"","100000007901535","DTR1","","",0.153,,"",
"","100000007901302","DTR1","","",0.09,,"",
"","100000007922550","DTR1","","",1.24718,,"",
"","100000007922556","DTR1","","",0.88909,,"",
"","100000007905106","DTR1","","",0.03436,,"",
"","100000007905157","DTR1","","",0.07609,,"",
"","100000007905260","DTR1","","",0.006,,"",
"","100000007904948","DTR1","","",0.01364,,"",
"","100000007904997","DTR1","","",0.02182,,"",
"","100000007905131","DTR1","","",0.02509,,"",
"","100000007905197","DTR1","","",0.02864,,"",
"","100000007905261","DTR1","","",0.04473,,"",
"","100000007904928","DTR1","","",0.10418,,"",
"","100000007904998","DTR1","","",0.084,,"",
"","100000008017993","B4U1","","",0.410571429,,"",
"","100000008016780","B4U1","","",0.550857143,,"",
"","100000008016941","B4U1","","",0.900571429,,"",
"","100000008013273","B4U1","","",2.152428571,,"",
"","100000008030588","B4U1","","",5.879428571,,"",
"","100000008029538","B4U1","","",6.267571429,,"",
"","100000008029727","B4U1","","",7.406,,"",
"","100000008029928","B4U1","","",3.070285714,,"",
"","100000008029990","B4U1","","",8.670714286,,"",
"","100000008030137","B4U1","","",8.309714286,,"",
"","100000008030369","B4U1","","",9.442142857,,"",
"","100000008030516","B4U1","","",11.315,,"",
"","100000008030540","B4U1","","",2.730857143,,"",
"","100000008011175","B4U1","","",1.589142857,,"",
"","100000008011328","B4U1","","",2.823428571,,"",
"","100000008011768","B4U1","","",1.851428571,,"",
"","100000008009965","B4U1","","",2.005714286,,"",
"","100000008009913","B4U1","","",0.817714286,,"",
"","100000008010319","B4U1","","",0.879428571,,"",
"","100000008030085","B4U1","","",2.820571429,,"",
"","100000008007329","B4U1","","",5.140714286,,"",
"","100000008007603","B4U1","","",5.209142857,,"",
"","100000007990440","B4U1","","",1.345428571,,"",
"","100000007992666","B4U1","","",0.075428571,,"",
"","100000007992722","B4U1","","",0.150428571,,"",
"","100000007992755","B4U1","","",0.078142857,,"",
"","100000007992522","B4U1","","",0.100857143,,"",
"","100000007994078","B4U1","","",0.085142857,,"",
"","100000008011492","B4U1","","",1.820571429,,"",
"","100000008011674","B4U1","","",2.098285714,,"",
"","100000008012169","B4U1","","",2.098285714,,"",
"","100000008011108","B4U1","","",1.851428571,,"",
"","100000008011255","B4U1","","",1.851428571,,"",
"","100000008009883","B4U1","","",1.512,,"",
"","100000008010691","B4U1","","",0.879428571,,"",
"","100000008009836","B4U1","","",1.110857143,,"",
"","100000008010237","B4U1","","",1.296,,"",
"","100000008009754","B4U1","","",2.329714286,,"",
"","100000008009859","B4U1","","",4.752,,"",
"","100000008010423","B4U1","","",0.802285714,,"",
"","100000008009777","B4U1","","",0.879428571,,"",
"","100000008010182","B4U1","","",0.879428571,,"",
"","100000008010887","B4U1","","",0.868142857,,"",
"","100000008009732","B4U1","","",0.438142857,,"",
"","100000008009974","B4U1","","",1.223428571,,"",
"","100000007990640","B4U1","","",0.417142857,,"",
"","100000007991564","B4U1","","",0.127,,"",
"","100000007991660","B4U1","","",0.161142857,,"",
"","100000007991819","B4U1","","",0.167,,"",
"","100000007933214","B4U1","","",0.134142857,,"",
"","100000008011329","B4U1","","",6.618857143,,"",
"","100000008010914","B4U1","","",2.376,,"",
"","100000008010343","B4U1","","",0.987428571,,"",
"","100000008010570","B4U1","","",0.987428571,,"",
"","100000008010940","B4U1","","",1.234285714,,"",
"","100000008010516","B4U1","","",1.743428571,,"",
"","100000008009814","B4U1","","",0.792428571,,"",
"","100000008010219","B4U1","","",29.02585714,,"",
"","100000008010298","B4U1","","",21.365,,"",
"","100000008012217","B4U1","","",2.005714286,,"",
"","100000008010968","B4U1","","",1.990285714,,"",
"","100000008011181","B4U1","","",1.990285714,,"",
"","100000008007146","B4U1","","",4.457428571,,"",
"","100000007986187","B4U1","","",0.040428571,,"",
"","100000007986344","B4U1","","",0.043857143,,"",
"","100000007988276","B4U1","","",0.119285714,,"",
"","100000007988320","B4U1","","",0.163428571,,"",
"","100000007988010","B4U1","","",0.145714286,,"",
"","100000007989945","B4U1","","",0.162,,"",
"","100000007989628","B4U1","","",0.025857143,,"",
"","100000007933531","B4U1","","",0.256142857,,"",
"","100000008016327","B4U1","","",7.868571429,,"",
"","100000008016611","B4U1","","",12.52157143,,"",
"","100000008016136","B4U1","","",5.045142857,,"",
"","100000008016328","B4U1","","",7.695571429,,"",
"","100000008011339","B4U1","","",2.761714286,,"",
"","100000008012106","B4U1","","",1.542857143,,"",
"","100000008010969","B4U1","","",1.897714286,,"",
"","100000008011112","B4U1","","",2.252571429,,"",
"","100000008011340","B4U1","","",6.896571429,,"",
"","100000008011797","B4U1","","",1.820571429,,"",
"","100000008012107","B4U1","","",1.897714286,,"",
"","100000008012323","B4U1","","",1.866857143,,"",
"","100000007986397","B4U1","","",0.054714286,,"",
"","100000007986072","B4U1","","",0.07,,"",
"","100000007988377","B4U1","","",0.244285714,,"",
"","100000007989940","B4U1","","",6.095285714,,"",
"","100000007989892","B4U1","","",0.150571429,,"",
"","100000007989731","B4U1","","",0.080714286,,"",
"","100000007935313","B4U1","","",0.025,,"",
"","100000008017207","B4U1","","",1.284142857,,"",
"","100000008016612","B4U1","","",8.223428571,,"",
"","100000008015936","B4U1","","",19.25485714,,"",
"","100000008016422","B4U1","","",6.017142857,,"",
"","100000008016230","B4U1","","",1.897714286,,"",
"","100000008016514","B4U1","","",2.730857143,,"",
"","100000008016137","B4U1","","",3.116571429,,"",
"","100000008011509","B4U1","","",1.141714286,,"",
"","100000008011798","B4U1","","",1.496571429,,"",
"","100000008012108","B4U1","","",1.489428571,,"",
"","100000007986098","B4U1","","",0.103285714,,"",
"","100000007987429","B4U1","","",0.350571429,,"",
"","100000007994490","B4U1","","",2.868,,"",
"","100000007994254","B4U1","","",2.962285714,,"",
"","100000007935439","B4U1","","",0.016571429,,"",
"","100000008017709","B4U1","","",2.548571429,,"",
"","100000008012683","B4U1","","",5.159714286,,"",
"","100000008013101","B4U1","","",2.870142857,,"",
"","100000007993852","B4U1","","",0.925,,"",
"","100000007995155","B4U1","","",0.309,,"",
"","100000007935375","B4U1","","",0.009285714,,"",
"","100000007917180","FOS1","","",2.617655342,,"",
"","100000007917191","FOS1","","",2.487024618,,"",
"","100000007917204","FOS1","","",2.617655342,,"",
"","100000007918209","FOS1","","",57.97351524,,"",
"","100000007918204","FOS1","","",35.63156181,,"",
"","100000007917904","FOS1","","",2.593993418,,"",
"","100000007917919","FOS1","","",61.90819344,,"",
"","100000007918974","FOS1","","",12.26668836,,"",
"","100000007925120","FOS1","","",27.15897298,,"",
"","100000007920958","FOS1","","",10.67169894,,"",
"","100000007920851","FOS1","","",49.02512441,,"",
"","100000007921184","FOS1","","",11.2035488,,"",
"","100000007921141","FOS1","","",19.02911127,,"",
"","100000007921182","FOS1","","",35.65467385,,"",
"","100000007921100","FOS1","","",22.4893438,,"",
"","100000007921000","FOS1","","",9.240583072,,"",
"","100000007921041","FOS1","","",12.62884416,,"",
"","100000007922000","FOS1","","",193.2123964,,"",
"","100000007922024","FOS1","","",143.4941278,,"",
"","100000007921554","FOS1","","",145.5168818,,"",
"","100000007921502","FOS1","","",68.47271098,,"",
"","100000007920688","FOS1","","",14.94443287,,"",
"","100000007920697","FOS1","","",11.7496307,,"",
"","100000007920581","FOS1","","",27.68709126,,"",
"","100000007920526","FOS1","","",8.798183863,,"",
"","100000007920541","FOS1","","",10.01389967,,"",
"","100000007920562","FOS1","","",19.03681648,,"",
"","100000007920575","FOS1","","",8.101575402,,"",
"","100000007920396","FOS1","","",10.67719175,,"",
"","100000007921379","FOS1","","",15.41391608,,"",
"","100000007921403","FOS1","","",6.365792548,,"",
"","100000007921439","FOS1","","",19.2989792,,"",
"","100000007921462","FOS1","","",14.72732896,,"",
"","100000008032649","FOS1","","",20.80982633,,"",
"","100000008027941","FOS1","","",5.986661703,,"",
"","100000007891471","FOS1","","",204.6318585,,"",
"","100000008027805","FOS1","","",17.72731888,,"",
"","100000008027992","FOS1","","",8.567761122,,"",
"","100000008027416","FOS1","","",60.05877714,,"",
"","100000008023258","FOS1","","",0.405685041,,"",
"","100000007890666","FOS1","","",13.74260229,,"",
"","100000008023278","FOS1","","",0.239680674,,"",
"","100000008023426","FOS1","","",0.335896654,,"",
"","100000008025275","FOS1","","",6.241646215,,"",
"","100000008025507","FOS1","","",16.15226193,,"",
"","100000007918251","FOS1","","",56.41134545,,"",
"","100000007918267","FOS1","","",47.6191749,,"",
"","100000007918297","FOS1","","",51.92938911,,"",
"","100000007919002","FOS1","","",9.290263909,,"",
"","100000007919017","FOS1","","",5.943516454,,"",
"","100000007920872","FOS1","","",23.18772797,,"",
"","100000007920888","FOS1","","",17.67591526,,"",
"","100000007921201","FOS1","","",16.76393629,,"",
"","100000007921191","FOS1","","",9.948098471,,"",
"","100000007921241","FOS1","","",9.118407558,,"",
"","100000007921273","FOS1","","",16.18372061,,"",
"","100000007921082","FOS1","","",0.318126159,,"",
"","100000007921113","FOS1","","",14.00990038,,"",
"","100000007921001","FOS1","","",14.32924137,,"",
"","100000007921953","FOS1","","",150.5987476,,"",
"","100000007921969","FOS1","","",131.7460705,,"",
"","100000007922009","FOS1","","",127.6940059,,"",
"","100000007921937","FOS1","","",92.74379621,,"",
"","100000007921977","FOS1","","",40.61813918,,"",
"","100000007921514","FOS1","","",76.49297586,,"",
"","100000007921535","FOS1","","",87.88334762,,"",
"","100000007921549","FOS1","","",160.9366518,,"",
"","100000007921538","FOS1","","",28.76895223,,"",
"","100000007921558","FOS1","","",29.9948159,,"",
"","100000007921574","FOS1","","",33.18812457,,"",
"","100000007921592","FOS1","","",35.03331081,,"",
"","100000007921673","FOS1","","",31.88636422,,"",
"","100000007921718","FOS1","","",66.66777276,,"",
"","100000007921699","FOS1","","",93.80931349,,"",
"","100000007922472","FOS1","","",13.75778924,,"",
"","100000008027442","FOS1","","",5.145304012,,"",
"","100000008027735","FOS1","","",7.353521588,,"",
"","100000008027664","FOS1","","",7.32967792,,"",
"","100000008023482","FOS1","","",5.475888014,,"",
"","100000008022441","FOS1","","",0.254738719,,"",
"","100000008022601","FOS1","","",0.335896654,,"",
"","100000008022839","FOS1","","",0.335896654,,"",
"","100000008022992","FOS1","","",0.405371283,,"",
"","100000008023204","FOS1","","",0.335896654,,"",
"","100000008023351","FOS1","","",0.335896654,,"",
"","100000008022779","FOS1","","",0.267997596,,"",
"","100000008023030","FOS1","","",0.219284353,,"",
"","100000008023167","FOS1","","",0.114198349,,"",
"","100000008023389","FOS1","","",0.218667609,,"",
"","100000008023541","FOS1","","",0.243325333,,"",
"","100000007918268","FOS1","","",7.292069033,,"",
"","100000007918920","FOS1","","",4.002343808,,"",
"","100000007918932","FOS1","","",4.005716775,,"",
"","100000007920990","FOS1","","",20.54345723,,"",
"","100000007922001","FOS1","","",41.27270958,,"",
"","100000007922017","FOS1","","",43.43889885,,"",
"","100000007921939","FOS1","","",48.07736019,,"",
"","100000007921955","FOS1","","",58.85197458,,"",
"","100000007921498","FOS1","","",39.36619269,,"",
"","100000007921866","FOS1","","",79.53130337,,"",
"","100000007921683","FOS1","","",179.1169823,,"",
"","100000008028471","FOS1","","",15.78720051,,"",
"","100000008028619","FOS1","","",18.51248392,,"",
"","100000008023561","FOS1","","",0.630090448,,"",
"","100000008023599","FOS1","","",0.335896654,,"",
"","100000008024035","FOS1","","",33.8219503,,"",
"","100000008024709","FOS1","","",2.888157621,,"",
"","100000008023950","FOS1","","",8.11602623,,"",
"","100000008022647","FOS1","","",0.228348217,,"",
"","100000008022802","FOS1","","",0.422255229,,"",
"","100000008038120","FOS1","","",4.141215744,,"",
"","100000007919461","FOS1","","",23.69628009,,"",
"","100000007919043","FOS1","","",19.53830395,,"",
"","100000007923374","FOS1","","",159.9690004,,"",
"","100000007923251","FOS1","","",395.9458898,,"",
"","100000007923301","FOS1","","",119.9919474,,"",
"","100000007923320","FOS1","","",270.8299594,,"",
"","100000007923361","FOS1","","",6.157595886,,"",
"","100000007922513","FOS1","","",67.99387846,,"",
"","100000008028838","FOS1","","",17.97282903,,"",
"","100000008028190","FOS1","","",19.66040699,,"",
"","100000008025042","FOS1","","",1.090936857,,"",
"","100000008024944","FOS1","","",1.031296357,,"",
"","100000008023729","FOS1","","",2.269477134,,"",
"","100000008023897","FOS1","","",2.407561925,,"",
"","100000008037916","FOS1","","",4.420397251,,"",
"","100000008038063","FOS1","","",4.876723467,,"",
"","100000008038462","FOS1","","",4.966260429,,"",
"","100000008038716","FOS1","","",5.242163786,,"",
"","100000008038905","FOS1","","",5.731101299,,"",
"","100000008037842","FOS1","","",7.724521172,,"",
"","100000008037988","FOS1","","",8.482499216,,"",
"","100000008037989","FOS1","","",32.92193469,,"",
"","100000008038217","FOS1","","",64.25695137,,"",
"","100000008038377","FOS1","","",117.790323,,"",
"","100000007919102","FOS1","","",9.315263575,,"",
"","100000007920014","FOS1","","",7.889358363,,"",
"","100000007920023","FOS1","","",9.926491645,,"",
"","100000007923734","FOS1","","",18.81317855,,"",
"","100000007923772","FOS1","","",7.283093285,,"",
"","100000007923781","FOS1","","",8.893351229,,"",
"","100000007923662","FOS1","","",9.673033068,,"",
"","100000007923708","FOS1","","",14.8437224,,"",
"","100000007923311","FOS1","","",3.031786223,,"",
"","100000007923333","FOS1","","",3.37341691,,"",
"","100000007923359","FOS1","","",159.9690004,,"",
"","100000007923382","FOS1","","",119.9919474,,"",
"","100000008036432","FOS1","","",22.28467778,,"",
"","100000008028645","FOS1","","",25.57107692,,"",
"","100000008029024","FOS1","","",23.10652448,,"",
"","100000008028271","FOS1","","",22.13972621,,"",
"","100000008034189","FOS1","","",0.741961872,,"",
"","100000008034374","FOS1","","",0.63679468,,"",
"","100000008034259","FOS1","","",2.505117805,,"",
"","100000008034443","FOS1","","",3.533094478,,"",
"","100000008034719","FOS1","","",3.916086823,,"",
"","100000008033461","FOS1","","",2.665585192,,"",
"","100000008033719","FOS1","","",2.692581529,,"",
"","100000008033893","FOS1","","",2.991119691,,"",
"","100000008033974","FOS1","","",3.151936076,,"",
"","100000008034552","FOS1","","",5.088754446,,"",
"","100000008034642","FOS1","","",3.020065875,,"",
"","100000008034832","FOS1","","",2.555426153,,"",
"","100000008034743","FOS1","","",3.14938416,,"",
"","100000008038626","FOS1","","",31.84581072,,"",
"","100000008038812","FOS1","","",25.24500666,,"",
"","100000008037917","FOS1","","",45.5386011,,"",
"","100000008034951","FOS1","","",194.7572958,,"",
"","100000008035434","FOS1","","",182.8871523,,"",
"","100000007920015","FOS1","","",36.99322905,,"",
"","100000007924067","FOS1","","",100.5514579,,"",
"","100000007924107","FOS1","","",138.8356174,,"",
"","100000007924131","FOS1","","",119.9919474,,"",
"","100000007923726","FOS1","","",20.58546129,,"",
"","100000007923755","FOS1","","",13.13029071,,"",
"","100000007923654","FOS1","","",16.70904876,,"",
"","100000007923672","FOS1","","",31.0845233,,"",
"","100000007923697","FOS1","","",31.9952541,,"",
"","100000007923951","FOS1","","",14.75734907,,"",
"","100000007923975","FOS1","","",25.36332809,,"",
"","100000007923912","FOS1","","",2.763676282,,"",
"","100000007923930","FOS1","","",3.489624006,,"",
"","100000007923857","FOS1","","",22.94480776,,"",
"","100000008036732","FOS1","","",153.8276012,,"",
"","100000008037000","FOS1","","",118.4101043,,"",
"","100000008037365","FOS1","","",185.0427745,,"",
"","100000008036408","FOS1","","",91.66068964,,"",
"","100000008036646","FOS1","","",122.8722756,,"",
"","100000008036584","FOS1","","",14.71087429,,"",
"","100000008036839","FOS1","","",13.43683333,,"",
"","100000008037763","FOS1","","",33.70877602,,"",
"","100000008036846","FOS1","","",18.51368974,,"",
"","100000008037031","FOS1","","",28.79155109,,"",
"","100000008037486","FOS1","","",77.76154495,,"",
"","100000008034644","FOS1","","",0.414319479,,"",
"","100000008034836","FOS1","","",1.06169511,,"",
"","100000008033634","FOS1","","",0.637613764,,"",
"","100000008033994","FOS1","","",0.522444912,,"",
"","100000008034282","FOS1","","",0.423253798,,"",
"","100000008033813","FOS1","","",1.426086949,,"",
"","100000008034084","FOS1","","",1.862986757,,"",
"","100000008034692","FOS1","","",13.96222664,,"",
"","100000008034168","FOS1","","",2.361375366,,"",
"","100000008034260","FOS1","","",2.356143584,,"",
"","100000008034444","FOS1","","",1.38322128,,"",
"","100000008034621","FOS1","","",1.5711689,,"",
"","100000008034720","FOS1","","",1.044185523,,"",
"","100000008033625","FOS1","","",1.316066543,,"",
"","100000008034447","FOS1","","",1.317762689,,"",
"","100000008034625","FOS1","","",2.474426673,,"",
"","100000008034723","FOS1","","",2.633389421,,"",
"","100000008033466","FOS1","","",1.820588056,,"",
"","100000008034833","FOS1","","",2.12769631,,"",
"","100000008034834","FOS1","","",2.338781974,,"",
"","100000008033411","FOS1","","",1.49373267,,"",
"","100000008033495","FOS1","","",0.558724489,,"",
"","100000008033663","FOS1","","",0.739995032,,"",
"","100000008033578","FOS1","","",1.525380412,,"",
"","100000008033754","FOS1","","",1.722100398,,"",
"","100000008033496","FOS1","","",1.914039568,,"",
"","100000008033664","FOS1","","",3.75216664,,"",
"","100000008033840","FOS1","","",3.360925871,,"",
"","100000008036093","FOS1","","",37.978965,,"",
"","100000008034891","FOS1","","",30.49449534,,"",
"","100000008035374","FOS1","","",20.31032518,,"",
"","100000008036000","FOS1","","",15.55704096,,"",
"","100000007920069","FOS1","","",40.71215803,,"",
"","100000007919931","FOS1","","",31.31525565,,"",
"","100000007917262","FOS1","","",153.3943015,,"",
"","100000007917157","FOS1","","",2.610402876,,"",
"","100000007924891","FOS1","","",12.36029638,,"",
"","100000007925171","FOS1","","",34.80314024,,"",
"","100000007925101","FOS1","","",8.627759485,,"",
"","100000007923880","FOS1","","",28.58222501,,"",
"","100000007923894","FOS1","","",31.30186722,,"",
"","100000007925012","FOS1","","",37.34229903,,"",
"","100000007925035","FOS1","","",44.45471931,,"",
"","100000007925013","FOS1","","",21.1600522,,"",
"","100000007925027","FOS1","","",19.98721461,,"",
"","100000007925072","FOS1","","",24.06521985,,"",
"","100000007924543","FOS1","","",38.77441632,,"",
"","100000007920392","FOS1","","",17.08826592,,"",
"","100000008036906","FOS1","","",151.0020196,,"",
"","100000008037275","FOS1","","",74.0711372,,"",
"","100000008037547","FOS1","","",91.54328343,,"",
"","100000008036647","FOS1","","",59.08421922,,"",
"","100000008036817","FOS1","","",153.0560178,,"",
"","100000008037096","FOS1","","",190.1618418,,"",
"","100000008037276","FOS1","","",197.9042725,,"",
"","100000008036924","FOS1","","",126.5102871,,"",
"","100000008037112","FOS1","","",161.8685503,,"",
"","100000008037382","FOS1","","",366.8573842,,"",
"","100000008033576","FOS1","","",6.146755789,,"",
"","100000008032440","FOS1","","",34.65532431,,"",
"","100000008034598","FOS1","","",1.069801753,,"",
"","100000008034693","FOS1","","",1.160157855,,"",
"","100000008033436","FOS1","","",1.422170782,,"",
"","100000007837631","FOS1","","",9.057089854,,"",
"","100000007837648","FOS1","","",52.70887658,,"",
"","100000008033629","FOS1","","",2.137790654,,"",
"","100000008033808","FOS1","","",0.8437984,,"",
"","100000008034070","FOS1","","",0.616876688,,"",
"","100000008033579","FOS1","","",3.57273515,,"",
"","100000008033755","FOS1","","",2.652622018,,"",
"","100000008033929","FOS1","","",3.357892342,,"",
"","100000008035192","FOS1","","",13.53873863,,"",
"","100000008026114","FOS1","","",9.346070693,,"",
"","100000008026371","FOS1","","",7.647599944,,"",
"","100000008025355","FOS1","","",2.719532338,,"",
"","100000008025508","FOS1","","",3.014104766,,"",
"","100000007917252","FOS1","","",3.096190507,,"",
"","100000007917149","FOS1","","",3.608451544,,"",
"","100000007917150","FOS1","","",0.117616158,,"",
"","100000007917173","FOS1","","",0.200610946,,"",
"","100000007917212","FOS1","","",5.500763988,,"",
"","100000007924881","FOS1","","",20.39922877,,"",
"","100000007924897","FOS1","","",26.17083453,,"",
"","100000007924923","FOS1","","",54.44606864,,"",
"","100000007924973","FOS1","","",9.508861125,,"",
"","100000007925022","FOS1","","",11.01704765,,"",
"","100000007925066","FOS1","","",14.5326815,,"",
"","100000007924951","FOS1","","",32.80812778,,"",
"","100000007925918","FOS1","","",50.78863126,,"",
"","100000007925970","FOS1","","",65.1571423,,"",
"","100000007924949","FOS1","","",62.30173285,,"",
"","100000007924975","FOS1","","",91.44450544,,"",
"","100000007925034","FOS1","","",28.03450914,,"",
"","100000007925058","FOS1","","",28.5301298,,"",
"","100000007925380","FOS1","","",30.67394171,,"",
"","100000007925442","FOS1","","",28.96438871,,"",
"","100000007925477","FOS1","","",33.39851201,,"",
"","100000007920497","FOS1","","",7.175450912,,"",
"","100000007920574","FOS1","","",8.075744056,,"",
"","100000007920394","FOS1","","",8.130554037,,"",
"","100000007920397","FOS1","","",15.73702238,,"",
"","100000007920418","FOS1","","",9.493481068,,"",
"","100000007920413","FOS1","","",18.64254857,,"",
"","100000007921401","FOS1","","",10.38835563,,"",
"","100000007921424","FOS1","","",11.08164525,,"",
"","100000008035966","FOS1","","",102.7686154,,"",
"","100000008036234","FOS1","","",22.90403453,,"",
"","100000008036051","FOS1","","",83.49439272,,"",
"","100000008036333","FOS1","","",17.95824634,,"",
"","100000007837358","FOS1","","",7.598119696,,"",
"","100000007837639","FOS1","","",21.08039827,,"",
"","100000007837316","FOS1","","",22.98390052,,"",
"","100000007837286","FOS1","","",6.036092669,,"",
"","100000007837400","FOS1","","",11.36393086,,"",
"","100000007939760","NYS1","","",0.3195,,"",
"","100000008026522","NYS1","","",30.89,,"",
"","100000008026671","NYS1","","",32.89,,"",
"","100000008026523","NYS1","","",24.83,,"",
"","100000008012350","NYS1","","",1.63,,"",
"","100000008011674","NYS1","","",4.52,,"",
"","100000008012169","NYS1","","",4.74,,"",
"","100000008011108","NYS1","","",4.15,,"",
"","100000008011255","NYS1","","",4.41,,"",
"","100000008009883","NYS1","","",3.93,,"",
"","100000008009754","NYS1","","",6.01,,"",
"","100000008010914","NYS1","","",6.17,,"",
"","100000008010077","NYS1","","",1.83,,"",
"","100000008010940","NYS1","","",3.21,,"",
"","100000008010516","NYS1","","",4.37,,"",
"","100000008010203","NYS1","","",2.26,,"",
"","100000008002837","NYS1","","",1.3,,"",
"","100000008003850","NYS1","","",3.55,,"",
"","100000008002765","NYS1","","",3.78,,"",
"","100000008004394","NYS1","","",5.36,,"",
"","100000008005279","NYS1","","",0.2057,,"",
"","100000008004049","NYS1","","",0.2392,,"",
"","100000007942768","NYS1","","",3.08,,"",
"","100000008001923","NYS1","","",0.3037,,"",
"","100000008002203","NYS1","","",1.15,,"",
"","100000007939277","NYS1","","",0.4222,,"",
"","100000007939298","NYS1","","",0.89,,"",
"","100000007939343","NYS1","","",1.13,,"",
"","100000008011672","NYS1","","",7.13,,"",
"","100000008011960","NYS1","","",7.17,,"",
"","100000008011329","NYS1","","",17.32,,"",
"","100000008011494","NYS1","","",1.82,,"",
"","100000008011770","NYS1","","",0.8427,,"",
"","100000008010905","NYS1","","",1.83,,"",
"","100000008010070","NYS1","","",1.89,,"",
"","100000008010314","NYS1","","",3.74,,"",
"","100000008010466","NYS1","","",1.79,,"",
"","100000008010685","NYS1","","",2.33,,"",
"","100000008010472","NYS1","","",2.23,,"",
"","100000008010837","NYS1","","",1.69,,"",
"","100000008009999","NYS1","","",2.52,,"",
"","100000008010595","NYS1","","",2.55,,"",
"","100000008010961","NYS1","","",2.51,,"",
"","100000008010121","NYS1","","",3.29,,"",
"","100000008016155","NYS1","","",29.07,,"",
"","100000008005012","NYS1","","",0.3082,,"",
"","100000008005191","NYS1","","",0.3603,,"",
"","100000008004489","NYS1","","",0.48,,"",
"","100000008004414","NYS1","","",10.29,,"",
"","100000008004535","NYS1","","",0.51,,"",
"","100000008005227","NYS1","","",0.56,,"",
"","100000007942130","NYS1","","",9.75,,"",
"","100000007942202","NYS1","","",13.31,,"",
"","100000007942233","NYS1","","",0.3924,,"",
"","100000007942142","NYS1","","",0.2278,,"",
"","100000008002204","NYS1","","",0.63,,"",
"","100000007939231","NYS1","","",1.17,,"",
"","100000007939260","NYS1","","",1.18,,"",
"","100000007941162","NYS1","","",1.12,,"",
"","100000007941177","NYS1","","",0.89,,"",
"","100000007941203","NYS1","","",0.89,,"",
"","100000007941218","NYS1","","",0.88,,"",
"","100000007941114","NYS1","","",1.01,,"",
"","100000007941877","NYS1","","",1.92,,"",
"","100000007941903","NYS1","","",2.05,,"",
"","100000007941225","NYS1","","",3.47,,"",
"","100000007941120","NYS1","","",3.46,,"",
"","100000007941138","NYS1","","",3.84,,"",
"","100000007941128","NYS1","","",4.42,,"",
"","100000007941459","NYS1","","",5.7,,"",
"","100000007941482","NYS1","","",5.79,,"",
"","100000008011576","NYS1","","",8.44,,"",
"","100000008012371","NYS1","","",3.27,,"",
"","100000008011174","NYS1","","",4.99,,"",
"","100000008011322","NYS1","","",5.07,,"",
"","100000008011577","NYS1","","",27.41,,"",
"","100000008009716","NYS1","","",2.05,,"",
"","100000008009881","NYS1","","",1.29,,"",
"","100000008010127","NYS1","","",3.42,,"",
"","100000008017500","NYS1","","",11.38,,"",
"","100000008017806","NYS1","","",13.18,,"",
"","100000008004444","NYS1","","",0.72,,"",
"","100000008004710","NYS1","","",0.84,,"",
"","100000008004967","NYS1","","",0.94,,"",
"","100000008004185","NYS1","","",1.05,,"",
"","100000008004445","NYS1","","",1.32,,"",
"","100000008000851","NYS1","","",0.67,,"",
"","100000008000489","NYS1","","",3.21,,"",
"","100000008001072","NYS1","","",1.16,,"",
"","100000007941130","NYS1","","",1.49,,"",
"","100000007941154","NYS1","","",1.1,,"",
"","100000007941178","NYS1","","",1.1,,"",
"","100000007941193","NYS1","","",1.19,,"",
"","100000007941219","NYS1","","",1.56,,"",
"","100000007941237","NYS1","","",1.37,,"",
"","100000007941131","NYS1","","",1.64,,"",
"","100000007941147","NYS1","","",2.34,,"",
"","100000007941169","NYS1","","",4.21,,"",
"","100000007941194","NYS1","","",2.74,,"",
"","100000007941495","NYS1","","",1.68,,"",
"","100000007941518","NYS1","","",1.74,,"",
"","100000008017773","NYS1","","",31.5,,"",
"","100000008016646","NYS1","","",93.4,,"",
"","100000008018059","NYS1","","",34.59,,"",
"","100000008013322","NYS1","","",42.07,,"",
"","100000008016327","NYS1","","",15.67,,"",
"","100000008016611","NYS1","","",28.04,,"",
"","100000007942950","NYS1","","",0.289,,"",
"","100000007942966","NYS1","","",0.3772,,"",
"","100000007942991","NYS1","","",0.3143,,"",
"","100000007942160","NYS1","","",0.19,,"",
"","100000007942203","NYS1","","",0.2927,,"",
"","100000007942218","NYS1","","",0.2461,,"",
"","100000007942108","NYS1","","",0.2723,,"",
"","100000007942124","NYS1","","",0.2997,,"",
"","100000007942152","NYS1","","",0.3435,,"",
"","100000007942169","NYS1","","",0.3676,,"",
"","100000007942193","NYS1","","",0.3694,,"",
"","100000007942209","NYS1","","",0.4789,,"",
"","100000007942227","NYS1","","",0.83,,"",
"","100000007942153","NYS1","","",1.2,,"",
"","100000007941163","NYS1","","",0.88,,"",
"","100000007941179","NYS1","","",0.94,,"",
"","100000007941204","NYS1","","",1.62,,"",
"","100000007941488","NYS1","","",2.75,,"",
"","100000007941528","NYS1","","",3.07,,"",
"","100000007941536","NYS1","","",2.15,,"",
"","100000007941430","NYS1","","",2.42,,"",
"","100000007941449","NYS1","","",2.45,,"",
"","100000007942976","NYS1","","",0.1417,,"",
"","100000008016136","NYS1","","",10.49,,"",
"","100000008016328","NYS1","","",18.25,,"",
"","100000008016612","NYS1","","",19.21,,"",
"","100000008015936","NYS1","","",37.51,,"",
"","100000008016422","NYS1","","",12.68,,"",
"","100000008016230","NYS1","","",4.27,,"",
"","100000008016514","NYS1","","",5.42,,"",
"","100000008016137","NYS1","","",5.5,,"",
"","100000008019841","NYS1","","",0.391,,"",
"","100000007943073","NYS1","","",0.2515,,"",
"","100000007941441","NYS1","","",3.82,,"",
"","100000007941480","NYS1","","",4.04,,"",
"","100000007941431","NYS1","","",6.59,,"",
"","100000007941472","NYS1","","",6.86,,"",
"","100000007943048","NYS1","","",0.1027,,"",
"","100000007942977","NYS1","","",0.1367,,"",
"","100000008025510","NYS1","","",3.77,,"",
"","100000008016424","NYS1","","",5.58,,"",
"","100000008020014","NYS1","","",0.49,,"",
"","100000008020032","NYS1","","",0.84,,"",
"","100000008020199","NYS1","","",0.46,,"",
"","100000008020429","NYS1","","",1.24,,"",
"","100000008020602","NYS1","","",1.01,,"",
"","100000008019673","NYS1","","",1.14,,"",
"","100000008020114","NYS1","","",0.55,,"",
"","100000008020348","NYS1","","",0.97,,"",
"","100000007943541","NYS1","","",1.81,,"",
"","100000007941407","NYS1","","",7.59,,"",
"","100000007941281","NYS1","","",9.3,,"",
"","100000007943602","NYS1","","",8.48,,"",
"","100000008019077","NYS1","","",0.84,,"",
"","100000008018744","NYS1","","",0.74,,"",
"","100000008018914","NYS1","","",0.46,,"",
"","100000008019163","NYS1","","",1.04,,"",
"","100000008019341","NYS1","","",1.52,,"",
"","100000008020774","NYS1","","",1.56,,"",
"","100000008019571","NYS1","","",0.7,,"",
"","100000008019859","NYS1","","",0.36,,"",
"","100000008020200","NYS1","","",0.3158,,"",
"","100000008020349","NYS1","","",0.47,,"",
"","100000008020775","NYS1","","",0.3516,,"",
"","100000008019572","NYS1","","",0.79,,"",
"","100000007943588","NYS1","","",1.99,,"",
"","100000007943624","NYS1","","",2.3,,"",
"","100000007944435","NYS1","","",0.1581,,"",
"","100000007943348","NYS1","","",0.5016,,"",
"","100000008006568","NYS1","","",2.99,,"",
"","100000008005499","NYS1","","",2.05,,"",
"","100000007943532","NYS1","","",0.75,,"",
"","100000008023174","NYS1","","",30.1,,"",
"","100000008002131","NYS1","","",3.86,,"",
"","100000008002411","NYS1","","",5.24,,"",
"","100000008002596","NYS1","","",3.14,,"",
"","100000007938978","AMP1","","",15.87000659,,"",
"","100000007941224","AMP1","","",1.0359185,,"",
"","100000007941111","AMP1","","",0.857818318,,"",
"","100000007940608","AMP1","","",0.583068492,,"",
"","100000007940629","AMP1","","",0.714466486,,"",
"","100000007940661","AMP1","","",0.630121525,,"",
"","100000007940682","AMP1","","",0.681383273,,"",
"","100000007940714","AMP1","","",0.89776389,,"",
"","100000007940601","AMP1","","",1.082884756,,"",
"","100000007940651","AMP1","","",1.05254267,,"",
"","100000007938553","AMP1","","",0.197983072,,"",
"","100000007939111","AMP1","","",0.673084245,,"",
"","100000007939149","AMP1","","",0.764544341,,"",
"","100000007952843","AMP1","","",1.4391594,,"",
"","100000007952865","AMP1","","",1.73496858,,"",
"","100000007953073","AMP1","","",0.704030284,,"",
"","100000007953000","AMP1","","",0.819183669,,"",
"","100000007954586","AMP1","","",0.068013207,,"",
"","100000007954542","AMP1","","",0.151578266,,"",
"","100000007955340","AMP1","","",0.159110017,,"",
"","100000007955360","AMP1","","",0.209910564,,"",
"","100000007955386","AMP1","","",0.186881494,,"",
"","100000007957721","AMP1","","",0.088993336,,"",
"","100000007957737","AMP1","","",0.24896336,,"",
"","100000007957769","AMP1","","",0.09364171,,"",
"","100000007957667","AMP1","","",0.244915048,,"",
"","100000007940215","AMP1","","",0.079703245,,"",
"","100000007940101","AMP1","","",0.118826105,,"",
"","100000007937478","AMP1","","",0.097246912,,"",
"","100000007937495","AMP1","","",0.093865312,,"",
"","100000007937519","AMP1","","",0.12675806,,"",
"","100000007941136","AMP1","","",0.767565771,,"",
"","100000007941152","AMP1","","",0.845219733,,"",
"","100000007941173","AMP1","","",1.333354027,,"",
"","100000007941191","AMP1","","",1.713751901,,"",
"","100000007941235","AMP1","","",2.624763491,,"",
"","100000007941137","AMP1","","",0.617266552,,"",
"","100000007941159","AMP1","","",1.11140424,,"",
"","100000007941174","AMP1","","",1.0731823,,"",
"","100000007941200","AMP1","","",1.208582184,,"",
"","100000007941215","AMP1","","",1.32218315,,"",
"","100000007938622","AMP1","","",0.19169319,,"",
"","100000007952880","AMP1","","",2.263412844,,"",
"","100000007953020","AMP1","","",0.667923443,,"",
"","100000007953064","AMP1","","",0.974082886,,"",
"","100000007953769","AMP1","","",0.937663488,,"",
"","100000007953792","AMP1","","",1.578964989,,"",
"","100000007953807","AMP1","","",1.25515489,,"",
"","100000007953747","AMP1","","",1.698621041,,"",
"","100000007953762","AMP1","","",1.924599581,,"",
"","100000007953750","AMP1","","",1.965219532,,"",
"","100000007953377","AMP1","","",2.390607397,,"",
"","100000007953392","AMP1","","",2.762874203,,"",
"","100000007953332","AMP1","","",3.81049217,,"",
"","100000007953351","AMP1","","",4.043062147,,"",
"","100000007955297","AMP1","","",0.245356331,,"",
"","100000007955336","AMP1","","",0.260473064,,"",
"","100000007955361","AMP1","","",0.351586115,,"",
"","100000007955286","AMP1","","",0.415365113,,"",
"","100000007954973","AMP1","","",0.108695952,,"",
"","100000007954996","AMP1","","",0.14184925,,"",
"","100000007955017","AMP1","","",0.120563202,,"",
"","100000007955030","AMP1","","",0.101104599,,"",
"","100000007954958","AMP1","","",0.185289037,,"",
"","100000007957715","AMP1","","",0.254788263,,"",
"","100000007952588","AMP1","","",2.934324298,,"",
"","100000007940132","AMP1","","",0.089765234,,"",
"","100000007940172","AMP1","","",0.101567964,,"",
"","100000007940189","AMP1","","",0.114341215,,"",
"","100000007940216","AMP1","","",0.132772729,,"",
"","100000007940238","AMP1","","",0.147283782,,"",
"","100000007940122","AMP1","","",0.170211218,,"",
"","100000007940114","AMP1","","",0.171223497,,"",
"","100000007940124","AMP1","","",0.420983712,,"",
"","100000007938888","AMP1","","",0.303033563,,"",
"","100000007938927","AMP1","","",0.3240133,,"",
"","100000007938835","AMP1","","",0.37116261,,"",
"","100000007940558","AMP1","","",1.129781441,,"",
"","100000007940421","AMP1","","",1.211142729,,"",
"","100000007939561","AMP1","","",0.415512385,,"",
"","100000007939582","AMP1","","",0.419416219,,"",
"","100000007939611","AMP1","","",0.46062427,,"",
"","100000007939632","AMP1","","",0.44001084,,"",
"","100000007939536","AMP1","","",0.4769211,,"",
"","100000007939585","AMP1","","",0.7260433,,"",
"","100000007940305","AMP1","","",0.298692735,,"",
"","100000007940315","AMP1","","",0.312185572,,"",
"","100000007941112","AMP1","","",1.258485954,,"",
"","100000007941185","AMP1","","",1.398786375,,"",
"","100000007941225","AMP1","","",1.571258147,,"",
"","100000007941120","AMP1","","",1.571758721,,"",
"","100000007941138","AMP1","","",1.647168959,,"",
"","100000007941128","AMP1","","",1.963979351,,"",
"","100000007941459","AMP1","","",2.578279006,,"",
"","100000007938556","AMP1","","",0.206915124,,"",
"","100000007938161","AMP1","","",0.234153622,,"",
"","100000007938185","AMP1","","",0.237227486,,"",
"","100000007938200","AMP1","","",0.272817976,,"",
"","100000007938225","AMP1","","",0.23586845,,"",
"","100000007939118","AMP1","","",0.893273955,,"",
"","100000007940185","AMP1","","",0.028102991,,"",
"","100000007940223","AMP1","","",0.030748101,,"",
"","100000007940117","AMP1","","",0.03132643,,"",
"","100000007955051","AMP1","","",0.052753325,,"",
"","100000007953763","AMP1","","",2.170755246,,"",
"","100000007953785","AMP1","","",2.193475466,,"",
"","100000007953443","AMP1","","",4.890677673,,"",
"","100000007953399","AMP1","","",8.312431499,,"",
"","100000007953666","AMP1","","",0.19064891,,"",
"","100000007953695","AMP1","","",0.26902803,,"",
"","100000007955270","AMP1","","",0.104673975,,"",
"","100000007953546","AMP1","","",2.81427106,,"",
"","100000007952649","AMP1","","",3.363858409,,"",
"","100000007952550","AMP1","","",3.661534534,,"",
"","100000007952604","AMP1","","",4.241513199,,"",
"","100000007952626","AMP1","","",4.827977385,,"",
"","100000007952641","AMP1","","",5.665740778,,"",
"","100000007952665","AMP1","","",5.957588805,,"",
"","100000007952564","AMP1","","",5.460060079,,"",
"","100000007952595","AMP1","","",11.74940639,,"",
"","100000007940177","AMP1","","",0.191120095,,"",
"","100000007939944","AMP1","","",0.320624367,,"",
"","100000007940443","AMP1","","",1.377112721,,"",
"","100000007940515","AMP1","","",1.093780195,,"",
"","100000007940539","AMP1","","",1.245457083,,"",
"","100000007940402","AMP1","","",1.444390453,,"",
"","100000007940422","AMP1","","",1.553624894,,"",
"","100000007940452","AMP1","","",1.504250406,,"",
"","100000007940505","AMP1","","",1.409775088,,"",
"","100000007940453","AMP1","","",0.249855339,,"",
"","100000007941674","AMP1","","",0.279212366,,"",
"","100000007941565","AMP1","","",0.351883208,,"",
"","100000007940345","AMP1","","",0.368428658,,"",
"","100000007940364","AMP1","","",0.432273701,,"",
"","100000007940394","AMP1","","",0.457086895,,"",
"","100000007940255","AMP1","","",0.491864416,,"",
"","100000007940289","AMP1","","",0.487212106,,"",
"","100000007940327","AMP1","","",0.553299618,,"",
"","100000007940365","AMP1","","",0.600706693,,"",
"","100000007940244","AMP1","","",0.921244006,,"",
"","100000007934948","AMP1","","",0.114816734,,"",
"","100000007940142","AMP1","","",0.084970331,,"",
"","100000007940167","AMP1","","",0.09150603,,"",
"","100000007940233","AMP1","","",0.063291942,,"",
"","100000007940118","AMP1","","",0.026513859,,"",
"","100000007940153","AMP1","","",0.027588958,,"",
"","100000007940168","AMP1","","",0.032896499,,"",
"","100000007940206","AMP1","","",0.035274375,,"",
"","100000007940224","AMP1","","",0.098525607,,"",
"","100000007955944","AMP1","","",1.279730787,,"",
"","100000007953711","AMP1","","",0.273248126,,"",
"","100000007953597","AMP1","","",0.212917941,,"",
"","100000007953620","AMP1","","",0.332582851,,"",
"","100000007953645","AMP1","","",0.282117472,,"",
"","100000007953667","AMP1","","",0.51647477,,"",
"","100000007953598","AMP1","","",0.631441159,,"",
"","100000007953573","AMP1","","",4.344745369,,"",
"","100000007953459","AMP1","","",4.083402934,,"",
"","100000007953509","AMP1","","",4.850273039,,"",
"","100000007952634","AMP1","","",8.831448738,,"",
"","100000007952551","AMP1","","",7.910940983,,"",
"","100000007940506","AMP1","","",0.202778663,,"",
"","100000007940560","AMP1","","",0.851765887,,"",
"","100000007940412","AMP1","","",0.235224685,,"",
"","100000007940432","AMP1","","",0.949554416,,"",
"","100000007940423","AMP1","","",0.240657681,,"",
"","100000007940793","AMP1","","",0.993962309,,"",
"","100000007940818","AMP1","","",0.248043945,,"",
"","100000007941584","AMP1","","",0.410220153,,"",
"","100000007941608","AMP1","","",0.366053446,,"",
"","100000007941650","AMP1","","",0.448031074,,"",
"","100000007941634","AMP1","","",0.967200022,,"",
"","100000007941658","AMP1","","",0.861320475,,"",
"","100000007941675","AMP1","","",1.270624158,,"",
"","100000007940366","AMP1","","",0.500051133,,"",
"","100000007940245","AMP1","","",0.511214943,,"",
"","100000007940291","AMP1","","",0.519172327,,"",
"","100000007940310","AMP1","","",0.514545549,,"",
"","100000007940338","AMP1","","",0.7595934,,"",
"","100000007940385","AMP1","","",0.701764676,,"",
"","100000007941480","AMP1","","",1.794306985,,"",
"","100000007934858","AMP1","","",0.156150755,,"",
"","100000007934860","AMP1","","",0.058744992,,"",
"","100000007934875","AMP1","","",0.042838465,,"",
"","100000007934932","AMP1","","",0.053646843,,"",
"","100000007934964","AMP1","","",0.116198403,,"",
"","100000007934848","AMP1","","",0.186913786,,"",
"","100000007936738","AMP1","","",0.045738192,,"",
"","100000007936761","AMP1","","",0.050590042,,"",
"","100000007936659","AMP1","","",0.075826934,,"",
"","100000007940454","AMP1","","",0.195951173,,"",
"","100000007940201","AMP1","","",0.05628388,,"",
"","100000007940131","AMP1","","",0.073890773,,"",
"","100000007940171","AMP1","","",0.073785616,,"",
"","100000007942177","AMP1","","",0.241525875,,"",
"","100000007942192","AMP1","","",0.248216986,,"",
"","100000007942216","AMP1","","",0.26359279,,"",
"","100000007957470","AMP1","","",0.15696366,,"",
"","100000007955543","AMP1","","",0.424741904,,"",
"","100000007957268","AMP1","","",0.192029121,,"",
"","100000007957328","AMP1","","",0.274217204,,"",
"","100000007954349","AMP1","","",0.478316714,,"",
"","100000007954258","AMP1","","",0.626641687,,"",
"","100000007956403","AMP1","","",0.080133267,,"",
"","100000007956395","AMP1","","",0.580363737,,"",
"","100000007941227","AMP1","","",0.26728963,,"",
"","100000007941122","AMP1","","",0.251706857,,"",
"","100000007941140","AMP1","","",0.454550437,,"",
"","100000007941162","AMP1","","",0.50482727,,"",
"","100000007941177","AMP1","","",0.397757854,,"",
"","100000007941203","AMP1","","",0.40646391,,"",
"","100000007941218","AMP1","","",0.390837783,,"",
"","100000007941114","AMP1","","",0.484300153,,"",
"","100000007941130","AMP1","","",0.670009321,,"",
"","100000007941431","AMP1","","",2.43324431,,"",
"","100000007941472","AMP1","","",3.015470308,,"",
"","100000007941407","AMP1","","",3.099190627,,"",
"","100000007939277","AMP1","","",0.191119816,,"",
"","100000007939298","AMP1","","",0.346065879,,"",
"","100000007939343","AMP1","","",0.334157874,,"",
"","100000007939231","AMP1","","",0.383461057,,"",
"","100000007939260","AMP1","","",0.368504695,,"",
"","100000007940478","AMP1","","",0.193046949,,"",
"","100000007940507","AMP1","","",0.245934038,,"",
"","100000007940529","AMP1","","",0.272362442,,"",
"","100000007940561","AMP1","","",0.317938176,,"",
"","100000007940414","AMP1","","",0.321332589,,"",
"","100000007940496","AMP1","","",0.484066399,,"",
"","100000007942122","AMP1","","",0.315587991,,"",
"","100000007942167","AMP1","","",0.363474081,,"",
"","100000007942184","AMP1","","",0.380641093,,"",
"","100000007942207","AMP1","","",0.370223856,,"",
"","100000007942225","AMP1","","",0.426910958,,"",
"","100000007957523","AMP1","","",0.180151104,,"",
"","100000007957431","AMP1","","",0.190373946,,"",
"","100000007957051","AMP1","","",0.184778025,,"",
"","100000007957067","AMP1","","",0.19815339,,"",
"","100000007957095","AMP1","","",0.212323518,,"",
"","100000007957108","AMP1","","",0.245484986,,"",
"","100000007957084","AMP1","","",0.8417977,,"",
"","100000007956777","AMP1","","",0.093287495,,"",
"","100000007956812","AMP1","","",0.091474745,,"",
"","100000007956711","AMP1","","",0.22368238,,"",
"","100000007956726","AMP1","","",0.097791338,,"",
"","100000007941281","AMP1","","",4.194648629,,"",
"","100000007937342","AMP1","","",0.10246765,,"",
"","100000007940465","AMP1","","",0.512535191,,"",
"","100000007940489","AMP1","","",0.718063787,,"",
"","100000007940518","AMP1","","",0.805015342,,"",
"","100000007940541","AMP1","","",0.860168618,,"",
"","100000007940405","AMP1","","",0.924634379,,"",
"","100000007940425","AMP1","","",0.984927581,,"",
"","100000007940455","AMP1","","",1.119286597,,"",
"","100000007956998","AMP1","","",0.283977326,,"",
"","100000007957014","AMP1","","",0.33197618,,"",
"","100000007957068","AMP1","","",0.4368263,,"",
"","100000007957109","AMP1","","",0.341261732,,"",
"","100000007957125","AMP1","","",0.279564084,,"",
"","100000007954761","AMP1","","",14.10094573,,"",
"","100000007954632","AMP1","","",0.266442799,,"",
"","100000007957579","AMP1","","",0.128366846,,"",
"","100000007937404","AMP1","","",0.105595802,,"",
"","100000007939459","AMP1","","",0.178098147,,"",
"","100000007939374","AMP1","","",0.228586018,,"",
"","100000007939411","AMP1","","",0.224218109,,"",
"","100000007939432","AMP1","","",0.166524154,,"",
"","100000007939449","AMP1","","",0.2617837,,"",
"","100000007940579","AMP1","","",1.757303192,,"",
"","100000007940602","AMP1","","",2.073703801,,"",
"","100000007940630","AMP1","","",1.700473614,,"",
"","100000007940652","AMP1","","",2.136026776,,"",
"","100000007940683","AMP1","","",2.82254035,,"",
"","100000007940703","AMP1","","",3.013391581,,"",
"","100000007940568","AMP1","","",3.840810352,,"",
"","100000007953981","AMP1","","",1.880331153,,"",
"","100000007954806","AMP1","","",0.235874509,,"",
"","100000007954714","AMP1","","",0.320361155,,"",
"","100000007954753","AMP1","","",0.443186031,,"",
"","100000007954774","AMP1","","",0.425908194,,"",
"","100000007954715","AMP1","","",0.532652637,,"",
"","100000007954731","AMP1","","",0.636798748,,"",
"","100000007925013","FHS1","","",17.4779,,"",
"","100000007925027","FHS1","","",37.0672,,"",
"","100000007925072","FHS1","","",20.114,,"",
"","100000007924949","FHS1","","",47.1177,,"",
"","100000007925866","FHS1","","",21.7436,,"",
"","100000007935520","FHS1","","",33.0543,,"",
"","100000007935606","FHS1","","",40.4594,,"",
"","100000007933688","FHS1","","",0.2262,,"",
"","100000007935165","FHS1","","",11.9311,,"",
"","100000007935201","FHS1","","",36.4787,,"",
"","100000007935224","FHS1","","",11.9311,,"",
"","100000007933933","FHS1","","",0.6717,,"",
"","100000007933074","FHS1","","",0.1011,,"",
"","100000007933091","FHS1","","",0.0953,,"",
"","100000007933113","FHS1","","",0.2058,,"",
"","100000007933110","FHS1","","",0.1226,,"",
"","100000007932782","FHS1","","",0.0974,,"",
"","100000007946583","FOS1","","",7.064027191,,"",
"","100000007946599","FOS1","","",7.140980836,,"",
"","100000007946495","FOS1","","",7.67881741,,"",
"","100000007946520","FOS1","","",10.08781804,,"",
"","100000007946534","FOS1","","",10.42160456,,"",
"","100000007946575","FOS1","","",11.36140847,,"",
"","100000007924975","FHS1","","",69.1911,,"",
"","100000007925034","FHS1","","",21.2253,,"",
"","100000007925058","FHS1","","",22.7506,,"",
"","100000007925950","FHS1","","",23.5647,,"",
"","100000007925801","FHS1","","",22.5619,,"",
"","100000007925890","FHS1","","",17.6,,"",
"","100000007924543","FHS1","","",30.0538,,"",
"","100000007923374","FHS1","","",168.2517,,"",
"","100000007923251","FHS1","","",365.01,,"",
"","100000007923301","FHS1","","",123.53,,"",
"","100000007923320","FHS1","","",236.3962,,"",
"","100000007923361","FHS1","","",6.6557,,"",
"","100000007935538","FHS1","","",40.4738,,"",
"","100000007935962","FHS1","","",2.0938,,"",
"","100000007932724","FHS1","","",0.1225,,"",
"","100000007932812","FHS1","","",0.0998,,"",
"","100000007932982","FHS1","","",0.2136,,"",
"","100000007932995","FHS1","","",0.1992,,"",
"","100000007933016","FHS1","","",0.2613,,"",
"","100000007933031","FHS1","","",0.1745,,"",
"","100000007946485","FOS1","","",11.47852523,,"",
"","100000007946576","FOS1","","",6.61480464,,"",
"","100000007946486","FOS1","","",8.653246376,,"",
"","100000007925966","FHS1","","",31.7702,,"",
"","100000007925380","FHS1","","",23.7864,,"",
"","100000007925442","FHS1","","",19.5083,,"",
"","100000007925477","FHS1","","",30.9026,,"",
"","100000007925374","FHS1","","",16.9898,,"",
"","100000007925397","FHS1","","",17.2651,,"",
"","100000007925445","FHS1","","",18.5675,,"",
"","100000007923311","FHS1","","",3.1975,,"",
"","100000007923333","FHS1","","",3.617,,"",
"","100000007923359","FHS1","","",152.956,,"",
"","100000007923382","FHS1","","",121.8351,,"",
"","100000007924067","FHS1","","",112.3002,,"",
"","100000007924107","FHS1","","",152.956,,"",
"","100000007924131","FHS1","","",112.3002,,"",
"","100000007923725","FHS1","","",10.9925,,"",
"","100000007923734","FHS1","","",13.5392,,"",
"","100000007923772","FHS1","","",5.0228,,"",
"","100000007923781","FHS1","","",5.7936,,"",
"","100000007937598","FHS1","","",65.386,,"",
"","100000007936010","FHS1","","",43.67,,"",
"","100000007936066","FHS1","","",13.0794,,"",
"","100000007936017","FHS1","","",24.9204,,"",
"","100000007936032","FHS1","","",10.8357,,"",
"","100000007934511","FHS1","","",389.4304,,"",
"","100000007935950","FHS1","","",12.0566,,"",
"","100000007934122","FHS1","","",91.6851,,"",
"","100000007934156","FHS1","","",53.5402,,"",
"","100000007934173","FHS1","","",9.5823,,"",
"","100000007934188","FHS1","","",9.5823,,"",
"","100000007934206","FHS1","","",7.3562,,"",
"","100000007934116","FHS1","","",7.3562,,"",
"","100000007932943","FHS1","","",0.243,,"",
"","100000007932938","FHS1","","",0.1185,,"",
"","100000007932984","FHS1","","",0.2143,,"",
"","100000007932930","FHS1","","",0.1723,,"",
"","100000007925364","FHS1","","",36.6077,,"",
"","100000007925717","FHS1","","",19.1491,,"",
"","100000007925737","FHS1","","",31.6577,,"",
"","100000007925766","FHS1","","",31.5426,,"",
"","100000007925784","FHS1","","",20.0264,,"",
"","100000007925793","FHS1","","",46.9921,,"",
"","100000007925692","FHS1","","",55.0421,,"",
"","100000007925721","FHS1","","",32.7804,,"",
"","100000007924905","FHS1","","",43.6847,,"",
"","100000007924883","FHS1","","",9.1517,,"",
"","100000007923662","FHS1","","",6.3385,,"",
"","100000007923708","FHS1","","",21.3483,,"",
"","100000007923726","FHS1","","",30.4921,,"",
"","100000007923755","FHS1","","",18.3572,,"",
"","100000007923654","FHS1","","",23.3657,,"",
"","100000007923672","FHS1","","",22.2332,,"",
"","100000007923697","FHS1","","",36.094,,"",
"","100000007931773","FHS1","","",0.2419,,"",
"","100000007931824","FHS1","","",0.2758,,"",
"","100000007931864","FHS1","","",0.3217,,"",
"","100000007937887","FHS1","","",311.9479,,"",
"","100000007936067","FHS1","","",19.0111,,"",
"","100000007935991","FHS1","","",32.1591,,"",
"","100000007935621","FHS1","","",219.7343,,"",
"","100000007935903","FHS1","","",17.0928,,"",
"","100000007935937","FHS1","","",25.2358,,"",
"","100000007935869","FHS1","","",13.6589,,"",
"","100000007935885","FHS1","","",48.2468,,"",
"","100000007934135","FHS1","","",9.5296,,"",
"","100000007934149","FHS1","","",9.5296,,"",
"","100000007934168","FHS1","","",9.5296,,"",
"","100000007934200","FHS1","","",53.5402,,"",
"","100000007934142","FHS1","","",9.5823,,"",
"","100000007934157","FHS1","","",9.6434,,"",
"","100000007934174","FHS1","","",9.5296,,"",
"","100000007934189","FHS1","","",9.4026,,"",
"","100000007925613","FHS1","","",22.6642,,"",
"","100000007933462","FHS1","","",0.3889,,"",
"","100000007937788","FHS1","","",103.2213,,"",
"","100000007934302","FHS1","","",0.7787,,"",
"","100000007934285","FHS1","","",227.7992,,"",
"","100000007934213","FHS1","","",526.377,,"",
"","100000007949613","FOS1","","",1.191752994,,"",
"","100000007927085","FHS1","","",469.9053,,"",
"","100000007925522","FHS1","","",21.0672,,"",
"","100000007925181","FHS1","","",41.8477,,"",
"","100000007933376","FHS1","","",0.3368,,"",
"","100000007931806","FHS1","","",0.1932,,"",
"","100000007933347","FHS1","","",0.6119,,"",
"","100000007932278","FHS1","","",0.1887,,"",
"","100000007932296","FHS1","","",0.1502,,"",
"","100000007932237","FHS1","","",0.4674,,"",
"","100000007938519","FHS1","","",88.1458,,"",
"","100000007936519","FHS1","","",12.9106,,"",
"","100000007949557","FOS1","","",3.204317552,,"",
"","100000007949623","FOS1","","",2.931951886,,"",
"","100000007949542","FOS1","","",3.043430382,,"",
"","100000007949606","FOS1","","",3.484690369,,"",
"","100000007949514","FOS1","","",5.045491686,,"",
"","100000007923983","FHS1","","",8.9313,,"",
"","100000007924009","FHS1","","",10.236,,"",
"","100000007924027","FHS1","","",20.3726,,"",
"","100000007923913","FHS1","","",18.1177,,"",
"","100000007922693","FHS1","","",1675.7783,,"",
"","100000007926706","FHS1","","",99.6655,,"",
"","100000007933314","FHS1","","",0.2877,,"",
"","100000007934819","FHS1","","",16.3306,,"",
"","100000007934836","FHS1","","",13.5006,,"",
"","100000007934768","FHS1","","",13.5038,,"",
"","100000007932263","FHS1","","",0.3828,,"",
"","100000007932304","FHS1","","",0.4153,,"",
"","100000007932322","FHS1","","",0.6896,,"",
"","100000007933705","FHS1","","",0.233,,"",
"","100000007933719","FHS1","","",0.3109,,"",
"","100000007933635","FHS1","","",0.5426,,"",
"","100000007938449","FHS1","","",157.3553,,"",
"","100000007938195","FHS1","","",115.893,,"",
"","100000007938229","FHS1","","",224.0747,,"",
"","100000007938131","FHS1","","",126.8374,,"",
"","100000007936424","FHS1","","",52.3157,,"",
"","100000007936317","FHS1","","",74.824,,"",
"","100000007936331","FHS1","","",82.1406,,"",
"","100000007936352","FHS1","","",121.2726,,"",
"","100000007923951","FHS1","","",8.387,,"",
"","100000007923975","FHS1","","",11.1985,,"",
"","100000007923912","FHS1","","",2.8581,,"",
"","100000007923930","FHS1","","",3.7406,,"",
"","100000007934736","FHS1","","",10.6383,,"",
"","100000007934728","FHS1","","",10.6387,,"",
"","100000007934729","FHS1","","",10.6449,,"",
"","100000007934094","FHS1","","",0.9243,,"",
"","100000007935596","FHS1","","",40.4768,,"",
"","100000007935481","FHS1","","",11.9311,,"",
"","100000007933701","FHS1","","",0.3177,,"",
"","100000007933713","FHS1","","",0.4619,,"",
"","100000007933663","FHS1","","",0.3125,,"",
"","100000007933676","FHS1","","",0.4857,,"",
"","100000007932381","FHS1","","",0.4389,,"",
"","100000007932394","FHS1","","",0.2477,,"",
"","100000007932414","FHS1","","",0.6183,,"",
"","100000007933138","FHS1","","",0.1158,,"",
"","100000007933153","FHS1","","",0.1923,,"",
"","100000007933109","FHS1","","",0.1042,,"",
"","100000007933132","FHS1","","",0.0945,,"",
"","100000007933147","FHS1","","",0.0904,,"",
"","100000007931730","FHS1","","",0.0734,,"",
"","100000007931615","FHS1","","",0.0574,,"",
"","100000007931631","FHS1","","",0.0443,,"",
"","100000007936732","B4U1","","",36.16614286,,"",
"","100000007936645","B4U1","","",32.59371429,,"",
"","100000007936653","B4U1","","",28.78971429,,"",
"","100000007974994","B4U1","","",0.089142857,,"",
"","100000007975067","B4U1","","",0.110714286,,"",
"","100000007979958","B4U1","","",0.063285714,,"",
"","100000007975432","B4U1","","",0.020428571,,"",
"","100000007975117","B4U1","","",0.064,,"",
"","100000007975133","B4U1","","",0.019571429,,"",
"","100000007975171","B4U1","","",0.025142857,,"",
"","100000007975212","B4U1","","",0.031571429,,"",
"","100000007975097","B4U1","","",0.044428571,,"",
"","100000007975118","B4U1","","",0.049857143,,"",
"","100000007975144","B4U1","","",0.077285714,,"",
"","100000007975172","B4U1","","",0.045857143,,"",
"","100000007976995","B4U1","","",0.017571429,,"",
"","100000007977092","B4U1","","",0.014428571,,"",
"","100000007977252","B4U1","","",0.019,,"",
"","100000007976013","B4U1","","",0.028428571,,"",
"","100000007976045","B4U1","","",0.027142857,,"",
"","100000007976102","B4U1","","",0.013857143,,"",
"","100000007921866","AMP1","","",67.57509743,,"",
"","100000007921683","AMP1","","",150.9983429,,"",
"","100000007923359","AMP1","","",134.9765102,,"",
"","100000007923382","AMP1","","",101.2450842,,"",
"","100000007924118","AMP1","","",22.17491085,,"",
"","100000007924061","AMP1","","",9.699308396,,"",
"","100000007924077","AMP1","","",13.9831298,,"",
"","100000007924069","AMP1","","",17.89716522,,"",
"","100000007924078","AMP1","","",30.55605925,,"",
"","100000007924102","AMP1","","",34.31094346,,"",
"","100000007923956","AMP1","","",1.18855435,,"",
"","100000007923843","AMP1","","",160.3715661,,"",
"","100000007923857","AMP1","","",19.49543833,,"",
"","100000007923880","AMP1","","",24.10698685,,"",
"","100000007923894","AMP1","","",26.39285532,,"",
"","100000007923792","AMP1","","",42.34697399,,"",
"","100000007923828","AMP1","","",16.11730445,,"",
"","100000007921598","AMP1","","",115.686931,,"",
"","100000007921511","AMP1","","",282.1690273,,"",
"","100000007939370","B4U1","","",64.66057143,,"",
"","100000007939414","B4U1","","",83.96642857,,"",
"","100000007939361","B4U1","","",83.44757143,,"",
"","100000007939424","B4U1","","",79.57928571,,"",
"","100000007974177","B4U1","","",0.016714286,,"",
"","100000007973961","B4U1","","",0.071428571,,"",
"","100000007974805","B4U1","","",0.060714286,,"",
"","100000007974871","B4U1","","",0.168285714,,"",
"","100000007975019","B4U1","","",0.055142857,,"",
"","100000007974763","B4U1","","",0.083285714,,"",
"","100000007974827","B4U1","","",0.149,,"",
"","100000007974872","B4U1","","",0.134714286,,"",
"","100000007974968","B4U1","","",0.170428571,,"",
"","100000007975122","B4U1","","",0.05,,"",
"","100000007975166","B4U1","","",0.035285714,,"",
"","100000007975180","B4U1","","",0.044,,"",
"","100000007975129","B4U1","","",0.057857143,,"",
"","100000007975149","B4U1","","",0.079571429,,"",
"","100000007975190","B4U1","","",0.036428571,,"",
"","100000007975187","B4U1","","",0.067857143,,"",
"","100000007975213","B4U1","","",0.061857143,,"",
"","100000007975084","B4U1","","",0.09,,"",
"","100000007975086","B4U1","","",0.026428571,,"",
"","100000007975137","B4U1","","",0.089142857,,"",
"","100000007975158","B4U1","","",0.070428571,,"",
"","100000007975100","B4U1","","",0.052428571,,"",
"","100000007976251","B4U1","","",0.036285714,,"",
"","100000007976000","B4U1","","",0.016,,"",
"","100000007976062","B4U1","","",0.021,,"",
"","100000007976184","B4U1","","",0.085428571,,"",
"","100000007976235","B4U1","","",0.130428571,,"",
"","100000007976027","B4U1","","",0.074428571,,"",
"","100000007976147","B4U1","","",0.069142857,,"",
"","100000007924135","AMP1","","",6.287799852,,"",
"","100000007924149","AMP1","","",7.302103923,,"",
"","100000007924163","AMP1","","",8.830078068,,"",
"","100000007923981","AMP1","","",2.183919375,,"",
"","100000007923791","AMP1","","",96.63647927,,"",
"","100000007922693","AMP1","","",4605.232361,,"",
"","100000007935024","B4U1","","",47.81314286,,"",
"","100000007974273","B4U1","","",0.020142857,,"",
"","100000007974434","B4U1","","",0.011142857,,"",
"","100000007975780","B4U1","","",0.204285714,,"",
"","100000007974764","B4U1","","",0.088142857,,"",
"","100000007974828","B4U1","","",0.120142857,,"",
"","100000007974896","B4U1","","",0.287714286,,"",
"","100000007974946","B4U1","","",0.197142857,,"",
"","100000007975130","B4U1","","",0.045428571,,"",
"","100000007982884","B4U1","","",0.028428571,,"",
"","100000007975123","B4U1","","",0.058857143,,"",
"","100000007982055","B4U1","","",0.089714286,,"",
"","100000007982578","B4U1","","",0.199,,"",
"","100000007982627","B4U1","","",0.054142857,,"",
"","100000007982703","B4U1","","",0.079714286,,"",
"","100000007976236","B4U1","","",0.151571429,,"",
"","100000007922520","AMP1","","",529.966904,,"",
"","100000007922421","AMP1","","",2.720338933,,"",
"","100000007922439","AMP1","","",4.376082016,,"",
"","100000007922473","AMP1","","",1.563635272,,"",
"","100000007922497","AMP1","","",1.837568026,,"",
"","100000007922513","AMP1","","",57.37096818,,"",
"","100000007935046","B4U1","","",0.354857143,,"",
"","100000007935050","B4U1","","",153.684,,"",
"","100000007973780","B4U1","","",0.139428571,,"",
"","100000007980905","B4U1","","",0.045714286,,"",
"","100000007980609","B4U1","","",0.035,,"",
"","100000007980660","B4U1","","",0.069714286,,"",
"","100000007980778","B4U1","","",0.041142857,,"",
"","100000007982820","B4U1","","",0.032285714,,"",
"","100000007982848","B4U1","","",0.033714286,,"",
"","100000007982986","B4U1","","",0.037571429,,"",
"","100000007982554","B4U1","","",0.042,,"",
"","100000007982603","B4U1","","",0.092428571,,"",
"","100000007982731","B4U1","","",0.069285714,,"",
"","100000007924543","AMP1","","",32.69813574,,"",
"","100000007924923","AMP1","","",45.9084242,,"",
"","100000007925022","AMP1","","",9.301028824,,"",
"","100000007925066","AMP1","","",12.26929169,,"",
"","100000007924951","AMP1","","",27.78189637,,"",
"","100000007924963","AMP1","","",51.20693016,,"",
"","100000007935071","B4U1","","",218.993,,"",
"","100000007937012","B4U1","","",5.623285714,,"",
"","100000007936893","B4U1","","",0.877571429,,"",
"","100000007936912","B4U1","","",15.368,,"",
"","100000007936938","B4U1","","",2.771142857,,"",
"","100000007937013","B4U1","","",10.54028571,,"",
"","100000007934970","B4U1","","",50.46428571,,"",
"","100000007934870","B4U1","","",117.5502857,,"",
"","100000007981118","B4U1","","",0.097571429,,"",
"","100000007981240","B4U1","","",0.099,,"",
"","100000007981312","B4U1","","",0.108428571,,"",
"","100000007980953","B4U1","","",0.094428571,,"",
"","100000007980924","B4U1","","",0.088,,"",
"","100000007980584","B4U1","","",0.090571429,,"",
"","100000007980731","B4U1","","",0.082714286,,"",
"","100000007980585","B4U1","","",0.116714286,,"",
"","100000007984763","B4U1","","",0.018142857,,"",
"","100000007984818","B4U1","","",0.036,,"",
"","100000007925918","AMP1","","",43.05687733,,"",
"","100000007925970","AMP1","","",55.00952886,,"",
"","100000007925366","AMP1","","",14.90865087,,"",
"","100000007924905","AMP1","","",42.5927185,,"",
"","100000007924978","AMP1","","",14.56925117,,"",
"","100000007925013","AMP1","","",17.86462084,,"",
"","100000007925027","AMP1","","",17.29125741,,"",
"","100000007925072","AMP1","","",20.31712326,,"",
"","100000007924949","AMP1","","",52.59882379,,"",
"","100000007938367","B4U1","","",59.702,,"",
"","100000007939184","B4U1","","",81.004,,"",
"","100000007934718","B4U1","","",70.33885714,,"",
"","100000007934819","B4U1","","",7.513714286,,"",
"","100000007934836","B4U1","","",6.109714286,,"",
"","100000007934768","B4U1","","",6.819428571,,"",
"","100000007983641","B4U1","","",0.064,,"",
"","100000007984527","B4U1","","",0.023285714,,"",
"","100000007984666","B4U1","","",0.038,,"",
"","100000007984733","B4U1","","",0.049857143,,"",
"","100000007984686","B4U1","","",0.054428571,,"",
"","100000007985284","B4U1","","",0.01,,"",
"","100000007985285","B4U1","","",0.014428571,,"",
"","100000007985327","B4U1","","",0.007714286,,"",
"","100000007925866","AMP1","","",24.24485399,,"",
"","100000007925950","AMP1","","",24.86257134,,"",
"","100000007925801","AMP1","","",28.21061487,,"",
"","100000007925380","AMP1","","",25.88598785,,"",
"","100000007925373","AMP1","","",32.7746709,,"",
"","100000007925444","AMP1","","",43.38575171,,"",
"","100000007925374","AMP1","","",17.53968256,,"",
"","100000007925719","AMP1","","",25.62713305,,"",
"","100000007925758","AMP1","","",29.94439824,,"",
"","100000007924883","AMP1","","",6.208293889,,"",
"","100000007924975","AMP1","","",77.20248247,,"",
"","100000007939081","B4U1","","",118.5321429,,"",
"","100000007937449","B4U1","","",6.341285714,,"",
"","100000007984029","B4U1","","",0.012142857,,"",
"","100000007984082","B4U1","","",0.010428571,,"",
"","100000007977793","B4U1","","",0.387857143,,"",
"","100000007984561","B4U1","","",0.038285714,,"",
"","100000007985326","B4U1","","",0.052428571,,"",
"","100000007985350","B4U1","","",0.063571429,,"",
"","100000007985395","B4U1","","",0.067,,"",
"","100000007979891","B4U1","","",0.068142857,,"",
"","100000007972029","B4U1","","",0.013,,"",
"","100000007972161","B4U1","","",0.036428571,,"",
"","100000007971954","B4U1","","",0.049714286,,"",
"","100000007971989","B4U1","","",0.049,,"",
"","100000007972030","B4U1","","",0.033714286,,"",
"","100000007925397","AMP1","","",16.09071695,,"",
"","100000007925445","AMP1","","",20.38747196,,"",
"","100000007925717","AMP1","","",21.06003164,,"",
"","100000007925737","AMP1","","",32.30650109,,"",
"","100000007925766","AMP1","","",19.1126106,,"",
"","100000007925784","AMP1","","",19.66340657,,"",
"","100000007925646","AMP1","","",42.13985218,,"",
"","100000007925721","AMP1","","",36.58318645,,"",
"","100000007976377","B4U1","","",0.009,,"",
"","100000007976521","B4U1","","",0.022285714,,"",
"","100000007976326","B4U1","","",0.028428571,,"",
"","100000007976474","B4U1","","",0.014142857,,"",
"","100000007978757","B4U1","","",0.478,,"",
"","100000007977983","B4U1","","",0.090714286,,"",
"","100000007972896","B4U1","","",0.034285714,,"",
"","100000007972567","B4U1","","",0.027857143,,"",
"","100000007925613","AMP1","","",21.61778776,,"",
"","100000007923962","AMP1","","",8.23559677,,"",
"","100000007923991","AMP1","","",7.927990705,,"",
"","100000007924007","AMP1","","",8.642152133,,"",
"","100000007924035","AMP1","","",12.64092358,,"",
"","100000007923911","AMP1","","",12.80676243,,"",
"","100000007923902","AMP1","","",833.5991241,,"",
"","100000007921562","AMP1","","",86.4797649,,"",
"","100000007936385","B4U1","","",5.466571429,,"",
"","100000007936427","B4U1","","",3.028571429,,"",
"","100000007935065","B4U1","","",68.46728571,,"",
"","100000007935013","B4U1","","",79.08685714,,"",
"","100000008037917","NAT1","","",60.831,,"",
"","100000008038141","NAT1","","",39.5697,,"",
"","100000008038293","NAT1","","",54.1294,,"",
"","100000008038545","NAT1","","",22.1309,,"",
"","100000008038718","NAT1","","",15.8378,,"",
"","100000008025909","NAT1","","",3.5171,,"",
"","100000007933376","NAT1","","",0.3587,,"",
"","100000007933314","NAT1","","",0.3107,,"",
"","100000007933327","NAT1","","",0.7097,,"",
"","100000007933384","NAT1","","",1.2722,,"",
"","100000007933279","NAT1","","",2.1612,,"",
"","100000007933154","NAT1","","",0.0458,,"",
"","100000007934024","NAT1","","",0.216,,"",
"","100000007934049","NAT1","","",0.2228,,"",
"","100000007934064","NAT1","","",0.2439,,"",
"","100000007934088","NAT1","","",0.251,,"",
"","100000007932928","NAT1","","",0.0825,,"",
"","100000007938367","NAT1","","",151.3202,,"",
"","100000007939184","NAT1","","",178.2335,,"",
"","100000007939081","NAT1","","",280.0927,,"",
"","100000007932180","NAT1","","",0.361,,"",
"","100000007932200","NAT1","","",40.443,,"",
"","100000007932214","NAT1","","",0.4222,,"",
"","100000007932141","NAT1","","",0.4787,,"",
"","100000007931254","NAT1","","",0.148,,"",
"","100000008029024","NAT1","","",21.5718,,"",
"","100000008028271","NAT1","","",20.1473,,"",
"","100000008028078","NAT1","","",15.1976,,"",
"","100000008028242","NAT1","","",19.079,,"",
"","100000008028471","NAT1","","",14.2007,,"",
"","100000008028619","NAT1","","",15.7018,,"",
"","100000008028838","NAT1","","",15.5911,,"",
"","100000007929588","NAT1","","",3.5113,,"",
"","100000008025275","NAT1","","",7.9291,,"",
"","100000008025507","NAT1","","",15.1453,,"",
"","100000008026114","NAT1","","",9.8518,,"",
"","100000007936256","NAT1","","",38.4523,,"",
"","100000007934103","NAT1","","",0.3485,,"",
"","100000007934015","NAT1","","",0.5236,,"",
"","100000007934055","NAT1","","",0.817,,"",
"","100000007933688","NAT1","","",0.2879,,"",
"","100000007933705","NAT1","","",0.2412,,"",
"","100000007933719","NAT1","","",0.349,,"",
"","100000007933635","NAT1","","",0.5524,,"",
"","100000007932982","NAT1","","",0.2514,,"",
"","100000007933933","NAT1","","",0.7383,,"",
"","100000007935962","NAT1","","",4.631,,"",
"","100000007932195","NAT1","","",0.195,,"",
"","100000007932215","NAT1","","",20.6859,,"",
"","100000007932124","NAT1","","",0.2449,,"",
"","100000007931267","NAT1","","",0.2568,,"",
"","100000007931864","NAT1","","",0.3813,,"",
"","100000008032994","NAT1","","",26.4227,,"",
"","100000007930723","NAT1","","",0.0827,,"",
"","100000007929634","NAT1","","",8.0978,,"",
"","100000007929666","NAT1","","",10.0935,,"",
"","100000007929578","NAT1","","",10.6536,,"",
"","100000007929584","NAT1","","",8.1413,,"",
"","100000008026371","NAT1","","",10.2967,,"",
"","100000008025355","NAT1","","",3.8212,,"",
"","100000008025508","NAT1","","",4.4477,,"",
"","100000007937012","NAT1","","",20.2342,,"",
"","100000007936893","NAT1","","",6.5808,,"",
"","100000007936912","NAT1","","",67.2147,,"",
"","100000007936938","NAT1","","",13.5026,,"",
"","100000007937013","NAT1","","",34.0621,,"",
"","100000007936010","NAT1","","",54.5292,,"",
"","100000007930265","NAT1","","",3.5631,,"",
"","100000007930281","NAT1","","",70.628,,"",
"","100000007930267","NAT1","","",81.5571,,"",
"","100000007930288","NAT1","","",4.5623,,"",
"","100000008034914","NAT1","","",45.6398,,"",
"","100000008035573","NAT1","","",31.3931,,"",
"","100000008036620","NAT1","","",44.7879,,"",
"","100000008036790","NAT1","","",47.8945,,"",
"","100000008030904","NAT1","","",0.8649,,"",
"","100000007930745","NAT1","","",0.0887,,"",
"","100000007929631","NAT1","","",5.6438,,"",
"","100000007929650","NAT1","","",7.0312,,"",
"","100000007931089","NAT1","","",1.4217,,"",
"","100000007930994","NAT1","","",2.103,,"",
"","100000008023040","NAT1","","",0.376,,"",
"","100000008023258","NAT1","","",0.5707,,"",
"","100000007938541","NAT1","","",143.3992,,"",
"","100000007938558","NAT1","","",130.834,,"",
"","100000007933968","NAT1","","",2.486,,"",
"","100000007933882","NAT1","","",1.908,,"",
"","100000007934511","NAT1","","",394.9698,,"",
"","100000007933224","NAT1","","",0.8825,,"",
"","100000007930191","NAT1","","",10.5095,,"",
"","100000007931806","NAT1","","",0.295,,"",
"","100000007932025","NAT1","","",0.2716,,"",
"","100000007929820","NAT1","","",0.5,,"",
"","100000007929862","NAT1","","",0.4106,,"",
"","100000007929878","NAT1","","",0.3299,,"",
"","100000007928004","NAT1","","",29.3387,,"",
"","100000007928459","NAT1","","",72.0656,,"",
"","100000008036207","NAT1","","",24.3361,,"",
"","100000008035306","NAT1","","",18.8796,,"",
"","100000008035575","NAT1","","",49.0171,,"",
"","100000008032649","NAT1","","",26.2457,,"",
"","100000008038486","NAT1","","",544.1778,,"",
"","100000008038743","NAT1","","",205.7892,,"",
"","100000008038931","NAT1","","",352.2059,,"",
"","100000008038165","NAT1","","",32.7083,,"",
"","100000007927631","NAT1","","",15.7118,,"",
"","100000007927717","NAT1","","",21.2141,,"",
"","100000007931017","NAT1","","",0.4716,,"",
"","100000007931039","NAT1","","",0.5778,,"",
"","100000007930978","NAT1","","",0.3018,,"",
"","100000007930851","NAT1","","",0.368,,"",
"","100000007930903","NAT1","","",0.3911,,"",
"","100000007938631","NAT1","","",142.1472,,"",
"","100000007938654","NAT1","","",160.8938,,"",
"","100000007938549","NAT1","","",136.3774,,"",
"","100000007936732","NAT1","","",70.4336,,"",
"","100000007935046","NAT1","","",0.856,,"",
"","100000007933238","NAT1","","",0.7079,,"",
"","100000007934206","NAT1","","",8.8629,,"",
"","100000007934116","NAT1","","",7.3437,,"",
"","100000007934135","NAT1","","",10.0191,,"",
"","100000007934149","NAT1","","",8.5111,,"",
"","100000007934168","NAT1","","",8.5222,,"",
"","100000007934200","NAT1","","",67.7199,,"",
"","100000007929899","NAT1","","",0.4364,,"",
"","100000007929791","NAT1","","",0.3528,,"",
"","100000007929814","NAT1","","",0.3946,,"",
"","100000007929829","NAT1","","",0.4396,,"",
"","100000007929850","NAT1","","",0.4708,,"",
"","100000007928424","NAT1","","",34.9107,,"",
"","100000007928481","NAT1","","",41.1514,,"",
"","100000008035847","NAT1","","",33.7163,,"",
"","100000008035017","NAT1","","",26.3083,,"",
"","100000008035594","NAT1","","",20.1058,,"",
"","100000008024261","NAT1","","",5.4081,,"",
"","100000008023899","NAT1","","",5.9148,,"",
"","100000008028190","NAT1","","",16.9982,,"",
"","100000008028645","NAT1","","",19.5507,,"",
"","100000008034356","NAT1","","",2.2612,,"",
"","100000008034535","NAT1","","",2.33,,"",
"","100000007930932","NAT1","","",0.4081,,"",
"","100000007927957","NAT1","","",97.8938,,"",
"","100000007927954","NAT1","","",26.2651,,"",
"","100000007927768","NAT1","","",29.3423,,"",
"","100000008021449","NAT1","","",23.3461,,"",
"","100000007932382","NAT1","","",0.0561,,"",
"","100000007932401","NAT1","","",0.0479,,"",
"","100000007932427","NAT1","","",0.0557,,"",
"","100000007932449","NAT1","","",0.0936,,"",
"","100000007935050","NAT1","","",206.3088,,"",
"","100000007935071","NAT1","","",307.2774,,"",
"","100000007934680","NAT1","","",251.4147,,"",
"","100000007934585","NAT1","","",330.0918,,"",
"","100000007934701","NAT1","","",178.5186,,"",
"","100000007934862","NAT1","","",129.89,,"",
"","100000007934142","NAT1","","",8.9411,,"",
"","100000007934157","NAT1","","",8.5239,,"",
"","100000007934174","NAT1","","",8.6065,,"",
"","100000007934189","NAT1","","",9.7449,,"",
"","100000007929763","NAT1","","",0.6615,,"",
"","100000007929756","NAT1","","",1.173,,"",
"","100000007929799","NAT1","","",2.9699,,"",
"","100000008038576","NAT1","","",6.0004,,"",
"","100000008038764","NAT1","","",7.3747,,"",
"","100000008039031","NAT1","","",7.2251,,"",
"","100000008037863","NAT1","","",5.282,,"",
"","100000008038083","NAT1","","",6.7705,,"",
"","100000008034626","NAT1","","",2.331,,"",
"","100000008034817","NAT1","","",3.6615,,"",
"","100000008033468","NAT1","","",5.3686,,"",
"","100000008033897","NAT1","","",0.8652,,"",
"","100000007927863","NAT1","","",32.7605,,"",
"","100000007927962","NAT1","","",36.4292,,"",
"","100000007927738","NAT1","","",35.6854,,"",
"","100000007927803","NAT1","","",64.4834,,"",
"","100000007932353","NAT1","","",0.0681,,"",
"","100000007932374","NAT1","","",0.079,,"",
"","100000007932368","NAT1","","",0.1682,,"",
"","100000007933074","NAT1","","",0.1072,,"",
"","100000007933091","NAT1","","",0.101,,"",
"","100000007938519","NAT1","","",105.0637,,"",
"","100000007934904","NAT1","","",281.2665,,"",
"","100000007934935","NAT1","","",214.9318,,"",
"","100000007934959","NAT1","","",180.7118,,"",
"","100000007934863","NAT1","","",266.2712,,"",
"","100000007934895","NAT1","","",208.8278,,"",
"","100000007934930","NAT1","","",175.4971,,"",
"","100000007934970","NAT1","","",77.1143,,"",
"","100000007934870","NAT1","","",154.573,,"",
"","100000007934816","NAT1","","",167.3273,,"",
"","100000007934823","NAT1","","",149.1627,,"",
"","100000007934720","NAT1","","",94.104,,"",
"","100000007934791","NAT1","","",96.0812,,"",
"","100000007929909","NAT1","","",0.6819,,"",
"","100000007931728","NAT1","","",0.3846,,"",
"","100000007927409","NAT1","","",11.0158,,"",
"","100000007927366","NAT1","","",12.42,,"",
"","100000007930357","NAT1","","",0.329,,"",
"","100000007930365","NAT1","","",0.4174,,"",
"","100000008034552","NAT1","","",6.7688,,"",
"","100000008034642","NAT1","","",5.0689,,"",
"","100000008034743","NAT1","","",5.0409,,"",
"","100000008034833","NAT1","","",3.3761,,"",
"","100000008034834","NAT1","","",3.3972,,"",
"","100000008033411","NAT1","","",2.5269,,"",
"","100000007927804","NAT1","","",28.5752,,"",
"","100000007933113","NAT1","","",0.2156,,"",
"","100000007933138","NAT1","","",0.1216,,"",
"","100000007933153","NAT1","","",0.2021,,"",
"","100000007933110","NAT1","","",0.1298,,"",
"","100000007932782","NAT1","","",0.1034,,"",
"","100000007932724","NAT1","","",0.1316,,"",
"","100000007935536","NAT1","","",185.5137,,"",
"","100000007935571","NAT1","","",103.5991,,"",
"","100000007935480","NAT1","","",137.5165,,"",
"","100000007935520","NAT1","","",34.3954,,"",
"","100000007987255","FSD1","","",0.0607,,"",
"","100000007987454","FSD1","","",0.04676,,"",
"","100000007985395","FSD1","","",0.07966,,"",
"","100000007985277","FSD1","","",0.02532,,"",
"","100000007984939","FSD1","","",0.02615,,"",
"","100000007984991","FSD1","","",0.01529,,"",
"","100000007985131","FSD1","","",0.03174,,"",
"","100000007982235","FSD1","","",0.02114,,"",
"","100000007982253","FSD1","","",0.02094,,"",
"","100000007982281","FSD1","","",0.01559,,"",
"","100000007982304","FSD1","","",0.0293,,"",
"","100000007982339","FSD1","","",0.02312,,"",
"","100000007982362","FSD1","","",0.0117,,"",
"","100000007982247","FSD1","","",0.03614,,"",
"","100000007982329","FSD1","","",0.01172,,"",
"","100000007982363","FSD1","","",0.02996,,"",
"","100000007982223","FSD1","","",0.0381,,"",
"","100000007918962","FSD1","","",2.47805,,"",
"","100000007917546","FSD1","","",7.55145,,"",
"","100000007917555","FSD1","","",7.24289,,"",
"","100000007917567","FSD1","","",7.49152,,"",
"","100000007917578","FSD1","","",11.87703,,"",
"","100000007917592","FSD1","","",14.1667,,"",
"","100000007917599","FSD1","","",0.04933,,"",
"","100000007917609","FSD1","","",1.49346,,"",
"","100000007917624","FSD1","","",1.52963,,"",
"","100000007916778","FSD1","","",8.75086,,"",
"","100000007916720","FSD1","","",19.59791,,"",
"","100000007916767","FSD1","","",19.66992,,"",
"","100000007920832","FSD1","","",5.64877,,"",
"","100000007920747","FSD1","","",6.54336,,"",
"","100000007920238","FSD1","","",1.8525,,"",
"","100000007920291","FSD1","","",1.9634,,"",
"","100000007920352","FSD1","","",2.03269,,"",
"","100000007920728","FSD1","","",0.1385,,"",
"","100000007920748","FSD1","","",0.07813,,"",
"","100000007920764","FSD1","","",0.0421,,"",
"","100000007920725","FSD1","","",1.07229,,"",
"","100000007920759","FSD1","","",1.17566,,"",
"","100000007932909","FSD1","","",0.14112,,"",
"","100000007932922","FSD1","","",0.14138,,"",
"","100000007932885","FSD1","","",0.0688,,"",
"","100000007932308","FSD1","","",0.06352,,"",
"","100000007931983","FSD1","","",0.02928,,"",
"","100000007937510","FSD1","","",0.03429,,"",
"","100000007937403","FSD1","","",0.02916,,"",
"","100000007937420","FSD1","","",0.03191,,"",
"","100000007935439","FSD1","","",0.01962,,"",
"","100000007935375","FSD1","","",0.01289,,"",
"","100000007935301","FSD1","","",0.04529,,"",
"","100000007935246","FSD1","","",0.0754,,"",
"","100000007935313","FSD1","","",0.02963,,"",
"","100000007942219","FSD1","","",0.08109,,"",
"","100000007942114","FSD1","","",0.09407,,"",
"","100000007942128","FSD1","","",0.10122,,"",
"","100000007942129","FSD1","","",0.11974,,"",
"","100000007942151","FSD1","","",0.13184,,"",
"","100000007942177","FSD1","","",0.14156,,"",
"","100000007942192","FSD1","","",0.16657,,"",
"","100000007942216","FSD1","","",0.17604,,"",
"","100000007940488","FSD1","","",0.86156,,"",
"","100000007940516","FSD1","","",0.93812,,"",
"","100000007940403","FSD1","","",1.00395,,"",
"","100000007940454","FSD1","","",0.12524,,"",
"","100000007940478","FSD1","","",0.12708,,"",
"","100000007939585","FSD1","","",0.30531,,"",
"","100000007940421","FSD1","","",0.71056,,"",
"","100000007940443","FSD1","","",0.63464,,"",
"","100000007940515","FSD1","","",0.48289,,"",
"","100000007940539","FSD1","","",0.57688,,"",
"","100000007940402","FSD1","","",0.62584,,"",
"","100000007939416","FSD1","","",0.02457,,"",
"","100000007939440","FSD1","","",0.04511,,"",
"","100000007939457","FSD1","","",0.03117,,"",
"","100000007941482","FSD1","","",1.5539,,"",
"","100000007941480","FSD1","","",1.31658,,"",
"","100000007941431","FSD1","","",1.02234,,"",
"","100000007941472","FSD1","","",1.06465,,"",
"","100000007939971","FSD1","","",0.25179,,"",
"","100000007940012","FSD1","","",0.06493,,"",
"","100000007940032","FSD1","","",0.0596,,"",
"","100000007952573","FSD1","","",1.90749,,"",
"","100000007952588","FSD1","","",2.18693,,"",
"","100000007952649","FSD1","","",2.49244,,"",
"","100000007952550","FSD1","","",2.83782,,"",
"","100000007949292","FSD1","","",0.1028,,"",
"","100000007949313","FSD1","","",0.31932,,"",
"","100000007949326","FSD1","","",0.32979,,"",
"","100000007949365","FSD1","","",0.4669,,"",
"","100000007949298","FSD1","","",0.45549,,"",
"","100000007952125","FSD1","","",1.14511,,"",
"","100000007952032","FSD1","","",1.50765,,"",
"","100000007952046","FSD1","","",0.69519,,"",
"","100000007951941","FSD1","","",0.27573,,"",
"","100000007951967","FSD1","","",0.28413,,"",
"","100000007951979","FSD1","","",0.25984,,"",
"","100000007952007","FSD1","","",0.34255,,"",
"","100000007951908","FSD1","","",0.4126,,"",
"","100000007951958","FSD1","","",0.10335,,"",
"","100000007951980","FSD1","","",0.48914,,"",
"","100000007951717","FSD1","","",1.00553,,"",
"","100000007951754","FSD1","","",1.24042,,"",
"","100000007969368","FSD1","","",0.03125,,"",
"","100000007969482","FSD1","","",0.04608,,"",
"","100000007969212","FSD1","","",0.07181,,"",
"","100000007970433","FSD1","","",0.02244,,"",
"","100000007970195","FSD1","","",0.01847,,"",
"","100000007967297","FSD1","","",0.15814,,"",
"","100000007994078","FSD1","","",0.10687,,"",
"","100000007984918","FSD1","","",0.01397,,"",
"","100000007982372","FSD1","","",0.05835,,"",
"","100000007982248","FSD1","","",0.03372,,"",
"","100000007984267","FSD1","","",0.04179,,"",
"","100000007984338","FSD1","","",0.04883,,"",
"","100000007984385","FSD1","","",0.05563,,"",
"","100000007984443","FSD1","","",0.0745,,"",
"","100000007984245","FSD1","","",0.01254,,"",
"","100000007918911","FSD1","","",1.24627,,"",
"","100000007918924","FSD1","","",1.22225,,"",
"","100000007917631","FSD1","","",1.55017,,"",
"","100000007917646","FSD1","","",1.52633,,"",
"","100000007917540","FSD1","","",1.53164,,"",
"","100000007917547","FSD1","","",1.5973,,"",
"","100000007917562","FSD1","","",1.61743,,"",
"","100000007917579","FSD1","","",1.63523,,"",
"","100000007918552","FSD1","","",6.00995,,"",
"","100000007918568","FSD1","","",5.99712,,"",
"","100000007916690","FSD1","","",19.59755,,"",
"","100000007916710","FSD1","","",28.36851,,"",
"","100000007917643","FSD1","","",8.62979,,"",
"","100000007917573","FSD1","","",9.16317,,"",
"","100000007917590","FSD1","","",5.24296,,"",
"","100000007917804","FSD1","","",12.94497,,"",
"","100000007921093","FSD1","","",13.19897,,"",
"","100000007921119","FSD1","","",20.91859,,"",
"","100000007920804","FSD1","","",1.24974,,"",
"","100000007920796","FSD1","","",1.2515,,"",
"","100000007932727","FSD1","","",0.14435,,"",
"","100000007932871","FSD1","","",0.19802,,"",
"","100000007932108","FSD1","","",0.01544,,"",
"","100000007932038","FSD1","","",0.01329,,"",
"","100000007938606","FSD1","","",0.0322,,"",
"","100000007938567","FSD1","","",0.03979,,"",
"","100000007937462","FSD1","","",0.04474,,"",
"","100000007937487","FSD1","","",0.05026,,"",
"","100000007937478","FSD1","","",0.03832,,"",
"","100000007937495","FSD1","","",0.03832,,"",
"","100000007936069","FSD1","","",0.0059,,"",
"","100000007942122","FSD1","","",0.19987,,"",
"","100000007942167","FSD1","","",0.22646,,"",
"","100000007941698","FSD1","","",0.23013,,"",
"","100000007941725","FSD1","","",0.2316,,"",
"","100000007941766","FSD1","","",0.32319,,"",
"","100000007940422","FSD1","","",0.65434,,"",
"","100000007940452","FSD1","","",0.6902,,"",
"","100000007940505","FSD1","","",0.81911,,"",
"","100000007940453","FSD1","","",0.09939,,"",
"","100000007940506","FSD1","","",0.10434,,"",
"","100000007939448","FSD1","","",0.03227,,"",
"","100000007939474","FSD1","","",0.05189,,"",
"","100000007939354","FSD1","","",0.0505,,"",
"","100000007939417","FSD1","","",0.04291,,"",
"","100000007940896","FSD1","","",0.29523,,"",
"","100000007939459","FSD1","","",0.07199,,"",
"","100000007939374","FSD1","","",0.08197,,"",
"","100000007939411","FSD1","","",0.08582,,"",
"","100000007939432","FSD1","","",0.06339,,"",
"","100000007939449","FSD1","","",0.10562,,"",
"","100000007941407","FSD1","","",2.25127,,"",
"","100000007941281","FSD1","","",2.88184,,"",
"","100000007940083","FSD1","","",0.06455,,"",
"","100000007939972","FSD1","","",0.0816,,"",
"","100000007940004","FSD1","","",0.09057,,"",
"","100000007940022","FSD1","","",0.08508,,"",
"","100000007940052","FSD1","","",0.11534,,"",
"","100000007940084","FSD1","","",0.10654,,"",
"","100000007952604","FSD1","","",3.15261,,"",
"","100000007952626","FSD1","","",3.4338,,"",
"","100000007952624","FSD1","","",21.9764,,"",
"","100000007950405","FSD1","","",1.58465,,"",
"","100000007950422","FSD1","","",1.67597,,"",
"","100000007950450","FSD1","","",1.85992,,"",
"","100000007949034","FSD1","","",0.06975,,"",
"","100000007949071","FSD1","","",0.09372,,"",
"","100000007948420","FSD1","","",2.09911,,"",
"","100000007948347","FSD1","","",2.41403,,"",
"","100000007948376","FSD1","","",2.28772,,"",
"","100000007948421","FSD1","","",3.22762,,"",
"","100000007948317","FSD1","","",3.38142,,"",
"","100000007948332","FSD1","","",3.69025,,"",
"","100000007951997","FSD1","","",0.54609,,"",
"","100000007951899","FSD1","","",0.6312,,"",
"","100000007951917","FSD1","","",0.57835,,"",
"","100000007951699","FSD1","","",1.37594,,"",
"","100000007952698","FSD1","","",0.76863,,"",
"","100000007952715","FSD1","","",6.05339,,"",
"","100000007952759","FSD1","","",0.58367,,"",
"","100000007969252","FSD1","","",0.04511,,"",
"","100000007970409","FSD1","","",0.02765,,"",
"","100000007970481","FSD1","","",0.03174,,"",
"","100000007970170","FSD1","","",0.03145,,"",
"","100000007970239","FSD1","","",0.01799,,"",
"","100000007957751","FSD1","","",0.16201,,"",
"","100000007967057","FSD1","","",0.06037,,"",
"","100000007967111","FSD1","","",0.06759,,"",
"","100000007966901","FSD1","","",0.036,,"",
"","100000007984212","FSD1","","",0.01623,,"",
"","100000007984277","FSD1","","",0.01795,,"",
"","100000007983369","FSD1","","",0.02046,,"",
"","100000007945030","INN1","","",8.232099825,,"",
"","100000007945063","INN1","","",2.673504552,,"",
"","100000007947152","INN1","","",6.414069532,,"",
"","100000007947086","INN1","","",23.5267537,,"",
"","100000007945134","INN1","","",100.3022456,,"",
"","100000007945157","INN1","","",65.38118515,,"",
"","100000007945186","INN1","","",57.30204557,,"",
"","100000007946666","INN1","","",23.5267537,,"",
"","100000007946719","INN1","","",4.64230645,,"",
"","100000007947226","INN1","","",50.47592069,,"",
"","100000007947255","INN1","","",68.94635148,,"",
"","100000007947451","INN1","","",33.79479618,,"",
"","100000007947358","INN1","","",18.896202,,"",
"","100000007975370","INN1","","",1.656548,,"",
"","100000007975592","INN1","","",0.4675428,,"",
"","100000007975287","INN1","","",0.583167298,,"",
"","100000007975345","INN1","","",1.1878352,,"",
"","100000007975522","INN1","","",2.029513733,,"",
"","100000007975569","INN1","","",3.07369897,,"",
"","100000007977250","INN1","","",1.2280046,,"",
"","100000007977408","INN1","","",1.667944,,"",
"","100000007977058","INN1","","",2.262752,,"",
"","100000007977028","INN1","","",2.6452572,,"",
"","100000007977188","INN1","","",4.6271716,,"",
"","100000007976127","INN1","","",2.6599396,,"",
"","100000007976046","INN1","","",0.2208566,,"",
"","100000007976913","INN1","","",0.3281972,,"",
"","100000007976373","INN1","","",3.057968,,"",
"","100000007976423","INN1","","",5.6910816,,"",
"","100000007976495","INN1","","",6.284348,,"",
"","100000007976540","INN1","","",8.9736296,,"",
"","100000007976608","INN1","","",1.736836,,"",
"","100000007976289","INN1","","",1.830028,,"",
"","100000007976350","INN1","","",2.2822116,,"",
"","100000007976398","INN1","","",2.223892,,"",
"","100000007978541","INN1","","",4.739059656,,"",
"","100000007978228","INN1","","",4.984659216,,"",
"","100000007978270","INN1","","",5.021205,,"",
"","100000007977911","INN1","","",73.30743076,,"",
"","100000007978179","INN1","","",36.40605179,,"",
"","100000007978023","INN1","","",17.70441278,,"",
"","100000007919746","INN1","","",0.110075,,"",
"","100000007946295","INN1","","",70.54285766,,"",
"","100000007946747","INN1","","",4.554540936,,"",
"","100000007946918","INN1","","",4.609871045,,"",
"","100000007946946","INN1","","",4.589943927,,"",
"","100000007946831","INN1","","",4.84596142,,"",
"","100000007978028","INN1","","",17.64571306,,"",
"","100000007978094","INN1","","",14.85010152,,"",
"","100000007978181","INN1","","",42.98231606,,"",
"","100000007979911","INN1","","",5.53416562,,"",
"","100000007979957","INN1","","",5.500831017,,"",
"","100000007977155","INN1","","",0.867537926,,"",
"","100000007976633","INN1","","",0.371860032,,"",
"","100000007976786","INN1","","",0.158739125,,"",
"","100000007976834","INN1","","",0.1486668,,"",
"","100000007976472","INN1","","",5.9693946,,"",
"","100000007976518","INN1","","",4.952968,,"",
"","100000007976269","INN1","","",1.583288143,,"",
"","100000007976324","INN1","","",1.539471848,,"",
"","100000007976374","INN1","","",1.987134099,,"",
"","100000007979263","INN1","","",2.129921082,,"",
"","100000007979336","INN1","","",3.210173139,,"",
"","100000007979385","INN1","","",3.19825445,,"",
"","100000007978518","INN1","","",8.961998976,,"",
"","100000007978364","INN1","","",4.76124791,,"",
"","100000007977982","INN1","","",6.843792664,,"",
"","100000007978004","INN1","","",7.223878608,,"",
"","100000007978052","INN1","","",6.463525548,,"",
"","100000007978095","INN1","","",11.07573137,,"",
"","100000007982966","INN1","","",24.1558974,,"",
"","100000007918168","INN1","","",0.3621754,,"",
"","100000007918120","INN1","","",0.4320978,,"",
"","100000007918128","INN1","","",0.0712326,,"",
"","100000007947143","INN1","","",5.1278071,,"",
"","100000007947159","INN1","","",4.724354761,,"",
"","100000007948148","INN1","","",9.4711126,,"",
"","100000007947120","INN1","","",4.5985468,,"",
"","100000007947142","INN1","","",4.569495352,,"",
"","100000007948777","INN1","","",2.938108,,"",
"","100000007948797","INN1","","",3.7828648,,"",
"","100000007948828","INN1","","",3.131304,,"",
"","100000007947741","INN1","","",149.4665066,,"",
"","100000007947629","INN1","","",389.6028957,,"",
"","100000007949463","INN1","","",127.0585767,,"",
"","100000007948936","INN1","","",4.692677889,,"",
"","100000007948959","INN1","","",12.45999896,,"",
"","100000007948910","INN1","","",26.0330052,,"",
"","100000007948984","INN1","","",6.532062742,,"",
"","100000007949301","INN1","","",6.05579913,,"",
"","100000007949316","INN1","","",5.974152943,,"",
"","100000007977864","INN1","","",87.05359872,,"",
"","100000007979953","INN1","","",28.75762656,,"",
"","100000007979999","INN1","","",30.85164464,,"",
"","100000007980064","INN1","","",24.23263392,,"",
"","100000007980109","INN1","","",26.45688644,,"",
"","100000007980150","INN1","","",31.77616176,,"",
"","100000007980214","INN1","","",32.85162182,,"",
"","100000007979910","INN1","","",26.36414218,,"",
"","100000007979977","INN1","","",26.92415808,,"",
"","100000007980086","INN1","","",32.37736352,,"",
"","100000007979979","INN1","","",5.53704872,,"",
"","100000007980023","INN1","","",5.939470162,,"",
"","100000007980045","INN1","","",6.401792049,,"",
"","100000007980088","INN1","","",6.408909927,,"",
"","100000007980132","INN1","","",6.467193232,,"",
"","100000007979023","INN1","","",6.3826816,,"",
"","100000007979049","INN1","","",6.6871026,,"",
"","100000007979062","INN1","","",6.0191672,,"",
"","100000007979088","INN1","","",6.100908573,,"",
"","100000007979838","INN1","","",2.87368569,,"",
"","100000007979521","INN1","","",2.730408,,"",
"","100000007979573","INN1","","",2.705505408,,"",
"","100000007979624","INN1","","",2.668788,,"",
"","100000007979699","INN1","","",4.9551495,,"",
"","100000007979752","INN1","","",3.42214104,,"",
"","100000007979815","INN1","","",3.42214104,,"",
"","100000007979622","INN1","","",3.469764482,,"",
"","100000007979198","INN1","","",6.056965218,,"",
"","100000007979240","INN1","","",4.62986216,,"",
"","100000007979312","INN1","","",2.111204048,,"",
"","100000007979361","INN1","","",2.130642905,,"",
"","100000007979434","INN1","","",2.082103021,,"",
"","100000007979484","INN1","","",2.128946532,,"",
"","100000007981494","INN1","","",2.535858593,,"",
"","100000007981572","INN1","","",2.605489568,,"",
"","100000007981625","INN1","","",2.642993154,,"",
"","100000007980987","INN1","","",1089.47646,,"",
"","100000007980780","INN1","","",1153.89563,,"",
"","100000007919836","INN1","","",0.0560336,,"",
"","100000007919870","INN1","","",0.0748756,,"",
"","100000007919894","INN1","","",0.0571722,,"",
"","100000007920762","INN1","","",0.08056128,,"",
"","100000007948120","INN1","","",9.313106,,"",
"","100000007948058","INN1","","",10.2199908,,"",
"","100000007948109","INN1","","",9.1103934,,"",
"","100000007948853","INN1","","",2.6884558,,"",
"","100000007948877","INN1","","",3.491878,,"",
"","100000007948816","INN1","","",5.21884,,"",
"","100000007949476","INN1","","",10.565675,,"",
"","100000007949493","INN1","","",11.697769,,"",
"","100000007949397","INN1","","",11.803125,,"",
"","100000007949415","INN1","","",10.905799,,"",
"","100000007949437","INN1","","",19.672265,,"",
"","100000007949486","INN1","","",1.676042,,"",
"","100000007949407","INN1","","",1.569586,,"",
"","100000007948890","INN1","","",4.67343517,,"",
"","100000007948907","INN1","","",20.77727425,,"",
"","100000007948933","INN1","","",13.44922616,,"",
"","100000007948948","INN1","","",5.546358911,,"",
"","100000007948974","INN1","","",4.767980489,,"",
"","100000007948991","INN1","","",26.84132743,,"",
"","100000007949021","INN1","","",7.720674875,,"",
"","100000007948899","INN1","","",4.754570504,,"",
"","100000007944521","INN1","","",9.196124196,,"",
"","100000007944538","INN1","","",2.395001511,,"",
"","100000007980190","INN1","","",22.8668616,,"",
"","100000007979888","INN1","","",22.8668616,,"",
"","100000007979954","INN1","","",13.35956276,,"",
"","100000007980000","INN1","","",17.46168301,,"",
"","100000007980065","INN1","","",20.68409347,,"",
"","100000007980110","INN1","","",15.99607742,,"",
"","100000007980170","INN1","","",25.62134544,,"",
"","100000007980193","INN1","","",4.243852828,,"",
"","100000007979890","INN1","","",4.210984693,,"",
"","100000007979912","INN1","","",4.186093252,,"",
"","100000007985602","INN1","","",22.95669781,,"",
"","100000007985675","INN1","","",26.07763258,,"",
"","100000007979557","INN1","","",6.483026108,,"",
"","100000007983230","INN1","","",4.86691384,,"",
"","100000007981471","INN1","","",3.066541834,,"",
"","100000007981547","INN1","","",3.307743624,,"",
"","100000007981600","INN1","","",2.742903293,,"",
"","100000007980491","INN1","","",15.52863485,,"",
"","100000007980565","INN1","","",15.52863485,,"",
"","100000007980237","INN1","","",17.40026448,,"",
"","100000007980300","INN1","","",15.8773116,,"",
"","100000007980324","INN1","","",19.2702037,,"",
"","100000007980345","INN1","","",19.85551056,,"",
"","100000007970086","INN1","","",103.357276,,"",
"","100000007970142","INN1","","",72.57464152,,"",
"","100000007921292","INN1","","",1.8949328,,"",
"","100000007948778","INN1","","",5.052786,,"",
"","100000007948817","INN1","","",3.2639264,,"",
"","100000007948837","INN1","","",12.121942,,"",
"","100000007950573","INN1","","",1.105289786,,"",
"","100000007950598","INN1","","",3.390528728,,"",
"","100000007949656","INN1","","",2.076441114,,"",
"","100000007949670","INN1","","",2.81439053,,"",
"","100000007949692","INN1","","",1.215533721,,"",
"","100000007949727","INN1","","",4.64527377,,"",
"","100000007944089","INN1","","",3.984291168,,"",
"","100000007944059","INN1","","",1.720714636,,"",
"","100000007944581","INN1","","",3.114596073,,"",
"","100000007944600","INN1","","",1.399835359,,"",
"","100000007944526","INN1","","",3.673538243,,"",
"","100000007944573","INN1","","",4.324992714,,"",
"","100000007982265","INN1","","",55.80590861,,"",
"","100000007982323","INN1","","",64.57665884,,"",
"","100000007985445","INN1","","",24.70671388,,"",
"","100000007985532","INN1","","",28.67491942,,"",
"","100000007985649","INN1","","",25.5330318,,"",
"","100000007985699","INN1","","",28.27698854,,"",
"","100000007985446","INN1","","",33.56474252,,"",
"","100000007983305","INN1","","",15.16342734,,"",
"","100000007983351","INN1","","",5.386622768,,"",
"","100000007983035","INN1","","",15.50550158,,"",
"","100000007983834","INN1","","",70.50852776,,"",
"","100000007983948","INN1","","",47.90361254,,"",
"","100000007969623","INN1","","",2.174209491,,"",
"","100000007921166","INN1","","",4.421550527,,"",
"","100000007921223","INN1","","",4.798037519,,"",
"","100000007950612","INN1","","",1.252982864,,"",
"","100000007950575","INN1","","",12.56709457,,"",
"","100000007950614","INN1","","",2.449058452,,"",
"","100000007949708","INN1","","",3.66366254,,"",
"","100000007949741","INN1","","",4.150573052,,"",
"","100000007949647","INN1","","",5.12425275,,"",
"","100000007949662","INN1","","",6.023132448,,"",
"","100000007949685","INN1","","",7.342603008,,"",
"","100000007949632","INN1","","",0.974099185,,"",
"","100000007949646","INN1","","",1.470738645,,"",
"","100000007949669","INN1","","",10.43694095,,"",
"","100000007949684","INN1","","",6.778991392,,"",
"","100000007949707","INN1","","",1.814964763,,"",
"","100000007949720","INN1","","",2.342777444,,"",
"","100000007944951","INN1","","",0.925749032,,"",
"","100000007944607","INN1","","",5.345217451,,"",
"","100000007944522","INN1","","",6.300434304,,"",
"","100000007944534","INN1","","",7.001365089,,"",
"","100000007944553","INN1","","",127.5126015,,"",
"","100000007944582","INN1","","",131.5958086,,"",
"","100000007944601","INN1","","",8.730485671,,"",
"","100000007944615","INN1","","",1.956958997,,"",
"","100000007944527","INN1","","",9.264052684,,"",
"","100000007944540","INN1","","",1.147408847,,"",
"","100000007946582","INN1","","",63.13455542,,"",
"","100000007971542","INN1","","",0.714204,,"",
"","100000007971610","INN1","","",0.56302,,"",
"","100000007971294","INN1","","",0.87486,,"",
"","100000007982309","INN1","","",53.46819461,,"",
"","100000007971196","INN1","","",0.785471904,,"",
"","100000007971946","INN1","","",2.870672,,"",
"","100000007983999","INN1","","",46.08101837,,"",
"","100000007984078","INN1","","",70.2810337,,"",
"","100000007969860","INN1","","",2.774336,,"",
"","100000007969533","INN1","","",5.5602386,,"",
"","100000007974458","INN1","","",2.264453519,,"",
"","100000007918148","INN1","","",1.2245908,,"",
"","100000007918153","INN1","","",0.1984046,,"",
"","100000007950524","INN1","","",3.230893912,,"",
"","100000007950565","INN1","","",4.88880402,,"",
"","100000007945076","INN1","","",16.98122017,,"",
"","100000007945343","INN1","","",3.494913584,,"",
"","100000007945370","INN1","","",4.351525622,,"",
"","100000007945385","INN1","","",16.22341974,,"",
"","100000007949698","INN1","","",109.9421699,,"",
"","100000007949721","INN1","","",112.5233525,,"",
"","100000007945096","INN1","","",73.27330762,,"",
"","100000007949633","INN1","","",9.043846436,,"",
"","100000007944962","INN1","","",1.283347785,,"",
"","100000007945799","INN1","","",6.492872,,"",
"","100000007945755","INN1","","",7.34388524,,"",
"","100000007945748","INN1","","",9.160029272,,"",
"","100000007946079","INN1","","",97.57618236,,"",
"","100000007946155","INN1","","",73.18360866,,"",
"","100000007971475","INN1","","",1.3886648,,"",
"","100000007971522","INN1","","",1.907532647,,"",
"","100000007970926","INN1","","",0.887290399,,"",
"","100000007970970","INN1","","",1.424526,,"",
"","100000007973099","INN1","","",1.478638317,,"",
"","100000007973267","INN1","","",1.5613014,,"",
"","100000007972124","INN1","","",4.6243704,,"",
"","100000007972172","INN1","","",4.850892,,"",
"","100000007971947","INN1","","",6.3581507,,"",
"","100000007971997","INN1","","",3.245852,,"",
"","100000007972024","INN1","","",9.131575984,,"",
"","100000007972071","INN1","","",1.0543542,,"",
"","100000007972107","INN1","","",1.494424,,"",
"","100000007972157","INN1","","",6.520645453,,"",
"","100000007974308","INN1","","",3.093544,,"",
"","100000007974480","INN1","","",4.21655717,,"",
"","100000007975742","INN1","","",4.5981408,,"",
"","100000007975845","INN1","","",11.02335948,,"",
"","100000007975604","INN1","","",2.1645008,,"",
"","100000007975717","INN1","","",2.5041454,,"",
"","100000007975761","INN1","","",3.724008313,,"",
"","100000007945033","INN1","","",2.045090293,,"",
"","100000007945413","INN1","","",4.198242838,,"",
"","100000007945265","INN1","","",5.390940185,,"",
"","100000007945304","INN1","","",2.039249904,,"",
"","100000007945360","INN1","","",7.72070664,,"",
"","100000007945402","INN1","","",11.32511727,,"",
"","100000007945256","INN1","","",12.72864714,,"",
"","100000007945289","INN1","","",236.8656675,,"",
"","100000007945350","INN1","","",2.93122477,,"",
"","100000007945210","INN1","","",27.12564808,,"",
"","100000007945232","INN1","","",21.17343477,,"",
"","100000007945110","INN1","","",45.00913321,,"",
"","100000007945099","INN1","","",36.22062214,,"",
"","100000007945100","INN1","","",39.63004016,,"",
"","100000007945118","INN1","","",86.83420635,,"",
"","100000007945150","INN1","","",90.01385007,,"",
"","100000007945162","INN1","","",107.7484504,,"",
"","100000007945546","INN1","","",72.12298088,,"",
"","100000007945821","INN1","","",8.102892,,"",
"","100000007945866","INN1","","",7.358209471,,"",
"","100000007975822","INN1","","",10.14687847,,"",
"","100000007971277","INN1","","",2.9278278,,"",
"","100000007971377","INN1","","",4.965356,,"",
"","100000007971574","INN1","","",0.578304,,"",
"","100000007971281","INN1","","",0.796228,,"",
"","100000007973342","INN1","","",1.6889646,,"",
"","100000007973127","INN1","","",4.077972,,"",
"","100000007973196","INN1","","",5.444272,,"",
"","100000007971983","INN1","","",1.734416,,"",
"","100000007972010","INN1","","",1.8929,,"",
"","100000007972055","INN1","","",2.0906646,,"",
"","100000007972088","INN1","","",2.927216,,"",
"","100000007977315","INN1","","",1.0658164,,"",
"","100000007976965","INN1","","",2.004044,,"",
"","100000007976893","INN1","","",0.2085112,,"",
"","100000007976933","INN1","","",0.5084,,"",
"","100000007976655","INN1","","",0.583144,,"",
"","100000007976741","INN1","","",0.592537203,,"",
"","100000007976835","INN1","","",0.796565081,,"",
"","100000007978774","INN1","","",14.73694906,,"",
"","100000007978439","INN1","","",4.840474348,,"",
"","100000007978204","INN1","","",5.49000936,,"",
"","100000007978341","INN1","","",0.20779424,,"",
"","100000007975917","INN1","","",8.27638464,,"",
"","100000008018949","INN1","","",0.187812462,,"",
"","100000008019027","INN1","","",0.1993958,,"",
"","100000008018112","INN1","","",0.188138,,"",
"","100000008018282","INN1","","",0.56738168,,"",
"","100000008018362","INN1","","",0.5138342,,"",
"","100000008018529","INN1","","",0.5797222,,"",
"","100000008018694","INN1","","",0.5255314,,"",
"","100000008018777","INN1","","",0.377608,,"",
"","100000008018950","INN1","","",0.6097758,,"",
"","100000008002109","INN1","","",0.2175758,,"",
"","100000008001859","INN1","","",2.668468,,"",
"","100000008018744","INN1","","",0.3107782,,"",
"","100000008018914","INN1","","",0.262026,,"",
"","100000008019163","INN1","","",0.399796,,"",
"","100000008019341","INN1","","",0.5454812,,"",
"","100000008018259","INN1","","",0.475482472,,"",
"","100000008001535","INN1","","",0.0642402,,"",
"","100000007952863","INN1","","",0.544879362,,"",
"","100000007952925","INN1","","",0.691731669,,"",
"","100000007952828","INN1","","",0.849656882,,"",
"","100000007953876","INN1","","",0.5765388,,"",
"","100000007951809","INN1","","",0.323265748,,"",
"","100000007951823","INN1","","",0.397463525,,"",
"","100000007952105","INN1","","",0.062383802,,"",
"","100000007952117","INN1","","",0.274869,,"",
"","100000007953669","INN1","","",0.5786466,,"",
"","100000007953697","INN1","","",0.4902708,,"",
"","100000007953600","INN1","","",0.7524442,,"",
"","100000007953627","INN1","","",0.7087766,,"",
"","100000008006568","FOS1","","",2.130214336,,"",
"","100000008005499","FOS1","","",1.453735716,,"",
"","100000007952338","INN1","","",0.30467884,,"",
"","100000007952351","INN1","","",0.378548528,,"",
"","100000007952373","INN1","","",0.461353555,,"",
"","100000007954731","INN1","","",0.519746554,,"",
"","100000008018199","INN1","","",0.1766828,,"",
"","100000008019382","INN1","","",0.1213636,,"",
"","100000007954142","INN1","","",0.5664274,,"",
"","100000007954219","INN1","","",0.7071552,,"",
"","100000007954238","INN1","","",0.8481686,,"",
"","100000007952039","INN1","","",5.632773699,,"",
"","100000007952058","INN1","","",1.142387056,,"",
"","100000007952125","INN1","","",1.359171335,,"",
"","100000007952032","INN1","","",1.354677032,,"",
"","100000007952046","INN1","","",1.14340912,,"",
"","100000008006086","FOS1","","",1.06820233,,"",
"","100000007952325","INN1","","",0.591915811,,"",
"","100000007952339","INN1","","",0.540417928,,"",
"","100000007952303","INN1","","",0.712969178,,"",
"","100000007952340","INN1","","",0.927666,,"",
"","100000008018496","INN1","","",0.2025166,,"",
"","100000008016514","INN1","","",3.432856464,,"",
"","100000008016137","INN1","","",3.741444,,"",
"","100000008016424","INN1","","",3.12250901,,"",
"","100000007954125","INN1","","",2.404407501,,"",
"","100000007954930","INN1","","",2.639517,,"",
"","100000007952082","INN1","","",1.54932991,,"",
"","100000007953717","INN1","","",0.1125552,,"",
"","100000007951917","INN1","","",0.744094,,"",
"","100000007997602","FOS1","","",0.940221887,,"",
"","100000008006880","FOS1","","",1.323018039,,"",
"","100000008007057","FOS1","","",1.24069202,,"",
"","100000008007147","FOS1","","",1.715983017,,"",
"","100000008016329","INN1","","",3.084038928,,"",
"","100000008015025","INN1","","",2.560812624,,"",
"","100000008015336","INN1","","",2.560812624,,"",
"","100000008015236","INN1","","",2.386403856,,"",
"","100000008015446","INN1","","",3.181871808,,"",
"","100000008016327","INN1","","",9.892742544,,"",
"","100000008016611","INN1","","",15.76397261,,"",
"","100000008016136","INN1","","",6.342486624,,"",
"","100000008016328","INN1","","",8.788500418,,"",
"","100000008016612","INN1","","",10.33939296,,"",
"","100000008015936","INN1","","",24.20778485,,"",
"","100000008016422","INN1","","",7.565038416,,"",
"","100000007951338","INN1","","",3.10291329,,"",
"","100000007952202","INN1","","",3.591714715,,"",
"","100000007953740","INN1","","",0.1862492,,"",
"","100000007953765","INN1","","",0.1530092,,"",
"","100000007953776","INN1","","",0.092597,,"",
"","100000007953801","INN1","","",0.1879814,,"",
"","100000007953832","INN1","","",0.224286,,"",
"","100000007953734","INN1","","",0.2821144,,"",
"","100000007953357","INN1","","",0.2976802,,"",
"","100000007952009","INN1","","",0.111150276,,"",
"","100000007951909","INN1","","",0.144775769,,"",
"","100000007951931","INN1","","",0.1374438,,"",
"","100000007952771","INN1","","",0.07547059,,"",
"","100000008008000","FOS1","","",3.585064782,,"",
"","100000008006913","FOS1","","",2.655338113,,"",
"","100000008007174","FOS1","","",3.658510177,,"",
"","100000008007524","FOS1","","",1.986075906,,"",
"","100000008011698","INN1","","",4.674974832,,"",
"","100000008011895","INN1","","",5.217767712,,"",
"","100000008012216","INN1","","",4.674974832,,"",
"","100000008011422","INN1","","",2.327704128,,"",
"","100000007999302","INN1","","",0.607135,,"",
"","100000008016230","INN1","","",2.386403856,,"",
"","100000007952281","INN1","","",3.839512984,,"",
"","100000007952156","INN1","","",4.233625899,,"",
"","100000007952879","INN1","","",0.998919656,,"",
"","100000007952905","INN1","","",1.092318512,,"",
"","100000007952843","INN1","","",1.1992995,,"",
"","100000007952865","INN1","","",1.402954449,,"",
"","100000007951843","INN1","","",0.460011393,,"",
"","100000007951859","INN1","","",0.547554293,,"",
"","100000007951880","INN1","","",0.51506844,,"",
"","100000007951818","INN1","","",0.599624926,,"",
"","100000007951832","INN1","","",0.645997961,,"",
"","100000007953445","INN1","","",0.089003,,"",
"","100000007952798","INN1","","",0.1695376,,"",
"","100000007952818","INN1","","",0.1997334,,"",
"","100000007952693","INN1","","",0.2573764,,"",
"","100000007952714","INN1","","",0.209477198,,"",
"","100000007952772","INN1","","",0.3238032,,"",
"","100000007953687","INN1","","",0.1880012,,"",
"","100000007953715","INN1","","",0.868708,,"",
"","100000008003929","FOS1","","",0.336491536,,"",
"","100000008002907","FOS1","","",0.277783455,,"",
"","100000008002837","FOS1","","",0.649506424,,"",
"","100000008003475","FOS1","","",1.115638779,,"",
"","100000008007329","FOS1","","",9.311625705,,"",
"","100000008005230","FOS1","","",0.144303788,,"",
"","100000008004540","FOS1","","",0.24338482,,"",
"","100000008004712","FOS1","","",0.2573246,,"",
"","100000008004019","FOS1","","",0.341024055,,"",
"","100000008006824","FOS1","","",1.638470614,,"",
"","100000007952880","INN1","","",1.843575081,,"",
"","100000007951851","INN1","","",0.765096162,,"",
"","100000007952099","INN1","","",0.783678021,,"",
"","100000007952123","INN1","","",1.116032972,,"",
"","100000007952031","INN1","","",1.125797,,"",
"","100000007952044","INN1","","",1.288474801,,"",
"","100000008003850","FOS1","","",1.88412224,,"",
"","100000008002765","FOS1","","",1.75760583,,"",
"","100000008004394","FOS1","","",2.693797162,,"",
"","100000008005279","FOS1","","",0.113244752,,"",
"","100000008004049","FOS1","","",0.115171056,,"",
"","100000008005012","FOS1","","",0.1331644,,"",
"","100000008005191","FOS1","","",0.15080078,,"",
"","100000008004414","FOS1","","",4.909587051,,"",
"","100000008004189","FOS1","","",0.42719504,,"",
"","100000008000756","FOS1","","",5.440162503,,"",
"","100000007953952","INN1","","",4.1282832,,"",
"","100000008001438","INN1","","",1.306717705,,"",
"","100000008001560","INN1","","",0.9307662,,"",
"","100000008002132","INN1","","",2.916415681,,"",
"","100000008020526","INN1","","",0.0769954,,"",
"","100000007954202","INN1","","",2.946331688,,"",
"","100000007954227","INN1","","",3.614072971,,"",
"","100000007954111","INN1","","",4.172417195,,"",
"","100000007952066","INN1","","",1.415722493,,"",
"","100000007952103","INN1","","",1.839781999,,"",
"","100000007951922","INN1","","",1.944560737,,"",
"","100000007953666","INN1","","",0.1628614,,"",
"","100000007953695","INN1","","",0.2234218,,"",
"","100000007953711","INN1","","",0.226924,,"",
"","100000007953597","INN1","","",0.181724867,,"",
"","100000007953620","INN1","","",0.284332635,,"",
"","100000008004535","FOS1","","",0.243761504,,"",
"","100000008000998","FOS1","","",9.991604149,,"",
"","100000007952633","INN1","","",7.317040853,,"",
"","100000007952573","INN1","","",1.956173921,,"",
"","100000007952588","INN1","","",2.373329687,,"",
"","100000007952649","INN1","","",2.717130661,,"",
"","100000008001494","INN1","","",1.875092252,,"",
"","100000008001670","INN1","","",1.828846036,,"",
"","100000008020438","INN1","","",0.0297484,,"",
"","100000007951936","INN1","","",2.501157891,,"",
"","100000007951959","INN1","","",2.483533565,,"",
"","100000007951981","INN1","","",2.700734652,,"",
"","100000007951998","INN1","","",3.233625366,,"",
"","100000007951900","INN1","","",4.589040075,,"",
"","100000007951914","INN1","","",3.845937903,,"",
"","100000007951960","INN1","","",4.848401146,,"",
"","100000007951949","INN1","","",0.176889335,,"",
"","100000007952550","INN1","","",2.987598113,,"",
"","100000007952604","INN1","","",3.4675352,,"",
"","100000007952626","INN1","","",3.86247818,,"",
"","100000007952641","INN1","","",4.594644,,"",
"","100000007952665","INN1","","",4.816977535,,"",
"","100000007952564","INN1","","",4.399783,,"",
"","100000007952595","INN1","","",9.6053424,,"",
"","100000007913332","NAT1","","",0.3114,,"",
"","100000007913354","NAT1","","",0.0372,,"",
"","100000007894911","NAT1","","",0.5384,,"",
"","100000007901759","NAT1","","",0.3862,,"",
"","100000007901795","NAT1","","",0.4003,,"",
"","100000007901850","NAT1","","",0.696,,"",
"","100000007901573","NAT1","","",1.6563,,"",
"","100000007901635","NAT1","","",0.4495,,"",
"","100000007904202","NAT1","","",0.4508,,"",
"","100000007904743","NAT1","","",0.1782,,"",
"","100000007904859","NAT1","","",0.0388,,"",
"","100000007904583","NAT1","","",0.6327,,"",
"","100000007904637","NAT1","","",0.0725,,"",
"","100000007905526","NAT1","","",1.584,,"",
"","100000007905284","NAT1","","",0.2593,,"",
"","100000007905326","NAT1","","",0.2006,,"",
"","100000007904384","NAT1","","",1.0143,,"",
"","100000007904424","NAT1","","",0.349,,"",
"","100000007916524","NAT1","","",0.0865,,"",
"","100000007916461","NAT1","","",0.1025,,"",
"","100000007916483","NAT1","","",0.1136,,"",
"","100000007916496","NAT1","","",0.126,,"",
"","100000007916455","NAT1","","",0.1059,,"",
"","100000007916478","NAT1","","",0.1745,,"",
"","100000007902510","NAT1","","",0.4271,,"",
"","100000007902640","NAT1","","",0.3313,,"",
"","100000007894754","NAT1","","",0.1629,,"",
"","100000007894783","NAT1","","",0.0466,,"",
"","100000007894723","NAT1","","",0.1077,,"",
"","100000007894749","NAT1","","",0.7574,,"",
"","100000007906929","NAT1","","",1.6282,,"",
"","100000007908626","NAT1","","",0.094,,"",
"","100000007908671","NAT1","","",0.4489,,"",
"","100000007904275","NAT1","","",1.5622,,"",
"","100000007916448","NAT1","","",0.2045,,"",
"","100000007916486","NAT1","","",0.1644,,"",
"","100000007916438","NAT1","","",0.2342,,"",
"","100000007916450","NAT1","","",0.2678,,"",
"","100000007916472","NAT1","","",0.1687,,"",
"","100000007902296","NAT1","","",0.3336,,"",
"","100000007901947","NAT1","","",0.1969,,"",
"","100000007901925","NAT1","","",0.1995,,"",
"","100000007901830","NAT1","","",0.2906,,"",
"","100000007901549","NAT1","","",0.1597,,"",
"","100000007901610","NAT1","","",0.4591,,"",
"","100000007904714","NAT1","","",0.0959,,"",
"","100000007904768","NAT1","","",0.3202,,"",
"","100000007904452","NAT1","","",2.4034,,"",
"","100000007904453","NAT1","","",0.8016,,"",
"","100000007904493","NAT1","","",0.2423,,"",
"","100000007904514","NAT1","","",0.3267,,"",
"","100000007916492","NAT1","","",0.1369,,"",
"","100000007916511","NAT1","","",0.1254,,"",
"","100000007902708","NAT1","","",0.6158,,"",
"","100000007902466","NAT1","","",0.4105,,"",
"","100000007902511","NAT1","","",0.6283,,"",
"","100000007901528","NAT1","","",0.8908,,"",
"","100000007901282","NAT1","","",1.7718,,"",
"","100000007901329","NAT1","","",0.9468,,"",
"","100000007901423","NAT1","","",0.9484,,"",
"","100000007894784","NAT1","","",0.0525,,"",
"","100000007894797","NAT1","","",0.4024,,"",
"","100000007898220","NAT1","","",0.2573,,"",
"","100000007898226","NAT1","","",0.2352,,"",
"","100000007898208","NAT1","","",1.1285,,"",
"","100000007898216","NAT1","","",1.0842,,"",
"","100000007898797","NAT1","","",0.0583,,"",
"","100000007898727","NAT1","","",0.2252,,"",
"","100000007898730","NAT1","","",0.064,,"",
"","100000007898739","NAT1","","",0.6364,,"",
"","100000007908717","NAT1","","",0.6497,,"",
"","100000007908789","NAT1","","",0.1133,,"",
"","100000007908554","NAT1","","",0.3193,,"",
"","100000007908673","NAT1","","",0.2372,,"",
"","100000007907099","NAT1","","",2.1358,,"",
"","100000007906978","NAT1","","",0.3722,,"",
"","100000007907097","NAT1","","",0.0676,,"",
"","100000007904715","NAT1","","",0.9041,,"",
"","100000007904794","NAT1","","",1.2737,,"",
"","100000007904881","NAT1","","",0.2438,,"",
"","100000007901513","NAT1","","",0.305,,"",
"","100000007901545","NAT1","","",0.5671,,"",
"","100000007901299","NAT1","","",0.9428,,"",
"","100000007901387","NAT1","","",0.5118,,"",
"","100000007901499","NAT1","","",0.4214,,"",
"","100000007901283","NAT1","","",0.4547,,"",
"","100000007915957","NAT1","","",0.6796,,"",
"","100000007915977","NAT1","","",0.748,,"",
"","100000007916011","NAT1","","",0.8414,,"",
"","100000007916059","NAT1","","",0.6184,,"",
"","100000007916079","NAT1","","",0.4206,,"",
"","100000007915943","NAT1","","",0.5186,,"",
"","100000007915969","NAT1","","",0.533,,"",
"","100000007898425","NAT1","","",0.4963,,"",
"","100000007898451","NAT1","","",0.623,,"",
"","100000007898393","NAT1","","",0.9356,,"",
"","100000007898426","NAT1","","",1.2702,,"",
"","100000007898457","NAT1","","",2.5614,,"",
"","100000007898725","NAT1","","",0.1041,,"",
"","100000007898732","NAT1","","",0.0824,,"",
"","100000007898738","NAT1","","",0.5017,,"",
"","100000007898718","NAT1","","",0.1563,,"",
"","100000007898724","NAT1","","",2.4559,,"",
"","100000007898726","NAT1","","",0.0528,,"",
"","100000007898716","NAT1","","",0.046,,"",
"","100000007909474","NAT1","","",0.1235,,"",
"","100000007909520","NAT1","","",0.1022,,"",
"","100000007909581","NAT1","","",0.9967,,"",
"","100000007906808","NAT1","","",0.9331,,"",
"","100000007906855","NAT1","","",0.1521,,"",
"","100000007906928","NAT1","","",0.1139,,"",
"","100000007907002","NAT1","","",0.666,,"",
"","100000007906809","NAT1","","",0.2147,,"",
"","100000007904610","NAT1","","",0.0401,,"",
"","100000007904838","NAT1","","",0.0245,,"",
"","100000007904540","NAT1","","",0.6357,,"",
"","100000007904570","NAT1","","",0.0848,,"",
"","100000007904417","NAT1","","",0.019,,"",
"","100000007904309","NAT1","","",0.0197,,"",
"","100000007904347","NAT1","","",0.0237,,"",
"","100000007904391","NAT1","","",0.0767,,"",
"","100000007916023","NAT1","","",0.6244,,"",
"","100000007916050","NAT1","","",0.663,,"",
"","100000007916068","NAT1","","",0.6093,,"",
"","100000007915944","NAT1","","",0.5933,,"",
"","100000007915970","NAT1","","",0.7918,,"",
"","100000007915999","NAT1","","",0.7015,,"",
"","100000007916069","NAT1","","",1.6874,,"",
"","100000007898394","NAT1","","",6.364,,"",
"","100000007898427","NAT1","","",0.2307,,"",
"","100000007898442","NAT1","","",0.4438,,"",
"","100000007901444","NAT1","","",0.3991,,"",
"","100000007901500","NAT1","","",0.506,,"",
"","100000007901530","NAT1","","",0.9652,,"",
"","100000007912391","NAT1","","",0.4895,,"",
"","100000007901657","NAT1","","",0.2617,,"",
"","100000007901720","NAT1","","",0.3274,,"",
"","100000007901848","NAT1","","",0.4706,,"",
"","100000007901682","NAT1","","",0.192,,"",
"","100000007906812","NAT1","","",1.2979,,"",
"","100000007906794","NAT1","","",1.3226,,"",
"","100000007909625","NAT1","","",2.2205,,"",
"","100000007909323","NAT1","","",0.3629,,"",
"","100000007909427","NAT1","","",0.4485,,"",
"","100000007909499","NAT1","","",0.3972,,"",
"","100000007909542","NAT1","","",1.0343,,"",
"","100000007909605","NAT1","","",0.141,,"",
"","100000008035095","NAT1","","",2.7008,,"",
"","100000008035814","NAT1","","",0.4681,,"",
"","100000008035279","NAT1","","",0.5536,,"",
"","100000008026345","NAT1","","",5.8238,,"",
"","100000008036925","NAT1","","",0.3272,,"",
"","100000008030610","NAT1","","",3.9482,,"",
"","100000008029746","NAT1","","",8.2493,,"",
"","100000008029928","NAT1","","",4.5229,,"",
"","100000007904433","NAT1","","",0.1426,,"",
"","100000007916000","NAT1","","",0.2722,,"",
"","100000007916025","NAT1","","",0.3975,,"",
"","100000007901501","NAT1","","",0.088,,"",
"","100000007901467","NAT1","","",0.1689,,"",
"","100000007912192","NAT1","","",0.2473,,"",
"","100000008036513","NAT1","","",0.1796,,"",
"","100000008036759","NAT1","","",0.2139,,"",
"","100000008036936","NAT1","","",0.2187,,"",
"","100000008037212","NAT1","","",0.2326,,"",
"","100000008037394","NAT1","","",0.1959,,"",
"","100000007909401","NAT1","","",0.1099,,"",
"","100000007909475","NAT1","","",0.2232,,"",
"","100000007909521","NAT1","","",1.1209,,"",
"","100000007909582","NAT1","","",0.4324,,"",
"","100000007909352","NAT1","","",1.8845,,"",
"","100000007909402","NAT1","","",0.6211,,"",
"","100000007909476","NAT1","","",0.3928,,"",
"","100000007909522","NAT1","","",1.029,,"",
"","100000007916439","NAT1","","",0.5474,,"",
"","100000007916451","NAT1","","",0.5743,,"",
"","100000008036327","NAT1","","",1.2714,,"",
"","100000007911525","NAT1","","",0.4795,,"",
"","100000007911576","NAT1","","",0.2057,,"",
"","100000007911650","NAT1","","",0.1929,,"",
"","100000008037752","NAT1","","",0.4097,,"",
"","100000007908576","NAT1","","",0.0756,,"",
"","100000007908625","NAT1","","",0.2949,,"",
"","100000007908695","NAT1","","",0.0691,,"",
"","100000007908503","NAT1","","",0.1818,,"",
"","100000008030540","NAT1","","",4.1195,,"",
"","100000007901319","NAT1","","",0.1392,,"",
"","100000007901449","NAT1","","",0.1517,,"",
"","100000007901535","NAT1","","",0.2786,,"",
"","100000007901302","NAT1","","",0.1312,,"",
"","100000007904815","NAT1","","",0.0641,,"",
"","100000007904857","NAT1","","",0.4486,,"",
"","100000007904551","NAT1","","",0.1638,,"",
"","100000007904603","NAT1","","",0.8571,,"",
"","100000007912348","NAT1","","",0.5665,,"",
"","100000007912320","NAT1","","",1.4426,,"",
"","100000008037331","NAT1","","",0.1342,,"",
"","100000008037607","NAT1","","",0.1197,,"",
"","100000008037787","NAT1","","",0.1051,,"",
"","100000008037238","NAT1","","",0.1072,,"",
"","100000008037420","NAT1","","",0.145,,"",
"","100000008037696","NAT1","","",0.0832,,"",
"","100000008025510","NAT1","","",3.0378,,"",
"","100000008036137","NAT1","","",4.499,,"",
"","100000007911758","NAT1","","",0.3441,,"",
"","100000007911433","NAT1","","",0.2059,,"",
"","100000007911577","NAT1","","",0.6375,,"",
"","100000007911629","NAT1","","",0.3471,,"",
"","100000008036328","NAT1","","",2.9388,,"",
"","100000007912941","NAT1","","",5.0488,,"",
"","100000008030085","NAT1","","",4.0033,,"",
"","100000007910656","NAT1","","",0.1184,,"",
"","100000007910398","NAT1","","",0.1454,,"",
"","100000007907868","NAT1","","",0.2094,,"",
"","100000007907902","NAT1","","",0.2935,,"",
"","100000007907529","NAT1","","",0.0669,,"",
"","100000007907601","NAT1","","",0.1368,,"",
"","100000007907651","NAT1","","",0.1916,,"",
"","100000007905106","NAT1","","",0.1048,,"",
"","100000007905157","NAT1","","",0.2859,,"",
"","100000007905260","NAT1","","",0.0359,,"",
"","100000007904948","NAT1","","",0.0415,,"",
"","100000007904997","NAT1","","",0.0583,,"",
"","100000007904662","NAT1","","",0.2724,,"",
"","100000008032173","NAT1","","",0.1862,,"",
"","100000008032374","NAT1","","",0.163,,"",
"","100000008032534","NAT1","","",1.0049,,"",
"","100000008032806","NAT1","","",0.3014,,"",
"","100000008032982","NAT1","","",1.858,,"",
"","100000008026468","NAT1","","",2.5651,,"",
"","100000007914823","NAT1","","",69.9927,,"",
"","100000007914919","NAT1","","",0.241,,"",
"","100000007891667","NAT1","","",0.5076,,"",
"","100000007913372","NAT1","","",0.0404,,"",
"","100000007913394","NAT1","","",0.0635,,"",
"","100000007913364","NAT1","","",0.1224,,"",
"","100000008035421","NAT1","","",0.267,,"",
"","100000008035962","NAT1","","",0.128,,"",
"","100000008035331","NAT1","","",0.3092,,"",
"","100000007912911","NAT1","","",0.2489,,"",
"","100000007912935","NAT1","","",0.0498,,"",
"","100000007912999","NAT1","","",0.9702,,"",
"","100000007913014","NAT1","","",0.1565,,"",
"","100000007891014","NAT1","","",0.1906,,"",
"","100000007891000","NAT1","","",0.8448,,"",
"","100000007891002","NAT1","","",0.1679,,"",
"","100000007891007","NAT1","","",0.2745,,"",
"","100000007891012","NAT1","","",0.2758,,"",
"","100000007910372","NAT1","","",0.055,,"",
"","100000007912718","NAT1","","",0.0975,,"",
"","100000007907725","NAT1","","",0.2663,,"",
"","100000007907790","NAT1","","",0.484,,"",
"","100000007907466","NAT1","","",0.8686,,"",
"","100000007905131","NAT1","","",0.063,,"",
"","100000007905197","NAT1","","",0.1309,,"",
"","100000007905261","NAT1","","",0.2449,,"",
"","100000007904928","NAT1","","",0.4763,,"",
"","100000007904998","NAT1","","",0.2763,,"",
"","100000007905132","NAT1","","",0.0302,,"",
"","100000008019072","NGC1","","",0.271,,"",
"","100000008018176","NGC1","","",0.301,,"",
"","100000008018502","NGC1","","",1.01,,"",
"","100000008018663","NGC1","","",1.19,,"",
"","100000008018338","NGC1","","",0.71,,"",
"","100000007985284","NGC1","","",0.1205,,"",
"","100000007985285","NGC1","","",0.191,,"",
"","100000007985327","NGC1","","",0.0945,,"",
"","100000007919759","NAT1","","",13.1463,,"",
"","100000007921683","NAT1","","",149.4947,,"",
"","100000007919736","NAT1","","",8.8518,,"",
"","100000007919628","NAT1","","",11.5139,,"",
"","100000007919590","NAT1","","",273.5897,,"",
"","100000007919614","NAT1","","",17.9347,,"",
"","100000307474605","NAT1","","",18.6333,,"",
"","100000307474605","NAT1","","",20.725,,"",
"","100000007919329","NAT1","","",10.3753,,"",
"","100000008025510","NGC1","","",3.46,,"",
"","100000008027943","NGC1","","",5.58,,"",
"","100000008027059","NGC1","","",2.94,,"",
"","100000007919216","NAT1","","",8.9685,,"",
"","100000007919267","NAT1","","",8.3188,,"",
"","100000007920574","NAT1","","",9.6519,,"",
"","100000007921574","NAT1","","",25.1902,,"",
"","100000007921592","NAT1","","",26.7838,,"",
"","100000007921498","NAT1","","",33.8068,,"",
"","100000007921598","NAT1","","",102.7863,,"",
"","100000007921511","NAT1","","",282.7559,,"",
"","100000007920917","NAT1","","",8.7302,,"",
"","100000007920941","NAT1","","",10.0714,,"",
"","100000007920958","NAT1","","",11.9057,,"",
"","100000007920851","NAT1","","",43.9266,,"",
"","100000007921184","NAT1","","",12.3741,,"",
"","100000007921141","NAT1","","",16.8625,,"",
"","100000008003308","NGC1","","",0.82,,"",
"","100000008004489","NGC1","","",0.2345,,"",
"","100000007992569","NGC1","","",0.4685,,"",
"","100000007992666","NGC1","","",0.5465,,"",
"","100000007992722","NGC1","","",0.6515,,"",
"","100000007992755","NGC1","","",0.651,,"",
"","100000007992522","NGC1","","",1.009,,"",
"","100000007922520","NAT1","","",595.126,,"",
"","100000007922421","NAT1","","",2.2949,,"",
"","100000007922439","NAT1","","",3.9253,,"",
"","100000007922473","NAT1","","",1.6818,,"",
"","100000007920810","NAT1","","",9.23,,"",
"","100000008027367","NGC1","","",3.39,,"",
"","100000008027575","NGC1","","",2.18,,"",
"","100000008027873","NGC1","","",14.46,,"",
"","100000008026572","NGC1","","",3.73,,"",
"","100000008026801","NGC1","","",3.39,,"",
"","100000008027079","NGC1","","",19.37,,"",
"","100000007919295","NAT1","","",8.3889,,"",
"","100000007920015","NAT1","","",27.6565,,"",
"","100000007920069","NAT1","","",29.4163,,"",
"","100000007918711","NAT1","","",7.7465,,"",
"","100000007918731","NAT1","","",7.2364,,"",
"","100000007918748","NAT1","","",7.37,,"",
"","100000007921552","NAT1","","",8.3884,,"",
"","100000007921182","NAT1","","",31.7053,,"",
"","100000007921201","NAT1","","",15.1602,,"",
"","100000008003475","NGC1","","",1.07,,"",
"","100000008004394","NGC1","","",1.85,,"",
"","100000008005279","NGC1","","",0.1075,,"",
"","100000008004049","NGC1","","",0.135,,"",
"","100000008004535","NGC1","","",0.279,,"",
"","100000008005227","NGC1","","",0.282,,"",
"","100000007991564","NGC1","","",0.811,,"",
"","100000007991660","NGC1","","",1.086,,"",
"","100000007922497","NAT1","","",2.0184,,"",
"","100000007922537","NAT1","","",2.2687,,"",
"","100000007919537","NAT1","","",18.9391,,"",
"","100000007919554","NAT1","","",19.3441,,"",
"","100000007922513","NAT1","","",71.5329,,"",
"","100000008022727","NGC1","","",19.49,,"",
"","100000008023473","NGC1","","",14.45,,"",
"","100000007919931","NAT1","","",28.2486,,"",
"","100000007919973","NAT1","","",28.3533,,"",
"","100000007920008","NAT1","","",12.0143,,"",
"","100000007918698","NAT1","","",7.7465,,"",
"","100000007919538","NAT1","","",11.4517,,"",
"","100000007919573","NAT1","","",11.5154,,"",
"","100000007921647","NAT1","","",93.5094,,"",
"","100000007921673","NAT1","","",53.5344,,"",
"","100000008005012","NGC1","","",0.1615,,"",
"","100000008005191","NGC1","","",0.174,,"",
"","100000007919468","NAT1","","",17.6452,,"",
"","100000007919045","NAT1","","",42.5402,,"",
"","100000007920665","NAT1","","",8.5845,,"",
"","100000007920592","NAT1","","",11.0827,,"",
"","100000007920666","NAT1","","",11.0831,,"",
"","100000007920028","NAT1","","",12.1658,,"",
"","100000007920060","NAT1","","",8.7722,,"",
"","100000007919463","NAT1","","",12.5973,,"",
"","100000007919469","NAT1","","",13.8876,,"",
"","100000007919478","NAT1","","",11.9692,,"",
"","100000007919494","NAT1","","",9.8915,,"",
"","100000007919524","NAT1","","",10.1365,,"",
"","100000007921718","NAT1","","",115.2701,,"",
"","100000007921699","NAT1","","",86.7436,,"",
"","100000007919515","NAT1","","",15.832,,"",
"","100000007984029","NGC1","","",0.0335,,"",
"","100000007984082","NGC1","","",0.0315,,"",
"","100000007983856","NGC1","","",0.0435,,"",
"","100000008000757","NGC1","","",1.048,,"",
"","100000008000512","NGC1","","",2.72,,"",
"","100000008000913","NGC1","","",3.15,,"",
"","100000008000348","NGC1","","",1.22,,"",
"","100000007919461","NAT1","","",18.3841,,"",
"","100000007919071","NAT1","","",30.246,,"",
"","100000007919103","NAT1","","",1.7929,,"",
"","100000007919109","NAT1","","",29.8637,,"",
"","100000007920593","NAT1","","",23.9146,,"",
"","100000007920668","NAT1","","",22.2386,,"",
"","100000007920689","NAT1","","",23.5856,,"",
"","100000007920690","NAT1","","",412.564,,"",
"","100000008017709","NGC1","","",3.92,,"",
"","100000008017978","NGC1","","",3.01,,"",
"","100000008016689","NGC1","","",3.61,,"",
"","100000008016925","NGC1","","",3.84,,"",
"","100000008017099","NGC1","","",4.54,,"",
"","100000008017399","NGC1","","",6.83,,"",
"","100000007920375","NAT1","","",9.3306,,"",
"","100000007921161","NAT1","","",39.9462,,"",
"","100000007921156","NAT1","","",67.764,,"",
"","100000007921157","NAT1","","",19.1164,,"",
"","100000007921403","NAT1","","",6.2603,,"",
"","100000007919532","NAT1","","",14.4645,,"",
"","100000007919319","NAT1","","",11.9516,,"",
"","100000007919203","NAT1","","",13.453,,"",
"","100000007919472","NAT1","","",11.2037,,"",
"","100000007919482","NAT1","","",16.1222,,"",
"","100000007919497","NAT1","","",12.4266,,"",
"","100000007919511","NAT1","","",17.6289,,"",
"","100000007919585","NAT1","","",18.1371,,"",
"","100000007983953","NGC1","","",0.0925,,"",
"","100000008002596","NGC1","","",3.05,,"",
"","100000008001589","NGC1","","",3.43,,"",
"","100000008001776","NGC1","","",3.87,,"",
"","100000008002512","NGC1","","",4.36,,"",
"","100000008000851","NGC1","","",0.482,,"",
"","100000007920163","NAT1","","",23.8111,,"",
"","100000007920104","NAT1","","",19.7937,,"",
"","100000007919651","NAT1","","",10.9843,,"",
"","100000007919024","NAT1","","",23.9585,,"",
"","100000007919435","NAT1","","",12.5445,,"",
"","100000007920673","NAT1","","",176.8541,,"",
"","100000007919433","NAT1","","",46.3671,,"",
"","100000007919455","NAT1","","",35.7927,,"",
"","100000008018059","NGC1","","",13.63,,"",
"","100000007920229","NAT1","","",17.0198,,"",
"","100000007920661","NAT1","","",10.0109,,"",
"","100000007920685","NAT1","","",14.249,,"",
"","100000007921080","NAT1","","",15.0547,,"",
"","100000007921439","NAT1","","",19.4865,,"",
"","100000007921462","NAT1","","",19.3278,,"",
"","100000007919258","NAT1","","",12.1713,,"",
"","100000007919274","NAT1","","",8.7372,,"",
"","100000007919320","NAT1","","",5.3326,,"",
"","100000007919328","NAT1","","",7.2558,,"",
"","100000007919192","NAT1","","",11.8514,,"",
"","100000007919184","NAT1","","",4.8629,,"",
"","100000007919185","NAT1","","",5.4353,,"",
"","100000007919475","NAT1","","",20.1464,,"",
"","100000007919476","NAT1","","",17.6242,,"",
"","100000007919492","NAT1","","",18.1314,,"",
"","100000007919514","NAT1","","",19.7781,,"",
"","100000008001578","NGC1","","",1.72,,"",
"","100000008001858","NGC1","","",1.37,,"",
"","100000008002319","NGC1","","",2.04,,"",
"","100000008001859","NGC1","","",6.27,,"",
"","100000008002132","NGC1","","",7.42,,"",
"","100000008001535","NGC1","","",0.043,,"",
"","100000008020526","NGC1","","",0.0935,,"",
"","100000007984686","NGC1","","",0.178,,"",
"","100000007984561","NGC1","","",0.258,,"",
"","100000007919665","NAT1","","",18.6498,,"",
"","100000007919781","NAT1","","",12.4048,,"",
"","100000007919631","NAT1","","",13.5331,,"",
"","100000007919640","NAT1","","",21.1423,,"",
"","100000007919662","NAT1","","",17.8115,,"",
"","100000007919379","NAT1","","",40.9783,,"",
"","100000007919441","NAT1","","",70.8282,,"",
"","100000007921100","NAT1","","",23.4445,,"",
"","100000007921000","NAT1","","",12.747,,"",
"","100000007921041","NAT1","","",14.3037,,"",
"","100000007920394","NAT1","","",8.0937,,"",
"","100000007920937","NAT1","","",9.4166,,"",
"","100000007920844","NAT1","","",12.8615,,"",
"","100000007920895","NAT1","","",14.9287,,"",
"","100000007920909","NAT1","","",14.4943,,"",
"","100000007919278","NAT1","","",5.403,,"",
"","100000007920872","NAT1","","",21.4235,,"",
"","100000007920888","NAT1","","",14.6198,,"",
"","100000007920132","NAT1","","",13.9962,,"",
"","100000007920101","NAT1","","",10.8437,,"",
"","100000007920133","NAT1","","",13.4094,,"",
"","100000008019077","NGC1","","",0.579,,"",
"","100000008020438","NGC1","","",0.0355,,"",
"","100000007985326","NGC1","","",0.33,,"",
"","100000007985350","NGC1","","",0.435,,"",
"","100000007919829","NAT1","","",29.4005,,"",
"","100000007919853","NAT1","","",11.7339,,"",
"","100000007919866","NAT1","","",15.8528,,"",
"","100000007919724","NAT1","","",17.4224,,"",
"","100000007919761","NAT1","","",9.7664,,"",
"","100000007919457","NAT1","","",21.5267,,"",
"","100000007919339","NAT1","","",0.4707,,"",
"","100000007919357","NAT1","","",23.8532,,"",
"","100000007919995","NAT1","","",4.5931,,"",
"","100000007920054","NAT1","","",6.467,,"",
"","100000007920677","NAT1","","",18.5649,,"",
"","100000007920702","NAT1","","",9.6269,,"",
"","100000007920609","NAT1","","",15.8171,,"",
"","100000007920615","NAT1","","",16.7531,,"",
"","100000007920499","NAT1","","",13.8883,,"",
"","100000007920526","NAT1","","",10.5492,,"",
"","100000007920498","NAT1","","",20.0053,,"",
"","100000007920415","NAT1","","",9.3728,,"",
"","100000007922000","NAT1","","",216.779,,"",
"","100000007922024","NAT1","","",128.2551,,"",
"","100000007920927","NAT1","","",15.6908,,"",
"","100000007921562","NAT1","","",115.4806,,"",
"","100000007921581","NAT1","","",95.294,,"",
"","100000007920162","NAT1","","",11.4471,,"",
"","100000007920092","NAT1","","",13.73,,"",
"","100000007920109","NAT1","","",13.2393,,"",
"","100000007920140","NAT1","","",12.0179,,"",
"","100000007927179","B4U1","","",2.233571429,,"",
"","100000007950321","DTR1","","",28.38545,,"",
"","100000007950257","DTR1","","",46.00145,,"",
"","100000007951052","DTR1","","",0.34991,,"",
"","100000007950632","DTR1","","",8.71227,,"",
"","100000007950662","DTR1","","",9.98782,,"",
"","100000007950682","DTR1","","",10.81664,,"",
"","100000007950713","DTR1","","",11.64818,,"",
"","100000007950762","DTR1","","",13.86655,,"",
"","100000007950780","DTR1","","",14.32718,,"",
"","100000007938223","DTR1","","",0.28718,,"",
"","100000007939475","DTR1","","",0.18518,,"",
"","100000007939366","DTR1","","",0.201,,"",
"","100000007940284","DTR1","","",0.22582,,"",
"","100000007940224","DTR1","","",0.05509,,"",
"","100000007940201","DTR1","","",0.07009,,"",
"","100000007938978","DTR1","","",7.86736,,"",
"","100000007940022","DTR1","","",0.13664,,"",
"","100000007940052","DTR1","","",0.18518,,"",
"","100000007940084","DTR1","","",0.171,,"",
"","100000007939932","DTR1","","",0.18327,,"",
"","100000007940465","DTR1","","",0.62509,,"",
"","100000007940489","DTR1","","",0.67309,,"",
"","100000007927962","B4U1","","",26.51214286,,"",
"","100000007926728","B4U1","","",38.13214286,,"",
"","100000007927804","B4U1","","",21.56914286,,"",
"","100000007939416","DTR1","","",0.03955,,"",
"","100000007939440","DTR1","","",0.07255,,"",
"","100000007939457","DTR1","","",0.05018,,"",
"","100000007939448","DTR1","","",0.05182,,"",
"","100000007940305","DTR1","","",0.18164,,"",
"","100000007940315","DTR1","","",0.19282,,"",
"","100000007940345","DTR1","","",0.234,,"",
"","100000007940364","DTR1","","",0.234,,"",
"","100000007940394","DTR1","","",0.25636,,"",
"","100000007940131","DTR1","","",0.04255,,"",
"","100000007940171","DTR1","","",0.04282,,"",
"","100000007940215","DTR1","","",0.05264,,"",
"","100000007940101","DTR1","","",0.05891,,"",
"","100000007940132","DTR1","","",0.05509,,"",
"","100000007939992","DTR1","","",0.20782,,"",
"","100000007940041","DTR1","","",0.285,,"",
"","100000007941025","DTR1","","",0.375,,"",
"","100000007941047","DTR1","","",0.44209,,"",
"","100000007941079","DTR1","","",0.47345,,"",
"","100000007941105","DTR1","","",0.534,,"",
"","100000007940963","DTR1","","",0.51273,,"",
"","100000007941013","DTR1","","",0.69545,,"",
"","100000007940518","DTR1","","",0.85909,,"",
"","100000007940541","DTR1","","",0.87491,,"",
"","100000007940405","DTR1","","",0.91473,,"",
"","100000007940425","DTR1","","",0.94882,,"",
"","100000007940455","DTR1","","",1.24691,,"",
"","100000007940558","DTR1","","",1.25182,,"",
"","100000007940421","DTR1","","",1.14136,,"",
"","100000007940443","DTR1","","",1.01945,,"",
"","100000007940515","DTR1","","",0.77564,,"",
"","100000007940539","DTR1","","",0.92673,,"",
"","100000007940402","DTR1","","",1.00527,,"",
"","100000007927925","B4U1","","",49.05357143,,"",
"","100000007927798","B4U1","","",27.78971429,,"",
"","100000007928537","B4U1","","",33.93228571,,"",
"","100000007927180","B4U1","","",12.39457143,,"",
"","100000007927217","B4U1","","",17.26042857,,"",
"","100000007927105","B4U1","","",19.52285714,,"",
"","100000007939741","DTR1","","",0.084,,"",
"","100000007939561","DTR1","","",0.23455,,"",
"","100000007939582","DTR1","","",0.25445,,"",
"","100000007939611","DTR1","","",0.30164,,"",
"","100000007939632","DTR1","","",0.27873,,"",
"","100000007939536","DTR1","","",0.32345,,"",
"","100000007939585","DTR1","","",0.49036,,"",
"","100000007939474","DTR1","","",0.08345,,"",
"","100000007939354","DTR1","","",0.081,,"",
"","100000007939417","DTR1","","",0.069,,"",
"","100000007939458","DTR1","","",0.09873,,"",
"","100000007939355","DTR1","","",0.08836,,"",
"","100000007939394","DTR1","","",0.08918,,"",
"","100000007939419","DTR1","","",0.10773,,"",
"","100000007940255","DTR1","","",0.279,,"",
"","100000007940289","DTR1","","",0.291,,"",
"","100000007940327","DTR1","","",0.33818,,"",
"","100000007940365","DTR1","","",0.399,,"",
"","100000007940244","DTR1","","",0.48,,"",
"","100000007937342","DTR1","","",0.08782,,"",
"","100000007940172","DTR1","","",0.06573,,"",
"","100000007940189","DTR1","","",0.07009,,"",
"","100000007940216","DTR1","","",0.08236,,"",
"","100000007940238","DTR1","","",0.08536,,"",
"","100000007940122","DTR1","","",0.10145,,"",
"","100000007940114","DTR1","","",0.09982,,"",
"","100000007940124","DTR1","","",0.24655,,"",
"","100000007941034","DTR1","","",0.74727,,"",
"","100000007940422","DTR1","","",1.10591,,"",
"","100000007940452","DTR1","","",1.10864,,"",
"","100000007940505","DTR1","","",1.31564,,"",
"","100000007940453","DTR1","","",0.15955,,"",
"","100000007927867","B4U1","","",32.27914286,,"",
"","100000007949348","DTR1","","",0.16227,,"",
"","100000007949367","DTR1","","",0.11836,,"",
"","100000007949284","DTR1","","",0.22745,,"",
"","100000007949296","DTR1","","",0.24136,,"",
"","100000007950021","DTR1","","",0.36109,,"",
"","100000007950052","DTR1","","",0.33627,,"",
"","100000007949947","DTR1","","",0.10391,,"",
"","100000007949995","DTR1","","",0.36136,,"",
"","100000007949559","DTR1","","",0.27764,,"",
"","100000007949582","DTR1","","",0.31745,,"",
"","100000007949601","DTR1","","",0.29318,,"",
"","100000007940932","DTR1","","",0.37282,,"",
"","100000007940792","DTR1","","",0.45,,"",
"","100000007940832","DTR1","","",0.47482,,"",
"","100000007940896","DTR1","","",0.47427,,"",
"","100000007940920","DTR1","","",0.55582,,"",
"","100000007940782","DTR1","","",0.64145,,"",
"","100000007940817","DTR1","","",0.72164,,"",
"","100000007936738","DTR1","","",0.02755,,"",
"","100000007936761","DTR1","","",0.03055,,"",
"","100000007936659","DTR1","","",0.04309,,"",
"","100000007937469","DTR1","","",0.04855,,"",
"","100000007937526","DTR1","","",0.41673,,"",
"","100000007949318","DTR1","","",0.31364,,"",
"","100000007949329","DTR1","","",0.29155,,"",
"","100000007949350","DTR1","","",0.36273,,"",
"","100000007949373","DTR1","","",0.33464,,"",
"","100000007949275","DTR1","","",0.411,,"",
"","100000007950035","DTR1","","",0.624,,"",
"","100000007950105","DTR1","","",6.97936,,"",
"","100000007949515","DTR1","","",0.39355,,"",
"","100000007949534","DTR1","","",0.477,,"",
"","100000007949602","DTR1","","",0.56073,,"",
"","100000007949612","DTR1","","",0.73473,,"",
"","100000007946448","DTR1","","",2.10408,,"",
"","100000007940881","DTR1","","",0.67336,,"",
"","100000007940908","DTR1","","",0.82555,,"",
"","100000007940769","DTR1","","",0.25473,,"",
"","100000007940770","DTR1","","",0.29891,,"",
"","100000007940757","DTR1","","",0.34309,,"",
"","100000007940795","DTR1","","",0.36927,,"",
"","100000007940821","DTR1","","",0.40718,,"",
"","100000007940885","DTR1","","",0.49064,,"",
"","100000007940691","DTR1","","",0.61991,,"",
"","100000007937510","DTR1","","",0.05509,,"",
"","100000007937403","DTR1","","",0.04691,,"",
"","100000007937420","DTR1","","",0.05127,,"",
"","100000007937462","DTR1","","",0.072,,"",
"","100000007937487","DTR1","","",0.08073,,"",
"","100000007936069","DTR1","","",0.00955,,"",
"","100000007924881","B4U1","","",11.20871429,,"",
"","100000007924897","B4U1","","",16.22885714,,"",
"","100000007924923","B4U1","","",33.20042857,,"",
"","100000007925101","B4U1","","",5.008857143,,"",
"","100000007924973","B4U1","","",5.746571429,,"",
"","100000007925022","B4U1","","",6.050428571,,"",
"","100000007925918","B4U1","","",33.27257143,,"",
"","100000007949292","DTR1","","",0.165,,"",
"","100000007947543","DTR1","","",9.465,,"",
"","100000007947455","DTR1","","",9.39818,,"",
"","100000007925066","B4U1","","",7.982285714,,"",
"","100000007924951","B4U1","","",20.934,,"",
"","100000007924963","B4U1","","",37.97928571,,"",
"","100000007924978","B4U1","","",11.70828571,,"",
"","100000007925013","B4U1","","",11.62314286,,"",
"","100000007925027","B4U1","","",11.013,,"",
"","100000007925072","B4U1","","",13.21785714,,"",
"","100000007925970","B4U1","","",35.78985714,,"",
"","100000007925866","B4U1","","",15.774,,"",
"","100000007925950","B4U1","","",17.11014286,,"",
"","100000007947420","DTR1","","",2.04491,,"",
"","100000007938606","DTR1","","",0.05182,,"",
"","100000007938117","DTR1","","",0.288,,"",
"","100000007938888","DTR1","","",0.20618,,"",
"","100000007924905","B4U1","","",27.71085714,,"",
"","100000007950450","DTR1","","",2.98745,,"",
"","100000007951062","DTR1","","",1.94809,,"",
"","100000007951077","DTR1","","",1.76345,,"",
"","100000007951099","DTR1","","",2.30018,,"",
"","100000007951115","DTR1","","",2.67491,,"",
"","100000007950957","DTR1","","",0.57627,,"",
"","100000007950993","DTR1","","",0.64855,,"",
"","100000007938567","DTR1","","",0.06382,,"",
"","100000007938639","DTR1","","",0.08973,,"",
"","100000007938553","DTR1","","",0.13964,,"",
"","100000007938134","DTR1","","",0.36055,,"",
"","100000007938159","DTR1","","",0.26918,,"",
"","100000007938184","DTR1","","",0.39082,,"",
"","100000007938198","DTR1","","",0.53373,,"",
"","100000007939142","DTR1","","",0.26864,,"",
"","100000007939180","DTR1","","",0.31364,,"",
"","100000007939111","DTR1","","",0.38318,,"",
"","100000007939149","DTR1","","",0.43145,,"",
"","100000007938927","DTR1","","",0.189,,"",
"","100000007938835","DTR1","","",0.22227,,"",
"","100000007926706","B4U1","","",69.36842857,,"",
"","100000007927499","B4U1","","",9.260857143,,"",
"","100000007927529","B4U1","","",12.03771429,,"",
"","100000007927200","B4U1","","",15.61728571,,"",
"","100000007927223","B4U1","","",5.482142857,,"",
"","100000007927111","B4U1","","",5.961142857,,"",
"","100000007927133","B4U1","","",7.268285714,,"",
"","100000007893315","DTR1","","",1.2537,,"",
"","100000007896594","DTR1","","",0.59755,,"",
"","100000007893806","DTR1","","",0.4338,,"",
"","100000007893811","DTR1","","",0.1788,,"",
"","100000007893844","DTR1","","",0.9459,,"",
"","100000007893846","DTR1","","",0.2787,,"",
"","100000007893852","DTR1","","",0.2175,,"",
"","100000007897229","DTR1","","",0.11509,,"",
"","100000007893137","DTR1","","",0.1188,,"",
"","100000007893432","DTR1","","",1.1811,,"",
"","100000007896590","DTR1","","",0.09709,,"",
"","100000007896568","DTR1","","",0.10445,,"",
"","100000007896573","DTR1","","",0.15845,,"",
"","100000007897232","DTR1","","",0.31091,,"",
"","100000007897401","DTR1","","",0.192,,"",
"","100000007897408","DTR1","","",0.33191,,"",
"","100000007897726","DTR1","","",0.14536,,"",
"","100000007890812","DTR1","","",0.03409,,"",
"","100000007890849","DTR1","","",0.04391,,"",
"","100000007891014","DTR1","","",0.08536,,"",
"","100000007897778","DTR1","","",0.03027,,"",
"","100000007897736","DTR1","","",0.04064,,"",
"","100000007897743","DTR1","","",0.08727,,"",
"","100000008032966","DTR1","","",0.01036,,"",
"","100000007837199","DTR1","","",0.01036,,"",
"","100000007837197","DTR1","","",0.01391,,"",
"","100000007837198","DTR1","","",0.01691,,"",
"","100000007837202","DTR1","","",0.02318,,"",
"","100000007837201","DTR1","","",0.03818,,"",
"","100000007837200","DTR1","","",0.11127,,"",
"","100000007837206","DTR1","","",0.09136,,"",
"","100000007891000","DTR1","","",0.41755,,"",
"","100000007891002","DTR1","","",0.11782,,"",
"","100000007891007","DTR1","","",0.22773,,"",
"","100000007891012","DTR1","","",0.13936,,"",
"","100000007891008","DTR1","","",0.19718,,"",
"","100000008033570","DTR1","","",0.47345,,"",
"","100000008034015","DTR1","","",0.582,,"",
"","100000008034482","DTR1","","",0.09082,,"",
"","100000008034762","DTR1","","",0.10255,,"",
"","100000007837599","DTR1","","",0.02482,,"",
"","100000007837602","DTR1","","",0.04855,,"",
"","100000007837614","DTR1","","",0.22718,,"",
"","100000007837597","DTR1","","",0.33355,,"",
"","100000007891016","DTR1","","",0.03245,,"",
"","100000007897751","DTR1","","",0.07691,,"",
"","100000007897762","DTR1","","",0.09136,,"",
"","100000007897721","DTR1","","",0.15027,,"",
"","100000008034841","DTR1","","",0.17591,,"",
"","100000008035342","DTR1","","",0.20373,,"",
"","100000007892972","DTR1","","",0.29455,,"",
"","100000007892984","DTR1","","",0.62809,,"",
"","100000007893409","DTR1","","",0.2946,,"",
"","100000007893418","DTR1","","",0.2286,,"",
"","100000007893422","DTR1","","",0.5559,,"",
"","100000007893411","DTR1","","",0.2793,,"",
"","100000007893420","DTR1","","",0.1845,,"",
"","100000007893428","DTR1","","",0.6591,,"",
"","100000007892939","DTR1","","",0.21464,,"",
"","100000007892942","DTR1","","",0.18055,,"",
"","100000007893070","DTR1","","",0.30355,,"",
"","100000007893048","DTR1","","",0.345,,"",
"","100000007893052","DTR1","","",1.23273,,"",
"","100000007893426","DTR1","","",0.4497,,"",
"","100000007893430","DTR1","","",1.5933,,"",
"","100000008033656","DTR1","","",0.10609,,"",
"","100000008034106","DTR1","","",0.12027,,"",
"","100000008034301","DTR1","","",0.117,,"",
"","100000007893433","DTR1","","",0.0786,,"",
"","100000007893410","DTR1","","",0.0456,,"",
"","100000007893414","DTR1","","",0.345,,"",
"","100000007893431","DTR1","","",2.2407,,"",
"","100000007893412","DTR1","","",4.0374,,"",
"","100000007893053","DTR1","","",0.49582,,"",
"","100000007893439","DTR1","","",0.7329,,"",
"","100000008036327","DTR1","","",0.5208,,"",
"","100000007893855","DTR1","","",0.555,,"",
"","100000007893842","DTR1","","",0.4878,,"",
"","100000007893843","DTR1","","",0.606,,"",
"","100000007893421","DTR1","","",0.4461,,"",
"","100000007893425","DTR1","","",0.1947,,"",
"","100000007893429","DTR1","","",1.0014,,"",
"","100000007896766","DTR1","","",0.13364,,"",
"","100000007896224","DTR1","","",0.70391,,"",
"","100000007896221","DTR1","","",1.497,,"",
"","100000007896226","DTR1","","",5.60482,,"",
"","100000007896240","DTR1","","",2.96727,,"",
"","100000007896615","DTR1","","",0.35455,,"",
"","100000008033211","DTR1","","",0.07118,,"",
"","100000008032171","DTR1","","",0.114,,"",
"","100000008032304","DTR1","","",0.22418,,"",
"","100000008032526","DTR1","","",0.14073,,"",
"","100000008032698","DTR1","","",0.11373,,"",
"","100000008032965","DTR1","","",0.12,,"",
"","100000008033133","DTR1","","",0.27682,,"",
"","100000008033364","DTR1","","",0.31118,,"",
"","100000008032239","DTR1","","",0.29727,,"",
"","100000007896241","DTR1","","",0.27545,,"",
"","100000007890985","DTR1","","",0.075,,"",
"","100000007896589","DTR1","","",0.25882,,"",
"","100000008032445","DTR1","","",0.17591,,"",
"","100000008032611","DTR1","","",0.516,,"",
"","100000008032878","DTR1","","",0.27,,"",
"","100000008032371","DTR1","","",0.01091,,"",
"","100000007890987","DTR1","","",0.04936,,"",
"","100000007890971","DTR1","","",0.57327,,"",
"","100000007890983","DTR1","","",0.52418,,"",
"","100000007891090","DTR1","","",0.192,,"",
"","100000007891357","DTR1","","",0.29155,,"",
"","100000007837375","DTR1","","",0.14891,,"",
"","100000007837388","DTR1","","",0.28227,,"",
"","100000008035883","DTR1","","",0.34882,,"",
"","100000008035056","DTR1","","",0.17073,,"",
"","100000007891376","DTR1","","",1.07509,,"",
"","100000007891380","DTR1","","",2.667,,"",
"","100000007837383","DTR1","","",0.26564,,"",
"","100000007892919","DTR1","","",0.02045,,"",
"","100000008035517","DTR1","","",1.13918,,"",
"","100000008034988","DTR1","","",1.73155,,"",
"","100000008035095","DTR1","","",1.863,,"",
"","100000008035814","DTR1","","",0.36164,,"",
"","100000007892974","DTR1","","",0.32345,,"",
"","100000007892940","DTR1","","",0.03927,,"",
"","100000007892943","DTR1","","",0.07582,,"",
"","100000007892951","DTR1","","",0.03545,,"",
"","100000008035609","DTR1","","",1.00418,,"",
"","100000007893021","DTR1","","",0.711,,"",
"","100000007893514","DTR1","","",0.3879,,"",
"","100000008035279","DTR1","","",0.54136,,"",
"","100000007893337","DTR1","","",5.3796,,"",
"","100000007893357","DTR1","","",0.1665,,"",
"","100000007892973","DTR1","","",0.19773,,"",
"","100000007892941","DTR1","","",0.11509,,"",
"","100000007892938","DTR1","","",0.13445,,"",
"","100000007893040","DTR1","","",0.28145,,"",
"","100000007893022","DTR1","","",0.15627,,"",
"","100000007893025","DTR1","","",0.22309,,"",
"","100000007893029","DTR1","","",0.19445,,"",
"","100000007893033","DTR1","","",0.39,,"",
"","100000007893037","DTR1","","",0.33518,,"",
"","100000007893813","DTR1","","",0.6909,,"",
"","100000007893375","DTR1","","",0.0441,,"",
"","100000007893300","DTR1","","",0.6696,,"",
"","100000007893316","DTR1","","",0.0561,,"",
"","100000007893274","DTR1","","",0.0432,,"",
"","100000007893088","DTR1","","",0.4281,,"",
"","100000007892203","DTR1","","",1.09555,,"",
"","100000007892219","DTR1","","",0.12245,,"",
"","100000007892208","DTR1","","",0.50018,,"",
"","100000007892558","DTR1","","",0.05864,,"",
"","100000007892432","DTR1","","",0.04282,,"",
"","100000008035597","DTR1","","",0.0702,,"",
"","100000008035774","DTR1","","",0.2799,,"",
"","100000008036049","DTR1","","",0.129,,"",
"","100000008036330","DTR1","","",0.348,,"",
"","100000008035422","DTR1","","",0.1173,,"",
"","100000007891935","DTR1","","",0.0129,,"",
"","100000007891939","DTR1","","",0.0192,,"",
"","100000007891921","DTR1","","",1.09118,,"",
"","100000008032356","DTR1","","",0.29645,,"",
"","100000008032586","DTR1","","",0.51491,,"",
"","100000008034882","DTR1","","",1.3719,,"",
"","100000008034883","DTR1","","",3.6093,,"",
"","100000008035455","DTR1","","",2.7462,,"",
"","100000008035093","DTR1","","",2.4624,,"",
"","100000008032805","DTR1","","",0.3348,,"",
"","100000007891667","DTR1","","",0.17673,,"",
"","100000007891931","DTR1","","",0.11373,,"",
"","100000007891936","DTR1","","",0.02727,,"",
"","100000007891916","DTR1","","",0.36573,,"",
"","100000008032766","DTR1","","",0.87845,,"",
"","100000008033190","DTR1","","",1.06855,,"",
"","100000008032287","DTR1","","",0.01745,,"",
"","100000008032505","DTR1","","",0.02782,,"",
"","100000008032675","DTR1","","",0.04064,,"",
"","100000008033115","DTR1","","",0.09464,,"",
"","100000008033074","DTR1","","",0.1086,,"",
"","100000008033231","DTR1","","",0.6207,,"",
"","100000007894396","DTR1","","",21.42245,,"",
"","100000007894408","DTR1","","",32.46545,,"",
"","100000007894728","DTR1","","",1.0134,,"",
"","100000007894754","DTR1","","",0.1305,,"",
"","100000007894783","DTR1","","",0.0279,,"",
"","100000007894723","DTR1","","",0.0897,,"",
"","100000007894830","DTR1","","",9.144,,"",
"","100000007894941","DTR1","","",0.63191,,"",
"","100000008033191","DTR1","","",0.01445,,"",
"","100000008032156","DTR1","","",0.02155,,"",
"","100000008032697","DTR1","","",0.04336,,"",
"","100000007894412","DTR1","","",1.04427,,"",
"","100000007894416","DTR1","","",0.26182,,"",
"","100000007894393","DTR1","","",3.37555,,"",
"","100000007894397","DTR1","","",0.56373,,"",
"","100000007894400","DTR1","","",0.42082,,"",
"","100000007894405","DTR1","","",2.01436,,"",
"","100000007894410","DTR1","","",1.14736,,"",
"","100000007894413","DTR1","","",9.72409,,"",
"","100000007894418","DTR1","","",2.046,,"",
"","100000007894749","DTR1","","",0.5622,,"",
"","100000007894784","DTR1","","",0.0366,,"",
"","100000007894797","DTR1","","",0.2553,,"",
"","100000007894759","DTR1","","",0.0411,,"",
"","100000007894945","DTR1","","",0.59782,,"",
"","100000008032854","DTR1","","",0.17182,,"",
"","100000008033032","DTR1","","",0.01309,,"",
"","100000007897785","DTR1","","",0.021,,"",
"","100000007897789","DTR1","","",0.02318,,"",
"","100000007897797","DTR1","","",0.03409,,"",
"","100000007897783","DTR1","","",0.06027,,"",
"","100000008032173","DTR1","","",0.087,,"",
"","100000008032374","DTR1","","",0.0972,,"",
"","100000008032534","DTR1","","",0.5373,,"",
"","100000008032806","DTR1","","",0.2064,,"",
"","100000008032982","DTR1","","",0.9429,,"",
"","100000008032758","DTR1","","",0.594,,"",
"","100000008033232","DTR1","","",0.2646,,"",
"","100000008033023","DTR1","","",2.0691,,"",
"","100000008033186","DTR1","","",1.1937,,"",
"","100000008032668","DTR1","","",0.5262,,"",
"","100000007892571","DTR1","","",3.57,,"",
"","100000007898037","DTR1","","",0.27327,,"",
"","100000007898055","DTR1","","",0.33109,,"",
"","100000007892582","DTR1","","",0.38836,,"",
"","100000007892591","DTR1","","",0.13418,,"",
"","100000007892574","DTR1","","",0.10227,,"",
"","100000007892595","DTR1","","",0.37745,,"",
"","100000007892564","DTR1","","",0.21655,,"",
"","100000007892896","DTR1","","",0.94964,,"",
"","100000007892918","DTR1","","",2.63264,,"",
"","100000007892897","DTR1","","",0.09109,,"",
"","100000007892903","DTR1","","",0.17782,,"",
"","100000007891386","DTR1","","",0.60355,,"",
"","100000007891923","DTR1","","",0.04936,,"",
"","100000007892231","DTR1","","",0.03273,,"",
"","100000007892237","DTR1","","",0.27136,,"",
"","100000007891359","DTR1","","",1.32191,,"",
"","100000007891379","DTR1","","",0.55009,,"",
"","100000007891440","DTR1","","",3.774,,"",
"","100000007891894","DTR1","","",0.0234,,"",
"","100000007891900","DTR1","","",0.0234,,"",
"","100000007891904","DTR1","","",0.0429,,"",
"","100000007891908","DTR1","","",0.0336,,"",
"","100000007891938","DTR1","","",0.018,,"",
"","100000007892221","DTR1","","",0.08973,,"",
"","100000007892202","DTR1","","",0.80727,,"",
"","100000007892209","DTR1","","",0.26673,,"",
"","100000007894911","DTR1","","",0.41809,,"",
"","100000007892450","DTR1","","",0.22991,,"",
"","100000007892467","DTR1","","",1.71818,,"",
"","100000007895212","DTR1","","",0.084,,"",
"","100000007894329","DTR1","","",0.0429,,"",
"","100000007894442","DTR1","","",0.0438,,"",
"","100000007894895","DTR1","","",0.37527,,"",
"","100000007894873","DTR1","","",0.07827,,"",
"","100000007894882","DTR1","","",1.21391,,"",
"","100000007894886","DTR1","","",0.15627,,"",
"","100000007894894","DTR1","","",0.11509,,"",
"","100000007895211","DTR1","","",0.19664,,"",
"","100000007895214","DTR1","","",0.11427,,"",
"","100000007894431","DTR1","","",0.3003,,"",
"","100000007894439","DTR1","","",0.1023,,"",
"","100000007894443","DTR1","","",0.0585,,"",
"","100000007894871","DTR1","","",0.71864,,"",
"","100000007895200","DTR1","","",0.05373,,"",
"","100000008033340","DTR1","","",0.5841,,"",
"","100000007907902","DTR1","","",0.17727,,"",
"","100000007907529","DTR1","","",0.05455,,"",
"","100000007907601","DTR1","","",0.06655,,"",
"","100000007897857","DTR1","","",0.864,,"",
"","100000007897908","DTR1","","",1.761,,"",
"","100000007897988","DTR1","","",0.05155,,"",
"","100000007897847","DTR1","","",0.11564,,"",
"","100000007897874","DTR1","","",0.19991,,"",
"","100000008032416","DTR1","","",1.5606,,"",
"","100000008032579","DTR1","","",0.2703,,"",
"","100000008032846","DTR1","","",0.1935,,"",
"","100000008033024","DTR1","","",1.0848,,"",
"","100000008032417","DTR1","","",0.18518,,"",
"","100000007907651","DTR1","","",0.12518,,"",
"","100000007907725","DTR1","","",0.05018,,"",
"","100000007907790","DTR1","","",0.22009,,"",
"","100000007907466","DTR1","","",0.40691,,"",
"","100000007907763","DTR1","","",0.52064,,"",
"","100000007907439","DTR1","","",0.534,,"",
"","100000007907525","DTR1","","",1.10209,,"",
"","100000007907594","DTR1","","",0.03955,,"",
"","100000007907670","DTR1","","",0.033,,"",
"","100000007907719","DTR1","","",1.19782,,"",
"","100000007898232","DTR1","","",0.31036,,"",
"","100000008032669","DTR1","","",0.54791,,"",
"","100000008032847","DTR1","","",0.117,,"",
"","100000008033111","DTR1","","",0.13036,,"",
"","100000008033263","DTR1","","",0.081,,"",
"","100000008032214","DTR1","","",0.26427,,"",
"","100000008032349","DTR1","","",0.13009,,"",
"","100000008033114","DTR1","","",0.30982,,"",
"","100000008033269","DTR1","","",0.23673,,"",
"","100000007907783","DTR1","","",1.50164,,"",
"","100000007911525","DTR1","","",0.22718,,"",
"","100000007911576","DTR1","","",0.12982,,"",
"","100000007911650","DTR1","","",0.10555,,"",
"","100000007911758","DTR1","","",0.19664,,"",
"","100000007911433","DTR1","","",0.12491,,"",
"","100000007911577","DTR1","","",0.33245,,"",
"","100000007911629","DTR1","","",0.16964,,"",
"","100000007927738","FSD1","","",29.4183,,"",
"","100000007927179","FSD1","","",2.27494,,"",
"","100000007927180","FSD1","","",13.40287,,"",
"","100000007891440","EQU1","","",22.92875,,"",
"","100000007901387","EQU1","","",0.70245,,"",
"","100000007901499","EQU1","","",0.5824,,"",
"","100000007901283","EQU1","","",0.9868,,"",
"","100000008013041","EQU1","","",4.73955,,"",
"","100000008030448","EQU1","","",43.87235,,"",
"","100000008010423","EQU1","","",1.89065,,"",
"","100000008009777","EQU1","","",2.2901,,"",
"","100000008010182","EQU1","","",2.2616,,"",
"","100000008010343","EQU1","","",2.6749,,"",
"","100000008010570","EQU1","","",2.5064,,"",
"","100000008010940","EQU1","","",3.18345,,"",
"","100000008017709","EQU1","","",4.7562,,"",
"","100000008017978","EQU1","","",7.1278,,"",
"","100000008016689","EQU1","","",9.00935,,"",
"","100000008016925","EQU1","","",8.3634,,"",
"","100000008017099","EQU1","","",10.51515,,"",
"","100000008017399","EQU1","","",13.7587,,"",
"","100000007959297","EQU1","","",0.24935,,"",
"","100000007959369","EQU1","","",0.2752,,"",
"","100000007957330","EQU1","","",0.2735,,"",
"","100000007957299","EQU1","","",0.44555,,"",
"","100000007957318","EQU1","","",0.4448,,"",
"","100000007953377","EQU1","","",4.5138,,"",
"","100000007953392","EQU1","","",6.2191,,"",
"","100000007951917","EQU1","","",1.87475,,"",
"","100000007952009","EQU1","","",0.2781,,"",
"","100000007951909","EQU1","","",0.35255,,"",
"","100000007954142","EQU1","","",0.92525,,"",
"","100000007954219","EQU1","","",1.21095,,"",
"","100000007954238","EQU1","","",1.3507,,"",
"","100000007952632","EQU1","","",22.9341,,"",
"","100000007952435","EQU1","","",97.7502,,"",
"","100000007951851","EQU1","","",1.75335,,"",
"","100000007952099","EQU1","","",1.81485,,"",
"","100000007952123","EQU1","","",2.80645,,"",
"","100000007952031","EQU1","","",2.72125,,"",
"","100000007952044","EQU1","","",3.26645,,"",
"","100000007950763","EQU1","","",8.6392,,"",
"","100000007950633","EQU1","","",9.99035,,"",
"","100000007950654","EQU1","","",11.8629,,"",
"","100000007954408","EQU1","","",0.19575,,"",
"","100000007949275","EQU1","","",0.82815,,"",
"","100000007949292","EQU1","","",0.2224,,"",
"","100000007949313","EQU1","","",0.80055,,"",
"","100000007949326","EQU1","","",1.2065,,"",
"","100000007949365","EQU1","","",1.27025,,"",
"","100000007951304","EQU1","","",7.8955,,"",
"","100000007932576","EQU1","","",0.41875,,"",
"","100000007932653","EQU1","","",0.23055,,"",
"","100000007932583","EQU1","","",0.22035,,"",
"","100000007935544","EQU1","","",0.16725,,"",
"","100000007935576","EQU1","","",0.20345,,"",
"","100000007935600","EQU1","","",0.37955,,"",
"","100000007935160","EQU1","","",0.1533,,"",
"","100000007935180","EQU1","","",0.15395,,"",
"","100000007932872","EQU1","","",0.4042,,"",
"","100000007927803","FSD1","","",49.20651,,"",
"","100000007927804","FSD1","","",21.96901,,"",
"","100000007901444","EQU1","","",0.45965,,"",
"","100000007901500","EQU1","","",0.59245,,"",
"","100000007901530","EQU1","","",1.4758,,"",
"","100000008026864","EQU1","","",35.91455,,"",
"","100000008027569","EQU1","","",25.8067,,"",
"","100000008016422","EQU1","","",12.7747,,"",
"","100000008016230","EQU1","","",4.28905,,"",
"","100000008016514","EQU1","","",5.9917,,"",
"","100000008013121","EQU1","","",4.34895,,"",
"","100000008011175","EQU1","","",3.6129,,"",
"","100000008011328","EQU1","","",6.0971,,"",
"","100000008011768","EQU1","","",4.1617,,"",
"","100000008011492","EQU1","","",3.91345,,"",
"","100000008011674","EQU1","","",3.51895,,"",
"","100000008030610","EQU1","","",5.07075,,"",
"","100000008029746","EQU1","","",10.3859,,"",
"","100000008029928","EQU1","","",5.82695,,"",
"","100000008010516","EQU1","","",4.46825,,"",
"","100000008010203","EQU1","","",2.2339,,"",
"","100000008010595","EQU1","","",2.5342,,"",
"","100000008025150","EQU1","","",2.29095,,"",
"","100000008018059","EQU1","","",34.9098,,"",
"","100000008016155","EQU1","","",24.63505,,"",
"","100000007958318","EQU1","","",3.56475,,"",
"","100000007966308","EQU1","","",0.2601,,"",
"","100000007956541","EQU1","","",0.1894,,"",
"","100000007954973","EQU1","","",0.1871,,"",
"","100000007954996","EQU1","","",0.25875,,"",
"","100000007955017","EQU1","","",0.19585,,"",
"","100000007953332","EQU1","","",7.33435,,"",
"","100000007953351","EQU1","","",8.38225,,"",
"","100000007953443","EQU1","","",10.72765,,"",
"","100000007949557","EQU1","","",4.41115,,"",
"","100000007949623","EQU1","","",4.74455,,"",
"","100000007951931","EQU1","","",0.34375,,"",
"","100000007952771","EQU1","","",0.1908,,"",
"","100000007952798","EQU1","","",0.4163,,"",
"","100000007952818","EQU1","","",0.48035,,"",
"","100000007952693","EQU1","","",0.68615,,"",
"","100000007952714","EQU1","","",0.4446,,"",
"","100000007950148","EQU1","","",1.8572,,"",
"","100000007950249","EQU1","","",2.0212,,"",
"","100000007953459","EQU1","","",8.71325,,"",
"","100000007953509","EQU1","","",9.37445,,"",
"","100000007952066","EQU1","","",3.61025,,"",
"","100000007952100","EQU1","","",4.6834,,"",
"","100000007952067","EQU1","","",0.1935,,"",
"","100000007952086","EQU1","","",0.2944,,"",
"","100000007952101","EQU1","","",0.18065,,"",
"","100000007950632","EQU1","","",11.3453,,"",
"","100000007950662","EQU1","","",12.6652,,"",
"","100000007950682","EQU1","","",14.7849,,"",
"","100000007950713","EQU1","","",19.6522,,"",
"","100000007950762","EQU1","","",20.42475,,"",
"","100000007950780","EQU1","","",20.841,,"",
"","100000007954450","EQU1","","",0.0832,,"",
"","100000007954499","EQU1","","",0.10775,,"",
"","100000007949298","EQU1","","",1.2958,,"",
"","100000007933873","EQU1","","",0.38565,,"",
"","100000007932727","EQU1","","",0.53055,,"",
"","100000007927798","FSD1","","",30.13227,,"",
"","100000007929763","FSD1","","",0.26558,,"",
"","100000007927516","FSD1","","",38.95132,,"",
"","100000007927536","FSD1","","",35.77342,,"",
"","100000007901501","EQU1","","",0.17645,,"",
"","100000007891894","EQU1","","",0.10885,,"",
"","100000007891900","EQU1","","",0.0944,,"",
"","100000007891904","EQU1","","",0.196,,"",
"","100000007891908","EQU1","","",0.16435,,"",
"","100000008016137","EQU1","","",5.80845,,"",
"","100000008016424","EQU1","","",6.09965,,"",
"","100000008016329","EQU1","","",4.9774,,"",
"","100000008015025","EQU1","","",4.27805,,"",
"","100000008026963","EQU1","","",53.72675,,"",
"","100000008027943","EQU1","","",7.74565,,"",
"","100000008027059","EQU1","","",4.32525,,"",
"","100000008027367","EQU1","","",3.38565,,"",
"","100000008013273","EQU1","","",3.47005,,"",
"","100000008012169","EQU1","","",4.7563,,"",
"","100000008011108","EQU1","","",4.10845,,"",
"","100000008011255","EQU1","","",4.16445,,"",
"","100000008011329","EQU1","","",17.24995,,"",
"","100000008022805","EQU1","","",26.29045,,"",
"","100000008023174","EQU1","","",29.6821,,"",
"","100000008026414","EQU1","","",2.60345,,"",
"","100000008010961","EQU1","","",2.4938,,"",
"","100000008010121","EQU1","","",3.2721,,"",
"","100000007955543","EQU1","","",0.98055,,"",
"","100000007962120","EQU1","","",0.85105,,"",
"","100000007963925","EQU1","","",0.1521,,"",
"","100000007956606","EQU1","","",0.1906,,"",
"","100000007957532","EQU1","","",0.206,,"",
"","100000007957443","EQU1","","",0.2279,,"",
"","100000007957482","EQU1","","",0.2329,,"",
"","100000007955030","EQU1","","",0.1975,,"",
"","100000007954958","EQU1","","",0.373,,"",
"","100000007955270","EQU1","","",0.2255,,"",
"","100000007949542","EQU1","","",5.9777,,"",
"","100000007949606","EQU1","","",6.67925,,"",
"","100000007949514","EQU1","","",9.7456,,"",
"","100000007952772","EQU1","","",0.7844,,"",
"","100000007952300","EQU1","","",3.33135,,"",
"","100000007952324","EQU1","","",3.80715,,"",
"","100000007950171","EQU1","","",1.3984,,"",
"","100000007954349","EQU1","","",1.02285,,"",
"","100000007952125","EQU1","","",2.65895,,"",
"","100000007954761","EQU1","","",32.80505,,"",
"","100000007953073","EQU1","","",1.38985,,"",
"","100000007953000","EQU1","","",1.6648,,"",
"","100000007953020","EQU1","","",1.57655,,"",
"","100000007953064","EQU1","","",1.98545,,"",
"","100000007953769","EQU1","","",1.85845,,"",
"","100000007949034","EQU1","","",0.2503,,"",
"","100000007949071","EQU1","","",0.3313,,"",
"","100000007933744","EQU1","","",0.5584,,"",
"","100000007932763","EQU1","","",0.48555,,"",
"","100000007932799","EQU1","","",0.3677,,"",
"","100000007929909","FSD1","","",0.26086,,"",
"","100000007927554","FSD1","","",35.74801,,"",
"","100000007928537","FSD1","","",39.06126,,"",
"","100000007929799","FSD1","","",1.30962,,"",
"","100000007928365","FSD1","","",16.82776,,"",
"","100000007928004","FSD1","","",23.94647,,"",
"","100000007929584","FSD1","","",1.28167,,"",
"","100000007929631","FSD1","","",1.49487,,"",
"","100000007929650","FSD1","","",1.63091,,"",
"","100000007903640","EQU1","","",5.76825,,"",
"","100000007903758","EQU1","","",1.57515,,"",
"","100000007903818","EQU1","","",0.3679,,"",
"","100000007903869","EQU1","","",5.41615,,"",
"","100000007903546","EQU1","","",0.6905,,"",
"","100000007891938","EQU1","","",0.13025,,"",
"","100000007902007","EQU1","","",0.18715,,"",
"","100000007902069","EQU1","","",0.38785,,"",
"","100000008015336","EQU1","","",4.9367,,"",
"","100000008015236","EQU1","","",4.0495,,"",
"","100000008015446","EQU1","","",5.91645,,"",
"","100000008011698","EQU1","","",7.97665,,"",
"","100000008011895","EQU1","","",8.668,,"",
"","100000008012216","EQU1","","",7.8931,,"",
"","100000008011422","EQU1","","",4.1583,,"",
"","100000008011600","EQU1","","",4.5204,,"",
"","100000008027575","EQU1","","",2.65165,,"",
"","100000008027873","EQU1","","",18.6834,,"",
"","100000008026572","EQU1","","",5.69255,,"",
"","100000008026801","EQU1","","",4.08715,,"",
"","100000008027079","EQU1","","",34.05155,,"",
"","100000008027779","EQU1","","",22.86085,,"",
"","100000008010219","EQU1","","",65.70415,,"",
"","100000008010298","EQU1","","",39.92195,,"",
"","100000008016707","EQU1","","",64.41735,,"",
"","100000007955432","EQU1","","",0.94585,,"",
"","100000007955521","EQU1","","",0.8911,,"",
"","100000007955564","EQU1","","",0.94035,,"",
"","100000007955532","EQU1","","",1.14155,,"",
"","100000007955633","EQU1","","",1.17305,,"",
"","100000007955424","EQU1","","",1.26905,,"",
"","100000007955477","EQU1","","",1.3949,,"",
"","100000007955497","EQU1","","",1.52085,,"",
"","100000007956488","EQU1","","",0.1675,,"",
"","100000007956382","EQU1","","",0.1976,,"",
"","100000007964131","EQU1","","",0.1842,,"",
"","100000007963799","EQU1","","",0.1527,,"",
"","100000007964013","EQU1","","",0.1701,,"",
"","100000007964064","EQU1","","",0.1527,,"",
"","100000007957509","EQU1","","",0.2656,,"",
"","100000007957525","EQU1","","",0.3011,,"",
"","100000007957420","EQU1","","",0.3333,,"",
"","100000007957433","EQU1","","",0.71655,,"",
"","100000007957460","EQU1","","",0.6738,,"",
"","100000007957497","EQU1","","",0.7334,,"",
"","100000007953666","EQU1","","",0.4051,,"",
"","100000007953695","EQU1","","",0.71685,,"",
"","100000007953711","EQU1","","",0.5949,,"",
"","100000007953597","EQU1","","",0.40545,,"",
"","100000007953620","EQU1","","",0.6842,,"",
"","100000007952336","EQU1","","",4.4161,,"",
"","100000007952360","EQU1","","",4.92325,,"",
"","100000007952372","EQU1","","",5.35595,,"",
"","100000007952397","EQU1","","",5.56035,,"",
"","100000007952301","EQU1","","",8.0939,,"",
"","100000007952337","EQU1","","",8.19795,,"",
"","100000007952367","EQU1","","",11.2341,,"",
"","100000007952389","EQU1","","",0.60175,,"",
"","100000007954258","EQU1","","",1.29055,,"",
"","100000007954336","EQU1","","",1.53495,,"",
"","100000007954351","EQU1","","",1.6775,,"",
"","100000007954296","EQU1","","",2.3221,,"",
"","100000007953292","EQU1","","",6.4515,,"",
"","100000007952032","EQU1","","",3.0943,,"",
"","100000007952046","EQU1","","",1.745,,"",
"","100000007952082","EQU1","","",3.18635,,"",
"","100000007952103","EQU1","","",4.19435,,"",
"","100000007951922","EQU1","","",4.25835,,"",
"","100000007950957","EQU1","","",0.71545,,"",
"","100000007950993","EQU1","","",0.7625,,"",
"","100000007953792","EQU1","","",3.16405,,"",
"","100000007953807","EQU1","","",2.21335,,"",
"","100000007953747","EQU1","","",3.61775,,"",
"","100000007953762","EQU1","","",3.6748,,"",
"","100000007949993","EQU1","","",1.76125,,"",
"","100000007950065","EQU1","","",1.843,,"",
"","100000007949971","EQU1","","",0.2639,,"",
"","100000007950020","EQU1","","",0.1132,,"",
"","100000007950067","EQU1","","",0.33895,,"",
"","100000007950096","EQU1","","",0.37735,,"",
"","100000007949923","EQU1","","",0.3862,,"",
"","100000007949959","EQU1","","",0.33975,,"",
"","100000007932108","EQU1","","",0.0871,,"",
"","100000007932038","EQU1","","",0.0969,,"",
"","100000007932109","EQU1","","",0.10505,,"",
"","100000007934942","EQU1","","",0.39245,,"",
"","100000007934950","EQU1","","",0.43695,,"",
"","100000007934849","EQU1","","",0.42235,,"",
"","100000007934876","EQU1","","",0.41945,,"",
"","100000007934760","EQU1","","",0.37205,,"",
"","100000007934777","EQU1","","",0.30925,,"",
"","100000007934792","EQU1","","",0.52135,,"",
"","100000007929798","FSD1","","",0.15399,,"",
"","100000007929820","FSD1","","",0.13818,,"",
"","100000007929862","FSD1","","",0.12017,,"",
"","100000007929878","FSD1","","",0.09243,,"",
"","100000007929899","FSD1","","",0.1868,,"",
"","100000007929791","FSD1","","",0.1416,,"",
"","100000007927438","FSD1","","",42.99515,,"",
"","100000007927336","FSD1","","",14.86367,,"",
"","100000007929554","FSD1","","",0.55473,,"",
"","100000007895202","EQU1","","",0.3446,,"",
"","100000007895211","EQU1","","",0.8044,,"",
"","100000007895214","EQU1","","",0.43075,,"",
"","100000007902070","EQU1","","",0.14445,,"",
"","100000007892208","EQU1","","",0.5061,,"",
"","100000007892558","EQU1","","",0.10155,,"",
"","100000007892432","EQU1","","",0.06435,,"",
"","100000007892450","EQU1","","",0.3711,,"",
"","100000007891936","EQU1","","",0.0666,,"",
"","100000007891916","EQU1","","",0.8227,,"",
"","100000007891923","EQU1","","",0.1504,,"",
"","100000008011340","EQU1","","",11.85485,,"",
"","100000008011797","EQU1","","",3.338,,"",
"","100000008012107","EQU1","","",3.5276,,"",
"","100000008012323","EQU1","","",4.1205,,"",
"","100000008011509","EQU1","","",2.52815,,"",
"","100000008011798","EQU1","","",3.5207,,"",
"","100000008012108","EQU1","","",3.3504,,"",
"","100000008026345","EQU1","","",7.6331,,"",
"","100000008017773","EQU1","","",29.42585,,"",
"","100000008027335","EQU1","","",2.46245,,"",
"","100000007957125","EQU1","","",0.593,,"",
"","100000007957170","EQU1","","",0.5528,,"",
"","100000007955944","EQU1","","",2.84705,,"",
"","100000007965784","EQU1","","",0.18325,,"",
"","100000007957698","EQU1","","",0.25135,,"",
"","100000007957731","EQU1","","",0.30175,,"",
"","100000007956403","EQU1","","",0.1689,,"",
"","100000007961000","EQU1","","",1.18655,,"",
"","100000007959025","EQU1","","",0.7416,,"",
"","100000007958749","EQU1","","",0.8072,,"",
"","100000007958800","EQU1","","",0.65395,,"",
"","100000007957523","EQU1","","",0.3947,,"",
"","100000007957431","EQU1","","",0.44735,,"",
"","100000007957051","EQU1","","",0.37145,,"",
"","100000007957067","EQU1","","",0.48905,,"",
"","100000007957095","EQU1","","",0.4957,,"",
"","100000007957108","EQU1","","",0.53025,,"",
"","100000007956998","EQU1","","",0.61695,,"",
"","100000007957014","EQU1","","",0.70355,,"",
"","100000007949666","EQU1","","",3.5012,,"",
"","100000007953453","EQU1","","",0.4747,,"",
"","100000007953560","EQU1","","",2.8145,,"",
"","100000007952339","EQU1","","",1.24695,,"",
"","100000007952303","EQU1","","",1.70395,,"",
"","100000007952340","EQU1","","",2.283,,"",
"","100000007950413","EQU1","","",1.0524,,"",
"","100000007952156","EQU1","","",10.0356,,"",
"","100000007952863","EQU1","","",1.1625,,"",
"","100000007952925","EQU1","","",1.3541,,"",
"","100000007950877","EQU1","","",5.38785,,"",
"","100000007953740","EQU1","","",0.4721,,"",
"","100000007953765","EQU1","","",0.3964,,"",
"","100000007953776","EQU1","","",0.2421,,"",
"","100000007953801","EQU1","","",0.48015,,"",
"","100000007953832","EQU1","","",0.5759,,"",
"","100000007953734","EQU1","","",0.7376,,"",
"","100000007953357","EQU1","","",0.72505,,"",
"","100000007933531","EQU1","","",1.268,,"",
"","100000007932016","EQU1","","",0.1761,,"",
"","100000007932036","EQU1","","",0.35445,,"",
"","100000007932070","EQU1","","",0.15065,,"",
"","100000007932516","EQU1","","",0.07155,,"",
"","100000007931464","EQU1","","",0.4143,,"",
"","100000007931375","EQU1","","",0.37775,,"",
"","100000007931387","EQU1","","",0.35935,,"",
"","100000007931409","EQU1","","",0.20405,,"",
"","100000007929814","FSD1","","",0.10532,,"",
"","100000007929829","FSD1","","",0.12226,,"",
"","100000007929850","FSD1","","",0.1285,,"",
"","100000007927441","FSD1","","",17.66759,,"",
"","100000007892467","EQU1","","",3.2593,,"",
"","100000007892571","EQU1","","",6.6687,,"",
"","100000008010983","EQU1","","",3.457,,"",
"","100000008011195","EQU1","","",3.21865,,"",
"","100000008011355","EQU1","","",3.35575,,"",
"","100000008018103","EQU1","","",38.21835,,"",
"","100000008026522","EQU1","","",26.9241,,"",
"","100000008026671","EQU1","","",34.03835,,"",
"","100000008026523","EQU1","","",24.0515,,"",
"","100000008010761","EQU1","","",3.41645,,"",
"","100000008010315","EQU1","","",3.75695,,"",
"","100000008009913","EQU1","","",2.1697,,"",
"","100000008016646","EQU1","","",87.90835,,"",
"","100000007957190","EQU1","","",0.5835,,"",
"","100000007957216","EQU1","","",0.5819,,"",
"","100000007958522","EQU1","","",0.86255,,"",
"","100000007958622","EQU1","","",0.57915,,"",
"","100000007958694","EQU1","","",0.5977,,"",
"","100000007958376","EQU1","","",0.60755,,"",
"","100000007958437","EQU1","","",1.5879,,"",
"","100000007965350","EQU1","","",0.13125,,"",
"","100000007956395","EQU1","","",0.3509,,"",
"","100000007956777","EQU1","","",0.2104,,"",
"","100000007956812","EQU1","","",0.19005,,"",
"","100000007956711","EQU1","","",0.5706,,"",
"","100000007956726","EQU1","","",0.2356,,"",
"","100000007961769","EQU1","","",1.65345,,"",
"","100000007957068","EQU1","","",0.80675,,"",
"","100000007957109","EQU1","","",0.73755,,"",
"","100000007955326","EQU1","","",0.17735,,"",
"","100000007955051","EQU1","","",0.09215,,"",
"","100000007950052","EQU1","","",0.56335,,"",
"","100000007949947","EQU1","","",0.2135,,"",
"","100000007949995","EQU1","","",0.5731,,"",
"","100000007953481","EQU1","","",2.67145,,"",
"","100000007953507","EQU1","","",3.7498,,"",
"","100000007953532","EQU1","","",4.2201,,"",
"","100000007953467","EQU1","","",4.9573,,"",
"","100000007953482","EQU1","","",6.8039,,"",
"","100000007953546","EQU1","","",6.147,,"",
"","100000007953573","EQU1","","",7.27735,,"",
"","100000007952633","EQU1","","",15.03815,,"",
"","100000007952573","EQU1","","",4.29675,,"",
"","100000007952588","EQU1","","",5.3895,,"",
"","100000007952169","EQU1","","",10.67795,,"",
"","100000007952212","EQU1","","",14.90495,,"",
"","100000007952241","EQU1","","",15.91795,,"",
"","100000007952273","EQU1","","",15.4773,,"",
"","100000007952158","EQU1","","",21.45355,,"",
"","100000007952203","EQU1","","",17.96335,,"",
"","100000007951062","EQU1","","",2.7963,,"",
"","100000007951077","EQU1","","",2.4115,,"",
"","100000007951099","EQU1","","",2.90755,,"",
"","100000007951115","EQU1","","",3.90735,,"",
"","100000007951138","EQU1","","",4.2948,,"",
"","100000007952828","EQU1","","",1.935,,"",
"","100000007952879","EQU1","","",2.20495,,"",
"","100000007952905","EQU1","","",1.9624,,"",
"","100000007952843","EQU1","","",2.65565,,"",
"","100000007952865","EQU1","","",3.04655,,"",
"","100000007952880","EQU1","","",5.6817,,"",
"","100000007949305","EQU1","","",1.84935,,"",
"","100000007949320","EQU1","","",1.4352,,"",
"","100000007949338","EQU1","","",20.4776,,"",
"","100000007949376","EQU1","","",2.67745,,"",
"","100000007949306","EQU1","","",2.8379,,"",
"","100000007950821","EQU1","","",5.78675,,"",
"","100000007950835","EQU1","","",6.7039,,"",
"","100000007950848","EQU1","","",5.33945,,"",
"","100000007950878","EQU1","","",8.0255,,"",
"","100000007950890","EQU1","","",9.22135,,"",
"","100000007950798","EQU1","","",8.7266,,"",
"","100000007950812","EQU1","","",10.5727,,"",
"","100000007950869","EQU1","","",20.96355,,"",
"","100000007949601","EQU1","","",0.42735,,"",
"","100000007949515","EQU1","","",0.64295,,"",
"","100000007949534","EQU1","","",0.7559,,"",
"","100000007949602","EQU1","","",0.87915,,"",
"","100000007932107","EQU1","","",0.1671,,"",
"","100000007932018","EQU1","","",0.09455,,"",
"","100000007932526","EQU1","","",0.1466,,"",
"","100000007932546","EQU1","","",0.2481,,"",
"","100000007934775","EQU1","","",0.2142,,"",
"","100000007934828","EQU1","","",0.1396,,"",
"","100000007934725","EQU1","","",0.17925,,"",
"","100000007934767","EQU1","","",0.15965,,"",
"","100000007934785","EQU1","","",0.09265,,"",
"","100000007931458","EQU1","","",0.39065,,"",
"","100000007932143","EQU1","","",0.3012,,"",
"","100000007932212","EQU1","","",0.42785,,"",
"","100000007932126","EQU1","","",0.3185,,"",
"","100000007914880","NGC1","","",0.114,,"",
"","100000007914820","NGC1","","",0.118,,"",
"","100000007914803","NGC1","","",0.132,,"",
"","100000007914899","NGC1","","",0.152,,"",
"","100000007914431","NGC1","","",0.239,,"",
"","100000007914432","NGC1","","",0.264,,"",
"","100000007899164","NGC1","","",0.035,,"",
"","100000007899209","NGC1","","",0.61,,"",
"","100000007899237","NGC1","","",0.0905,,"",
"","100000007899604","NGC1","","",0.99,,"",
"","100000007903092","NGC1","","",0.5365,,"",
"","100000007902752","NGC1","","",0.146,,"",
"","100000007902873","NGC1","","",0.2265,,"",
"","100000007893411","NGC1","","",0.92,,"",
"","100000007899736","NGC1","","",0.096,,"",
"","100000007894396","NGC1","","",13.01,,"",
"","100000007894408","NGC1","","",29.87,,"",
"","100000007894412","NGC1","","",1.026,,"",
"","100000007894416","NGC1","","",0.253,,"",
"","100000007894393","NGC1","","",3.49,,"",
"","100000007894397","NGC1","","",0.5185,,"",
"","100000007894400","NGC1","","",0.3995,,"",
"","100000007894405","NGC1","","",2.11,,"",
"","100000007909499","NGC1","","",0.3115,,"",
"","100000007909605","NGC1","","",0.155,,"",
"","100000007909521","NGC1","","",0.462,,"",
"","100000007909582","NGC1","","",0.3055,,"",
"","100000007909402","NGC1","","",0.458,,"",
"","100000007909476","NGC1","","",0.236,,"",
"","100000007916234","NGC1","","",1.56,,"",
"","100000007916305","NGC1","","",0.72,,"",
"","100000007916214","NGC1","","",4.2,,"",
"","100000007916293","NGC1","","",5.8,,"",
"","100000007916200","NGC1","","",4.2,,"",
"","100000007916279","NGC1","","",20.18,,"",
"","100000007916215","NGC1","","",1.42,,"",
"","100000007956701","NGC1","","",5.98,,"",
"","100000007956702","NGC1","","",6.74,,"",
"","100000007956696","NGC1","","",8.48,,"",
"","100000007956721","NGC1","","",8.14,,"",
"","100000007956735","NGC1","","",6.29,,"",
"","100000007956762","NGC1","","",8.97,,"",
"","100000007956780","NGC1","","",14.3,,"",
"","100000007956688","NGC1","","",11.03,,"",
"","100000007956713","NGC1","","",6.25,,"",
"","100000007956727","NGC1","","",9.47,,"",
"","100000007956099","NGC1","","",2.3,,"",
"","100000007956174","NGC1","","",2.63,,"",
"","100000007955645","NGC1","","",7.86,,"",
"","100000007955608","NGC1","","",2.56,,"",
"","100000007955806","NGC1","","",5.53,,"",
"","100000007941393","NGC1","","",33.03,,"",
"","100000007941414","NGC1","","",33.03,,"",
"","100000007947086","NGC1","","",99.42,,"",
"","100000007914504","NGC1","","",0.034,,"",
"","100000007914481","NGC1","","",0.155,,"",
"","100000007914404","NGC1","","",0.158,,"",
"","100000007902937","NGC1","","",0.18,,"",
"","100000007902990","NGC1","","",1.07,,"",
"","100000007902874","NGC1","","",0.561,,"",
"","100000007902917","NGC1","","",0.148,,"",
"","100000007902939","NGC1","","",1.79,,"",
"","100000007902992","NGC1","","",0.2055,,"",
"","100000007899822","NGC1","","",0.639,,"",
"","100000007899816","NGC1","","",0.185,,"",
"","100000007899828","NGC1","","",0.1915,,"",
"","100000007899750","NGC1","","",0.1975,,"",
"","100000007899751","NGC1","","",0.3065,,"",
"","100000007894410","NGC1","","",0.821,,"",
"","100000007894413","NGC1","","",8.17,,"",
"","100000007894418","NGC1","","",1.41,,"",
"","100000007900912","NGC1","","",5.78,,"",
"","100000007916202","NGC1","","",7.52,,"",
"","100000007914179","NGC1","","",0.64,,"",
"","100000007914197","NGC1","","",0.725,,"",
"","100000007914229","NGC1","","",0.701,,"",
"","100000007916145","NGC1","","",0.062,,"",
"","100000007916166","NGC1","","",0.129,,"",
"","100000007956770","NGC1","","",20.31,,"",
"","100000007956796","NGC1","","",20.1,,"",
"","100000007956703","NGC1","","",36.92,,"",
"","100000007956608","NGC1","","",10.45,,"",
"","100000007957502","NGC1","","",2.56,,"",
"","100000007957527","NGC1","","",1.63,,"",
"","100000007957416","NGC1","","",2.5,,"",
"","100000007957499","NGC1","","",0.56,,"",
"","100000007957526","NGC1","","",0.56,,"",
"","100000007957414","NGC1","","",0.9,,"",
"","100000007955832","NGC1","","",3.65,,"",
"","100000007955849","NGC1","","",4.7,,"",
"","100000007956940","NGC1","","",3.63,,"",
"","100000007956506","NGC1","","",30.06,,"",
"","100000007956449","NGC1","","",21.24,,"",
"","100000007956478","NGC1","","",10.06,,"",
"","100000007956380","NGC1","","",8.65,,"",
"","100000007956397","NGC1","","",13.81,,"",
"","100000007956440","NGC1","","",13.11,,"",
"","100000007956415","NGC1","","",19.58,,"",
"","100000007941326","NGC1","","",38.17,,"",
"","100000007941896","NGC1","","",23.99,,"",
"","100000007941913","NGC1","","",31.56,,"",
"","100000007941860","NGC1","","",53.03,,"",
"","100000007955387","NGC1","","",0.482,,"",
"","100000007955312","NGC1","","",1.15,,"",
"","100000007947212","NGC1","","",806.84,,"",
"","100000008032371","NGC1","","",0.0455,,"",
"","100000008032966","NGC1","","",0.0185,,"",
"","100000007837199","NGC1","","",0.07,,"",
"","100000007837197","NGC1","","",0.08,,"",
"","100000007837198","NGC1","","",0.0325,,"",
"","100000007837202","NGC1","","",0.163,,"",
"","100000007903042","NGC1","","",0.191,,"",
"","100000007903068","NGC1","","",1.37,,"",
"","100000007902727","NGC1","","",0.421,,"",
"","100000007903640","NGC1","","",3.67,,"",
"","100000007903297","NGC1","","",0.769,,"",
"","100000007903344","NGC1","","",0.173,,"",
"","100000007903414","NGC1","","",1.55,,"",
"","100000007903485","NGC1","","",0.2915,,"",
"","100000007903460","NGC1","","",0.2255,,"",
"","100000007904309","NGC1","","",0.025,,"",
"","100000007904347","NGC1","","",0.0315,,"",
"","100000007904391","NGC1","","",0.1145,,"",
"","100000007904433","NGC1","","",0.1145,,"",
"","100000007905197","NGC1","","",0.0595,,"",
"","100000007905261","NGC1","","",0.0835,,"",
"","100000007904928","NGC1","","",0.149,,"",
"","100000007901247","NGC1","","",0.76,,"",
"","100000007901020","NGC1","","",0.2795,,"",
"","100000007901074","NGC1","","",2.71,,"",
"","100000007901128","NGC1","","",0.4125,,"",
"","100000007912192","NGC1","","",0.257,,"",
"","100000007912348","NGC1","","",0.58,,"",
"","100000007957438","NGC1","","",11.63,,"",
"","100000007956460","NGC1","","",19.18,,"",
"","100000007956480","NGC1","","",24.79,,"",
"","100000007956824","NGC1","","",26.75,,"",
"","100000007956742","NGC1","","",5.37,,"",
"","100000007949464","NGC1","","",5.17,,"",
"","100000007949477","NGC1","","",5.53,,"",
"","100000007949386","NGC1","","",6.11,,"",
"","100000007949411","NGC1","","",6.81,,"",
"","100000007943612","NGC1","","",6.93,,"",
"","100000007942722","NGC1","","",33.46,,"",
"","100000007942761","NGC1","","",53.03,,"",
"","100000007944333","NGC1","","",4.33,,"",
"","100000007944213","NGC1","","",9.82,,"",
"","100000007942882","NGC1","","",7.94,,"",
"","100000007837201","NGC1","","",0.093,,"",
"","100000007837200","NGC1","","",0.1275,,"",
"","100000007896589","NGC1","","",0.52,,"",
"","100000007915098","NGC1","","",0.38,,"",
"","100000007904998","NGC1","","",0.1605,,"",
"","100000007905132","NGC1","","",0.033,,"",
"","100000007905025","NGC1","","",0.018,,"",
"","100000007905079","NGC1","","",0.015,,"",
"","100000007905158","NGC1","","",0.0175,,"",
"","100000007905198","NGC1","","",0.027,,"",
"","100000007904950","NGC1","","",0.033,,"",
"","100000007901075","NGC1","","",0.3215,,"",
"","100000007901109","NGC1","","",1.45,,"",
"","100000007901160","NGC1","","",0.634,,"",
"","100000007901189","NGC1","","",4.09,,"",
"","100000007901234","NGC1","","",1.06,,"",
"","100000007906062","NGC1","","",0.06,,"",
"","100000007911854","NGC1","","",0.342,,"",
"","100000007914125","NGC1","","",2.19,,"",
"","100000007913996","NGC1","","",2.95,,"",
"","100000007957478","NGC1","","",19.7,,"",
"","100000007957494","NGC1","","",20.82,,"",
"","100000007956982","NGC1","","",15.78,,"",
"","100000007949446","NGC1","","",9.23,,"",
"","100000007949469","NGC1","","",10.74,,"",
"","100000007949480","NGC1","","",11.14,,"",
"","100000007949390","NGC1","","",11.58,,"",
"","100000007949404","NGC1","","",15.25,,"",
"","100000007949396","NGC1","","",16.84,,"",
"","100000007943543","NGC1","","",6.71,,"",
"","100000007944422","NGC1","","",102.6,,"",
"","100000007944027","NGC1","","",16.54,,"",
"","100000007943929","NGC1","","",4.27,,"",
"","100000007943951","NGC1","","",5.04,,"",
"","100000007943968","NGC1","","",28.8,,"",
"","100000007944008","NGC1","","",19.93,,"",
"","100000007944229","NGC1","","",4.54,,"",
"","100000007944206","NGC1","","",41.56,,"",
"","100000007915090","NGC1","","",0.062,,"",
"","100000007915106","NGC1","","",0.066,,"",
"","100000007915141","NGC1","","",0.081,,"",
"","100000007915161","NGC1","","",0.093,,"",
"","100000007904715","NGC1","","",0.86,,"",
"","100000007904881","NGC1","","",0.185,,"",
"","100000007904610","NGC1","","",0.0375,,"",
"","100000007904838","NGC1","","",0.0295,,"",
"","100000007904540","NGC1","","",0.54,,"",
"","100000007906145","NGC1","","",0.019,,"",
"","100000007906105","NGC1","","",0.131,,"",
"","100000007908294","NGC1","","",1.86,,"",
"","100000007908337","NGC1","","",0.73,,"",
"","100000007908407","NGC1","","",1.26,,"",
"","100000007908152","NGC1","","",0.87,,"",
"","100000007908231","NGC1","","",1.68,,"",
"","100000007908317","NGC1","","",0.88,,"",
"","100000007908359","NGC1","","",1.74,,"",
"","100000007945560","NGC1","","",59.09,,"",
"","100000007945585","NGC1","","",22.92,,"",
"","100000007913122","NGC1","","",0.1225,,"",
"","100000007913140","NGC1","","",0.244,,"",
"","100000007913032","NGC1","","",0.253,,"",
"","100000007913115","NGC1","","",0.309,,"",
"","100000007914031","NGC1","","",6.84,,"",
"","100000007948777","NGC1","","",10.53,,"",
"","100000007948797","NGC1","","",14.48,,"",
"","100000007948828","NGC1","","",9.6,,"",
"","100000007948853","NGC1","","",10.19,,"",
"","100000007948877","NGC1","","",12.54,,"",
"","100000007949457","NGC1","","",31.44,,"",
"","100000007949392","NGC1","","",51.39,,"",
"","100000007949414","NGC1","","",44.51,,"",
"","100000007949449","NGC1","","",15.31,,"",
"","100000007948936","NGC1","","",7.05,,"",
"","100000007949301","NGC1","","",19.79,,"",
"","100000007949316","NGC1","","",19.79,,"",
"","100000007945030","NGC1","","",22.42,,"",
"","100000007945063","NGC1","","",7.35,,"",
"","100000007945076","NGC1","","",45.36,,"",
"","100000007945343","NGC1","","",8.61,,"",
"","100000007945370","NGC1","","",11.92,,"",
"","100000007945385","NGC1","","",44.02,,"",
"","100000007945413","NGC1","","",11.01,,"",
"","100000007945265","NGC1","","",13.1,,"",
"","100000007946034","NGC1","","",179.79,,"",
"","100000007896221","NGC1","","",3.42,,"",
"","100000007896226","NGC1","","",14.61,,"",
"","100000007896241","NGC1","","",0.681,,"",
"","100000007896594","NGC1","","",1.51,,"",
"","100000007896615","NGC1","","",1.01,,"",
"","100000007897785","NGC1","","",0.0445,,"",
"","100000007897789","NGC1","","",0.0445,,"",
"","100000007898425","NGC1","","",0.185,,"",
"","100000007898451","NGC1","","",0.262,,"",
"","100000007898393","NGC1","","",0.45,,"",
"","100000007898426","NGC1","","",0.65,,"",
"","100000007915175","NGC1","","",0.075,,"",
"","100000007891667","NGC1","","",0.436,,"",
"","100000007891894","NGC1","","",0.1675,,"",
"","100000007891900","NGC1","","",0.161,,"",
"","100000007891904","NGC1","","",0.177,,"",
"","100000007891908","NGC1","","",0.1845,,"",
"","100000007908181","NGC1","","",0.764,,"",
"","100000007908232","NGC1","","",0.153,,"",
"","100000007908295","NGC1","","",0.356,,"",
"","100000007908360","NGC1","","",0.245,,"",
"","100000007908124","NGC1","","",0.157,,"",
"","100000007908254","NGC1","","",0.249,,"",
"","100000007908338","NGC1","","",0.343,,"",
"","100000007907202","NGC1","","",0.229,,"",
"","100000007907304","NGC1","","",0.351,,"",
"","100000007945601","NGC1","","",22.92,,"",
"","100000007945634","NGC1","","",69.26,,"",
"","100000007946666","NGC1","","",99.42,,"",
"","100000007946719","NGC1","","",16.07,,"",
"","100000007913076","NGC1","","",0.0235,,"",
"","100000007913091","NGC1","","",0.0275,,"",
"","100000007913116","NGC1","","",0.0465,,"",
"","100000007913023","NGC1","","",0.06,,"",
"","100000007913037","NGC1","","",0.52,,"",
"","100000007913096","NGC1","","",0.079,,"",
"","100000007913130","NGC1","","",0.0185,,"",
"","100000007913030","NGC1","","",0.236,,"",
"","100000007913098","NGC1","","",0.0905,,"",
"","100000007948816","NGC1","","",17.3,,"",
"","100000007948778","NGC1","","",16.89,,"",
"","100000007948817","NGC1","","",8.35,,"",
"","100000007948837","NGC1","","",38.36,,"",
"","100000007945678","NGC1","","",29.6,,"",
"","100000007945702","NGC1","","",22.92,,"",
"","100000007945663","NGC1","","",34.32,,"",
"","100000007945684","NGC1","","",22.92,,"",
"","100000007945304","NGC1","","",6.61,,"",
"","100000007945360","NGC1","","",20.53,,"",
"","100000007945402","NGC1","","",29.55,,"",
"","100000007945256","NGC1","","",35.22,,"",
"","100000007945350","NGC1","","",8.22,,"",
"","100000007945371","NGC1","","",44.9,,"",
"","100000007945391","NGC1","","",6.23,,"",
"","100000007898457","NGC1","","",1.15,,"",
"","100000007913364","NGC1","","",0.1375,,"",
"","100000007913291","NGC1","","",0.607,,"",
"","100000007913308","NGC1","","",0.109,,"",
"","100000007913350","NGC1","","",0.2485,,"",
"","100000007913365","NGC1","","",0.16,,"",
"","100000007891938","NGC1","","",0.1205,,"",
"","100000007891935","NGC1","","",0.1415,,"",
"","100000007891939","NGC1","","",0.153,,"",
"","100000007891921","NGC1","","",2.81,,"",
"","100000007891931","NGC1","","",0.245,,"",
"","100000007893420","NGC1","","",0.489,,"",
"","100000007912515","NGC1","","",0.498,,"",
"","100000007912579","NGC1","","",0.351,,"",
"","100000007946747","NGC1","","",16.46,,"",
"","100000007946918","NGC1","","",16.89,,"",
"","100000007946946","NGC1","","",16.89,,"",
"","100000007947040","NGC1","","",45.98,,"",
"","100000007946885","NGC1","","",18.3,,"",
"","100000007913048","NGC1","","",0.0355,,"",
"","100000007913074","NGC1","","",0.0255,,"",
"","100000007913097","NGC1","","",0.144,,"",
"","100000007913114","NGC1","","",0.056,,"",
"","100000007913139","NGC1","","",0.371,,"",
"","100000007913031","NGC1","","",0.104,,"",
"","100000007916000","NGC1","","",0.17,,"",
"","100000007916025","NGC1","","",0.23,,"",
"","100000007916052","NGC1","","",0.26,,"",
"","100000007915749","NGC1","","",0.29,,"",
"","100000007915804","NGC1","","",0.307,,"",
"","100000007915729","NGC1","","",0.328,,"",
"","100000007915762","NGC1","","",0.263,,"",
"","100000007915777","NGC1","","",0.226,,"",
"","100000007915796","NGC1","","",0.233,,"",
"","100000007955174","NGC1","","",4.22,,"",
"","100000007940645","NGC1","","",5.93,,"",
"","100000007952145","NGC1","","",23.17,,"",
"","100000007951854","NGC1","","",1.59,,"",
"","100000007951871","NGC1","","",23.17,,"",
"","100000007945755","NGC1","","",21.21,,"",
"","100000007945748","NGC1","","",27.19,,"",
"","100000007946155","NGC1","","",107.4,,"",
"","100000007946416","NGC1","","",137.94,,"",
"","100000007913310","NGC1","","",0.211,,"",
"","100000007913332","NGC1","","",0.256,,"",
"","100000007891936","NGC1","","",0.063,,"",
"","100000007891916","NGC1","","",0.844,,"",
"","100000007899616","NGC1","","",0.169,,"",
"","100000007899632","NGC1","","",0.1095,,"",
"","100000007899642","NGC1","","",0.73,,"",
"","100000007899658","NGC1","","",0.202,,"",
"","100000007899691","NGC1","","",0.61,,"",
"","100000007893428","NGC1","","",1.51,,"",
"","100000007893433","NGC1","","",0.2155,,"",
"","100000007893410","NGC1","","",0.1915,,"",
"","100000007893414","NGC1","","",1.01,,"",
"","100000007893431","NGC1","","",5.16,,"",
"","100000007893429","NGC1","","",1.51,,"",
"","100000007893422","NGC1","","",1.01,,"",
"","100000007912769","NGC1","","",0.84,,"",
"","100000007912544","NGC1","","",0.67,,"",
"","100000007912612","NGC1","","",0.264,,"",
"","100000007912763","NGC1","","",1.05,,"",
"","100000007912545","NGC1","","",0.72,,"",
"","100000007912577","NGC1","","",0.291,,"",
"","100000007916308","NGC1","","",0.31,,"",
"","100000007916226","NGC1","","",0.54,,"",
"","100000007916298","NGC1","","",0.96,,"",
"","100000007915701","NGC1","","",0.308,,"",
"","100000007915720","NGC1","","",0.448,,"",
"","100000008032758","NGC1","","",1.55,,"",
"","100000008033023","NGC1","","",4.72,,"",
"","100000008033186","NGC1","","",2.77,,"",
"","100000007955127","NGC1","","",0.98,,"",
"","100000007955167","NGC1","","",1.76,,"",
"","100000007955055","NGC1","","",2.77,,"",
"","100000007940646","NGC1","","",20.36,,"",
"","100000007940731","NGC1","","",20.36,,"",
"","100000007940637","NGC1","","",21.93,,"",
"","100000007941569","NGC1","","",21.93,,"",
"","100000007941613","NGC1","","",21.93,,"",
"","100000007941654","NGC1","","",23.2,,"",
"","100000007941563","NGC1","","",23.2,,"",
"","100000007955609","NGC1","","",3.81,,"",
"","100000007941445","NGC1","","",11,,"",
"","100000007941461","NGC1","","",13.71,,"",
"","100000007953724","NGC1","","",18.06,,"",
"","100000007953739","NGC1","","",4.73,,"",
"","100000007953770","NGC1","","",10.48,,"",
"","100000007953783","NGC1","","",7.79,,"",
"","100000007946287","NGC1","","",54.91,,"",
"","100000007946234","NGC1","","",388.21,,"",
"","100000007946304","NGC1","","",76.6,,"",
"","100000007946295","NGC1","","",277.94,,"",
"","100000007947143","NGC1","","",16.89,,"",
"","100000007947159","NGC1","","",16.89,,"",
"","100000007947120","NGC1","","",16.89,,"",
"","100000007947142","NGC1","","",16.89,,"",
"","100000007947130","NGC1","","",45.98,,"",
"","100000007948959","B4U1","","",10.27742857,,"",
"","100000007947040","B4U1","","",12.403,,"",
"","100000007949476","B4U1","","",6.393571429,,"",
"","100000007949493","B4U1","","",6.914428571,,"",
"","100000007949397","B4U1","","",7.257857143,,"",
"","100000007949415","B4U1","","",7.690142857,,"",
"","100000007949437","B4U1","","",8.809285714,,"",
"","100000007949486","B4U1","","",1.008285714,,"",
"","100000007948910","B4U1","","",20.52157143,,"",
"","100000007948984","B4U1","","",5.147,,"",
"","100000007948890","B4U1","","",3.684428571,,"",
"","100000007948907","B4U1","","",16.77628571,,"",
"","100000007948933","B4U1","","",10.79271429,,"",
"","100000007948948","B4U1","","",4.282714286,,"",
"","100000007948974","B4U1","","",3.684428571,,"",
"","100000007948991","B4U1","","",22.15771429,,"",
"","100000007949021","B4U1","","",6.160857143,,"",
"","100000007948374","B4U1","","",93.29542857,,"",
"","100000007949407","B4U1","","",0.936285714,,"",
"","100000007949464","B4U1","","",1.169,,"",
"","100000007949477","B4U1","","",1.468285714,,"",
"","100000007949386","B4U1","","",1.440571429,,"",
"","100000007949411","B4U1","","",1.628857143,,"",
"","100000007948899","B4U1","","",3.684428571,,"",
"","100000007948926","B4U1","","",9.047428571,,"",
"","100000007948985","B4U1","","",110.4977143,,"",
"","100000007949013","B4U1","","",1.479285714,,"",
"","100000007949463","B4U1","","",97.07885714,,"",
"","100000007945755","B4U1","","",6.699571429,,"",
"","100000007948325","B4U1","","",26.22828571,,"",
"","100000007945616","B4U1","","",610.9251429,,"",
"","100000007946056","B4U1","","",8.177142857,,"",
"","100000007946083","B4U1","","",6.760714286,,"",
"","100000007946084","B4U1","","",5.683571429,,"",
"","100000007946112","B4U1","","",7.854285714,,"",
"","100000007946131","B4U1","","",5.785714286,,"",
"","100000007945748","B4U1","","",8.044714286,,"",
"","100000007945560","B4U1","","",11.40171429,,"",
"","100000007945585","B4U1","","",4.983,,"",
"","100000007945601","B4U1","","",5.008285714,,"",
"","100000007945634","B4U1","","",15.016,,"",
"","100000007945561","B4U1","","",10.64942857,,"",
"","100000007946503","B4U1","","",201.3991429,,"",
"","100000007946542","B4U1","","",107.02,,"",
"","100000007946582","B4U1","","",52.08485714,,"",
"","100000007948891","B4U1","","",1.579,,"",
"","100000007948919","B4U1","","",1.756285714,,"",
"","100000007948934","B4U1","","",1.922571429,,"",
"","100000007948958","B4U1","","",2.548571429,,"",
"","100000007944059","B4U1","","",1.380714286,,"",
"","100000007944951","B4U1","","",0.743428571,,"",
"","100000007944785","B4U1","","",4.498857143,,"",
"","100000007944768","B4U1","","",3.075,,"",
"","100000007944779","B4U1","","",1.224428571,,"",
"","100000007944799","B4U1","","",0.880857143,,"",
"","100000007944962","B4U1","","",1.048285714,,"",
"","100000007944831","B4U1","","",6.094428571,,"",
"","100000007944844","B4U1","","",1.717571429,,"",
"","100000007944755","B4U1","","",0.953,,"",
"","100000007944806","B4U1","","",2.570714286,,"",
"","100000007944819","B4U1","","",1.146857143,,"",
"","100000007946885","B4U1","","",4.274,,"",
"","100000007947304","B4U1","","",313.1877143,,"",
"","100000007947192","B4U1","","",147.9674286,,"",
"","100000007947244","B4U1","","",161.3828571,,"",
"","100000007947294","B4U1","","",42.24585714,,"",
"","100000007947321","B4U1","","",20.47257143,,"",
"","100000007947180","B4U1","","",18.53642857,,"",
"","100000007947212","B4U1","","",219.5177143,,"",
"","100000007946895","B4U1","","",5.708428571,,"",
"","100000007946824","B4U1","","",5.008285714,,"",
"","100000007946886","B4U1","","",20.41342857,,"",
"","100000007947263","B4U1","","",26.22614286,,"",
"","100000007949446","B4U1","","",1.950285714,,"",
"","100000007949469","B4U1","","",2.506857143,,"",
"","100000007949480","B4U1","","",2.338,,"",
"","100000007947741","B4U1","","",123.3071429,,"",
"","100000007947629","B4U1","","",321.4152857,,"",
"","100000007948710","B4U1","","",11.34828571,,"",
"","100000007949390","B4U1","","",2.515285714,,"",
"","100000007949404","B4U1","","",3.346428571,,"",
"","100000007949396","B4U1","","",3.789571429,,"",
"","100000007949457","B4U1","","",13.70142857,,"",
"","100000007949392","B4U1","","",27.92914286,,"",
"","100000007949414","B4U1","","",19.41914286,,"",
"","100000007948691","B4U1","","",36.223,,"",
"","100000007945799","B4U1","","",5.033857143,,"",
"","100000007949449","B4U1","","",7.113857143,,"",
"","100000007948936","B4U1","","",3.684428571,,"",
"","100000007945810","B4U1","","",5.091428571,,"",
"","100000007945546","B4U1","","",64.33714286,,"",
"","100000007945536","B4U1","","",105.5168571,,"",
"","100000007946079","B4U1","","",84.55042857,,"",
"","100000007946155","B4U1","","",63.708,,"",
"","100000007945678","B4U1","","",6.331142857,,"",
"","100000007945702","B4U1","","",4.734428571,,"",
"","100000007945663","B4U1","","",7.211571429,,"",
"","100000007944043","B4U1","","",4.316,,"",
"","100000007944045","B4U1","","",5.485,,"",
"","100000007945821","B4U1","","",6.279428571,,"",
"","100000007945866","B4U1","","",5.94,,"",
"","100000007945789","B4U1","","",6.309142857,,"",
"","100000007944898","B4U1","","",3.177,,"",
"","100000007945684","B4U1","","",4.735285714,,"",
"","100000007944538","B4U1","","",1.845,,"",
"","100000007944179","B4U1","","",2.709285714,,"",
"","100000007944074","B4U1","","",3.014,,"",
"","100000007944963","B4U1","","",310.9328571,,"",
"","100000007944877","B4U1","","",3.878285714,,"",
"","100000007944520","B4U1","","",0.847714286,,"",
"","100000007944581","B4U1","","",2.399,,"",
"","100000007944600","B4U1","","",1.085857143,,"",
"","100000007944526","B4U1","","",2.897571429,,"",
"","100000007944573","B4U1","","",3.285428571,,"",
"","100000007944607","B4U1","","",4.127571429,,"",
"","100000007944522","B4U1","","",4.914285714,,"",
"","100000007944089","B4U1","","",3.014,,"",
"","100000007946719","B4U1","","",3.834714286,,"",
"","100000007946747","B4U1","","",3.659142857,,"",
"","100000007944533","B4U1","","",1.279857143,,"",
"","100000007944552","B4U1","","",7.982857143,,"",
"","100000007944580","B4U1","","",5.185857143,,"",
"","100000007944593","B4U1","","",1.764,,"",
"","100000007944613","B4U1","","",2.016714286,,"",
"","100000007944521","B4U1","","",7.163714286,,"",
"","100000007944534","B4U1","","",5.424,,"",
"","100000007944553","B4U1","","",105.1955714,,"",
"","100000007944582","B4U1","","",108.5641429,,"",
"","100000007944601","B4U1","","",6.742714286,,"",
"","100000007944615","B4U1","","",1.534714286,,"",
"","100000007944527","B4U1","","",7.363142857,,"",
"","100000007944540","B4U1","","",0.892,,"",
"","100000007946918","B4U1","","",3.787857143,,"",
"","100000007946946","B4U1","","",3.782857143,,"",
"","100000007946831","B4U1","","",3.625714286,,"",
"","100000007947226","B4U1","","",44.10585714,,"",
"","100000007947255","B4U1","","",65.97257143,,"",
"","100000007944206","B4U1","","",11.14442857,,"",
"","100000007947086","B4U1","","",20.54142857,,"",
"","100000007918043","B4U1","","",0.349142857,,"",
"","100000007917905","B4U1","","",0.630428571,,"",
"","100000007917558","B4U1","","",0.821,,"",
"","100000007917574","B4U1","","",1.145,,"",
"","100000007944463","B4U1","","",117.8775714,,"",
"","100000007946295","B4U1","","",62.50285714,,"",
"","100000007948778","B4U1","","",3.286285714,,"",
"","100000007948817","B4U1","","",2.376,,"",
"","100000007948837","B4U1","","",7.884,,"",
"","100000007945343","B4U1","","",2.913571429,,"",
"","100000007945370","B4U1","","",3.635714286,,"",
"","100000007945385","B4U1","","",12.94071429,,"",
"","100000007945413","B4U1","","",3.336428571,,"",
"","100000007945265","B4U1","","",4.677714286,,"",
"","100000007945304","B4U1","","",1.682714286,,"",
"","100000007945360","B4U1","","",6.561,,"",
"","100000007945402","B4U1","","",8.897,,"",
"","100000007946034","B4U1","","",51.84,,"",
"","100000007920830","B4U1","","",1.001571429,,"",
"","100000007945256","B4U1","","",10.2,,"",
"","100000007945289","B4U1","","",195.4098571,,"",
"","100000007945350","B4U1","","",2.503,,"",
"","100000007945371","B4U1","","",13.82014286,,"",
"","100000007945391","B4U1","","",1.256428571,,"",
"","100000007945278","B4U1","","",8.141,,"",
"","100000007945268","B4U1","","",5.486142857,,"",
"","100000007945269","B4U1","","",1.963714286,,"",
"","100000007948283","B4U1","","",18.57057143,,"",
"","100000007947143","B4U1","","",3.784,,"",
"","100000007947159","B4U1","","",3.782714286,,"",
"","100000007948120","B4U1","","",3.844857143,,"",
"","100000007920746","B4U1","","",1.108571429,,"",
"","100000007920753","B4U1","","",1.098571429,,"",
"","100000007920797","B4U1","","",1.194142857,,"",
"","100000007948158","B4U1","","",19.34071429,,"",
"","100000007948182","B4U1","","",20.40185714,,"",
"","100000007948208","B4U1","","",21.63714286,,"",
"","100000007948228","B4U1","","",22.40071429,,"",
"","100000007948254","B4U1","","",23.52614286,,"",
"","100000007947814","B4U1","","",24.74142857,,"",
"","100000007947839","B4U1","","",26.27057143,,"",
"","100000007947855","B4U1","","",27.63185714,,"",
"","100000007947762","B4U1","","",26.92071429,,"",
"","100000007947778","B4U1","","",29.75328571,,"",
"","100000007948058","B4U1","","",5.203857143,,"",
"","100000007948109","B4U1","","",5.211285714,,"",
"","100000007920831","B4U1","","",1.123714286,,"",
"","100000007947801","B4U1","","",19.34385714,,"",
"","100000007947815","B4U1","","",32.14714286,,"",
"","100000007947856","B4U1","","",37.27757143,,"",
"","100000007947763","B4U1","","",28.11085714,,"",
"","100000007947779","B4U1","","",208.3218571,,"",
"","100000007947816","B4U1","","",17.36085714,,"",
"","100000007947841","B4U1","","",35.97514286,,"",
"","100000007949268","B4U1","","",10.70128571,,"",
"","100000007945355","B4U1","","",10.59085714,,"",
"","100000007945380","B4U1","","",3.141,,"",
"","100000007945395","B4U1","","",1.382714286,,"",
"","100000007916620","B4U1","","",0.317714286,,"",
"","100000007949055","B4U1","","",12.84642857,,"",
"","100000007945257","B4U1","","",4.881285714,,"",
"","100000007945279","B4U1","","",1.591428571,,"",
"","100000007945345","B4U1","","",7.203571429,,"",
"","100000007945192","B4U1","","",19.656,,"",
"","100000007945209","B4U1","","",134.6451429,,"",
"","100000007945241","B4U1","","",32.52242857,,"",
"","100000007945109","B4U1","","",76.03442857,,"",
"","100000007945134","B4U1","","",86.96857143,,"",
"","100000007916557","B4U1","","",0.030142857,,"",
"","100000007916569","B4U1","","",0.035571429,,"",
"","100000007950095","B4U1","","",149.1118571,,"",
"","100000007945157","B4U1","","",56.63828571,,"",
"","100000007945186","B4U1","","",49.80114286,,"",
"","100000007945096","B4U1","","",63.53485714,,"",
"","100000007944027","B4U1","","",4.554142857,,"",
"","100000007943929","B4U1","","",0.847714286,,"",
"","100000007943951","B4U1","","",1.279857143,,"",
"","100000007943968","B4U1","","",9.069571429,,"",
"","100000007947130","B4U1","","",10.11271429,,"",
"","100000007947084","B4U1","","",4.086714286,,"",
"","100000007943612","B4U1","","",1.905857143,,"",
"","100000007943543","B4U1","","",1.905857143,,"",
"","100000007944008","B4U1","","",6.144285714,,"",
"","100000007944028","B4U1","","",1.845,,"",
"","100000007943930","B4U1","","",2.293714286,,"",
"","100000007943952","B4U1","","",8.415857143,,"",
"","100000007943969","B4U1","","",2.038857143,,"",
"","100000007943991","B4U1","","",2.665,,"",
"","100000007944009","B4U1","","",1.135857143,,"",
"","100000007944029","B4U1","","",3.163571429,,"",
"","100000007943922","B4U1","","",3.562428571,,"",
"","100000007943946","B4U1","","",5.047285714,,"",
"","100000007946679","B4U1","","",5.715857143,,"",
"","100000007946758","B4U1","","",5.014285714,,"",
"","100000007946666","B4U1","","",20.73157143,,"",
"","100000007943963","B4U1","","",5.944857143,,"",
"","100000007943983","B4U1","","",6.809142857,,"",
"","100000007944001","B4U1","","",119.3955714,,"",
"","100000007947069","B4U1","","",10.14428571,,"",
"","100000007946416","B4U1","","",30.40685714,,"",
"","100000007946287","B4U1","","",13.01028571,,"",
"","100000007947165","B4U1","","",4.088571429,,"",
"","100000007947135","B4U1","","",28.64728571,,"",
"","100000007947120","B4U1","","",3.815857143,,"",
"","100000007947142","B4U1","","",3.827285714,,"",
"","100000007920730","B4U1","","",1.028571429,,"",
"","100000007946330","B4U1","","",168.9582857,,"",
"","100000007946234","B4U1","","",85.563,,"",
"","100000007946304","B4U1","","",18.16485714,,"",
"","100000007947764","B4U1","","",89.89871429,,"",
"","100000007947094","B4U1","","",5.764,,"",
"","100000007947152","B4U1","","",5.014285714,,"",
"","100000007948877","B4U1","","",2.406857143,,"",
"","100000007948816","B4U1","","",3.394285714,,"",
"","100000007920743","B4U1","","",1.119857143,,"",
"","100000007920783","B4U1","","",1.159285714,,"",
"","100000007920822","B4U1","","",1.356285714,,"",
"","100000007947803","B4U1","","",70.24371429,,"",
"","100000007947817","B4U1","","",118.9287143,,"",
"","100000007947842","B4U1","","",57.34928571,,"",
"","100000007947903","B4U1","","",5.091428571,,"",
"","100000007948777","B4U1","","",2.191285714,,"",
"","100000007920759","B4U1","","",0.989142857,,"",
"","100000007920804","B4U1","","",1.051571429,,"",
"","100000007920796","B4U1","","",1.053,,"",
"","100000007920717","B4U1","","",1.491285714,,"",
"","100000007916600","B4U1","","",0.043714286,,"",
"","100000007948070","B4U1","","",5.966714286,,"",
"","100000007948148","B4U1","","",3.708857143,,"",
"","100000007950051","B4U1","","",10.12357143,,"",
"","100000007948797","B4U1","","",2.607428571,,"",
"","100000007948828","B4U1","","",2.036571429,,"",
"","100000007948853","B4U1","","",1.813571429,,"",
"","100000007945210","B4U1","","",21.63028571,,"",
"","100000007918279","B4U1","","",0.878142857,,"",
"","100000007918255","B4U1","","",0.167857143,,"",
"","100000007918280","B4U1","","",0.235571429,,"",
"","100000007916613","B4U1","","",0.047714286,,"",
"","100000007916629","B4U1","","",0.051714286,,"",
"","100000007949924","B4U1","","",8.688285714,,"",
"","100000007945232","B4U1","","",18.17785714,,"",
"","100000007945110","B4U1","","",37.13171429,,"",
"","100000007945099","B4U1","","",27.93028571,,"",
"","100000007945100","B4U1","","",32.09657143,,"",
"","100000007945118","B4U1","","",68.83814286,,"",
"","100000007945150","B4U1","","",72.96728571,,"",
"","100000007945162","B4U1","","",76.94,,"",
"","100000007917963","B4U1","","",0.186428571,,"",
"","100000007943931","B4U1","","",7.917285714,,"",
"","100000007943953","B4U1","","",1.673142857,,"",
"","100000007943970","B4U1","","",8.942142857,,"",
"","100000007943992","B4U1","","",0.892,,"",
"","100000007944010","B4U1","","",5.196857143,,"",
"","100000007944031","B4U1","","",3.340857143,,"",
"","100000007944238","B4U1","","",1.224428571,,"",
"","100000007917924","B4U1","","",0.331857143,,"",
"","100000007917945","B4U1","","",0.301714286,,"",
"","100000007944422","B4U1","","",124.5524286,,"",
"","100000007944265","B4U1","","",0.880857143,,"",
"","100000007944286","B4U1","","",7.052857143,,"",
"","100000007944314","B4U1","","",1.894857143,,"",
"","100000007944333","B4U1","","",0.953,,"",
"","100000007944213","B4U1","","",2.842285714,,"",
"","100000007944229","B4U1","","",1.146857143,,"",
"","100000007944315","B4U1","","",128.1715714,,"",
"","100000007989915","NAT1","","",25.2216,,"",
"","100000007989935","NAT1","","",6.8591,,"",
"","100000007989948","NAT1","","",6.0499,,"",
"","100000007989839","NAT1","","",8.9428,,"",
"","100000007989520","NAT1","","",7.1785,,"",
"","100000007989443","NAT1","","",6.1284,,"",
"","100000007989118","NAT1","","",5.5631,,"",
"","100000007989159","NAT1","","",14.4842,,"",
"","100000007993877","NAT1","","",69.6043,,"",
"","100000007993827","NAT1","","",7.0925,,"",
"","100000007993878","NAT1","","",9.9288,,"",
"","100000307430361","NAT1","","",1.3365,,"",
"","100000007994422","NAT1","","",33.3028,,"",
"","100000307430358","NAT1","","",11.1,,"",
"","100000007995395","NAT1","","",8.4868,,"",
"","100000007995434","NAT1","","",11.424,,"",
"","100000307430359","NAT1","","",17.65,,"",
"","100000007995602","NAT1","","",0.2113,,"",
"","100000007987134","NAT1","","",43.4994,,"",
"","100000007998216","NAT1","","",0.4082,,"",
"","100000007997121","NAT1","","",0.5027,,"",
"","100000008035155","NAT1","","",219.3975,,"",
"","100000008035610","NAT1","","",219.3975,,"",
"","100000008036070","NAT1","","",157.7728,,"",
"","100000008035058","NAT1","","",157.7728,,"",
"","100000008023424","NAT1","","",0.5731,,"",
"","100000008022440","NAT1","","",0.6352,,"",
"","100000008033576","NAT1","","",7.3218,,"",
"","100000008023351","NAT1","","",0.5583,,"",
"","100000008023599","NAT1","","",0.5583,,"",
"","100000008022543","NAT1","","",0.5616,,"",
"","100000008022936","NAT1","","",0.5563,,"",
"","100000008023297","NAT1","","",1.206,,"",
"","100000007995112","NAT1","","",41.0132,,"",
"","100000007995158","NAT1","","",38.2363,,"",
"","100000007994989","NAT1","","",48.8279,,"",
"","100000007995045","NAT1","","",41.2453,,"",
"","100000007989200","NAT1","","",8.347,,"",
"","100000007989267","NAT1","","",9.3984,,"",
"","100000007991286","NAT1","","",9.4274,,"",
"","100000007991359","NAT1","","",11.9771,,"",
"","100000007991384","NAT1","","",10.6937,,"",
"","100000007993595","NAT1","","",37.2302,,"",
"","100000007987812","NAT1","","",88.6678,,"",
"","100000007987876","NAT1","","",52.2589,,"",
"","100000007987926","NAT1","","",82.5202,,"",
"","100000007989900","NAT1","","",71.1302,,"",
"","100000007989933","NAT1","","",36.0975,,"",
"","100000008008805","NAT1","","",1.7535,,"",
"","100000008008522","NAT1","","",1.8586,,"",
"","100000008008614","NAT1","","",7.4252,,"",
"","100000008007692","NAT1","","",8.1837,,"",
"","100000008007434","NAT1","","",7.7446,,"",
"","100000008009408","NAT1","","",9.7263,,"",
"","100000007985788","NAT1","","",101.9527,,"",
"","100000007985881","NAT1","","",33.6664,,"",
"","100000007985918","NAT1","","",52.3632,,"",
"","100000007986702","NAT1","","",121.4594,,"",
"","100000008035343","NAT1","","",178.7885,,"",
"","100000008035981","NAT1","","",181.4704,,"",
"","100000008034951","NAT1","","",234.5803,,"",
"","100000008035434","NAT1","","",234.5803,,"",
"","100000008031099","NAT1","","",10.1108,,"",
"","100000008031002","NAT1","","",10.5687,,"",
"","100000008030168","NAT1","","",10.5662,,"",
"","100000008030399","NAT1","","",10.5677,,"",
"","100000008030476","NAT1","","",43.6976,,"",
"","100000008033408","NAT1","","",5.5356,,"",
"","100000008033838","NAT1","","",6.1974,,"",
"","100000008034109","NAT1","","",5.9417,,"",
"","100000008034303","NAT1","","",5.8445,,"",
"","100000008023445","NAT1","","",1.1968,,"",
"","100000008022463","NAT1","","",1.2054,,"",
"","100000008022623","NAT1","","",1.1894,,"",
"","100000008022861","NAT1","","",1.1879,,"",
"","100000008023011","NAT1","","",1.1814,,"",
"","100000008023223","NAT1","","",1.1814,,"",
"","100000008023600","NAT1","","",1.3449,,"",
"","100000008023541","NAT1","","",0.6665,,"",
"","100000008022647","NAT1","","",0.6632,,"",
"","100000008022802","NAT1","","",0.6632,,"",
"","100000008023031","NAT1","","",0.6913,,"",
"","100000007995006","NAT1","","",32.8026,,"",
"","100000007995134","NAT1","","",33.9684,,"",
"","100000007991195","NAT1","","",6.5951,,"",
"","100000007991264","NAT1","","",5.8239,,"",
"","100000007991127","NAT1","","",8.2447,,"",
"","100000007991133","NAT1","","",8.6319,,"",
"","100000007990150","NAT1","","",6.7507,,"",
"","100000007990278","NAT1","","",8.2201,,"",
"","100000007989978","NAT1","","",14.7365,,"",
"","100000007990151","NAT1","","",7.4245,,"",
"","100000007990236","NAT1","","",5.1657,,"",
"","100000007989947","NAT1","","",36.0954,,"",
"","100000007989971","NAT1","","",75.6318,,"",
"","100000007989930","NAT1","","",26.3507,,"",
"","100000008008009","NAT1","","",45.8387,,"",
"","100000008006693","NAT1","","",55.3763,,"",
"","100000008007160","NAT1","","",2.0397,,"",
"","100000008007613","NAT1","","",5.3548,,"",
"","100000008008954","NAT1","","",1.2096,,"",
"","100000008009253","NAT1","","",1.2733,,"",
"","100000008009433","NAT1","","",5.6662,,"",
"","100000008009681","NAT1","","",4.2839,,"",
"","100000008008370","NAT1","","",8.0688,,"",
"","100000007986516","NAT1","","",55.222,,"",
"","100000007986703","NAT1","","",2.9853,,"",
"","100000007986498","NAT1","","",12.7778,,"",
"","100000007986542","NAT1","","",2.6246,,"",
"","100000007986678","NAT1","","",2.7053,,"",
"","100000008036093","NAT1","","",49.36,,"",
"","100000008034891","NAT1","","",33.7163,,"",
"","100000008030169","NAT1","","",0.6478,,"",
"","100000008029846","NAT1","","",0.65,,"",
"","100000008033409","NAT1","","",1.0634,,"",
"","100000008033493","NAT1","","",1.0675,,"",
"","100000008033661","NAT1","","",0.8992,,"",
"","100000008030270","NAT1","","",1.7241,,"",
"","100000008034598","NAT1","","",1.2109,,"",
"","100000008034693","NAT1","","",1.4131,,"",
"","100000008033436","NAT1","","",1.6318,,"",
"","100000008033524","NAT1","","",1.7639,,"",
"","100000008023168","NAT1","","",0.6665,,"",
"","100000008023390","NAT1","","",0.6632,,"",
"","100000008023465","NAT1","","",1.5749,,"",
"","100000008023624","NAT1","","",1.5186,,"",
"","100000008022648","NAT1","","",1.5764,,"",
"","100000008022884","NAT1","","",1.6201,,"",
"","100000008023032","NAT1","","",1.5927,,"",
"","100000008023243","NAT1","","",1.57,,"",
"","100000007992720","NAT1","","",12.9156,,"",
"","100000007992492","NAT1","","",12.3663,,"",
"","100000007991936","NAT1","","",12.6414,,"",
"","100000007990279","NAT1","","",17.8529,,"",
"","100000007989999","NAT1","","",18.3612,,"",
"","100000007990019","NAT1","","",25.01,,"",
"","100000007990768","NAT1","","",5.0836,,"",
"","100000007990816","NAT1","","",6.4238,,"",
"","100000007990890","NAT1","","",7.4245,,"",
"","100000007989943","NAT1","","",21.6563,,"",
"","100000007989968","NAT1","","",21.1768,,"",
"","100000008008010","NAT1","","",5.45,,"",
"","100000008006694","NAT1","","",4.4034,,"",
"","100000008006983","NAT1","","",6.1386,,"",
"","100000008007446","NAT1","","",0.6163,,"",
"","100000008007622","NAT1","","",0.6069,,"",
"","100000008006914","NAT1","","",1.6352,,"",
"","100000008008493","NAT1","","",4.9045,,"",
"","100000007986807","NAT1","","",11.8034,,"",
"","100000007986517","NAT1","","",13.0825,,"",
"","100000007986594","NAT1","","",10.1575,,"",
"","100000007986652","NAT1","","",13.6419,,"",
"","100000007988916","NAT1","","",33.2261,,"",
"","100000007988983","NAT1","","",11.3947,,"",
"","100000008025857","NAT1","","",5.4134,,"",
"","100000008026038","NAT1","","",5.4208,,"",
"","100000008026304","NAT1","","",5.5803,,"",
"","100000008026472","NAT1","","",5.4134,,"",
"","100000008030051","NAT1","","",3.2078,,"",
"","100000008034791","NAT1","","",2.0394,,"",
"","100000008033602","NAT1","","",1.5398,,"",
"","100000008033782","NAT1","","",1.4173,,"",
"","100000008034044","NAT1","","",2.4422,,"",
"","100000008023391","NAT1","","",1.5714,,"",
"","100000008023625","NAT1","","",1.5927,,"",
"","100000008022803","NAT1","","",1.6133,,"",
"","100000008023033","NAT1","","",1.5857,,"",
"","100000008021481","NAT1","","",25.2769,,"",
"","100000007991563","NAT1","","",5.1707,,"",
"","100000007991658","NAT1","","",4.7933,,"",
"","100000007990680","NAT1","","",19.8088,,"",
"","100000008007178","NAT1","","",3.0513,,"",
"","100000007989030","NAT1","","",8.2265,,"",
"","100000007989075","NAT1","","",27.666,,"",
"","100000007988744","NAT1","","",13.9088,,"",
"","100000007988769","NAT1","","",25.1865,,"",
"","100000007989558","NAT1","","",11.8891,,"",
"","100000007989683","NAT1","","",15.184,,"",
"","100000007989734","NAT1","","",14.8548,,"",
"","100000008036792","NAT1","","",117.7668,,"",
"","100000008026907","NAT1","","",3.4287,,"",
"","100000008026751","NAT1","","",6.0109,,"",
"","100000008026930","NAT1","","",3.9047,,"",
"","100000007986730","NAT1","","",16.3856,,"",
"","100000007986783","NAT1","","",17.7159,,"",
"","100000007986460","NAT1","","",14.021,,"",
"","100000007986499","NAT1","","",15.7115,,"",
"","100000007986622","NAT1","","",2.2086,,"",
"","100000007986704","NAT1","","",2.465,,"",
"","100000007986756","NAT1","","",4.3186,,"",
"","100000007991818","NAT1","","",13.0465,,"",
"","100000007991910","NAT1","","",7.4063,,"",
"","100000007992336","NAT1","","",7.0192,,"",
"","100000007989486","NAT1","","",9.5,,"",
"","100000007989581","NAT1","","",15.363,,"",
"","100000007989681","NAT1","","",13.8729,,"",
"","100000007989760","NAT1","","",6.7065,,"",
"","100000007995089","NAT1","","",15.2214,,"",
"","100000008037255","NAT1","","",48.5469,,"",
"","100000008023950","NAT1","","",10.2772,,"",
"","100000008025042","NAT1","","",1.349,,"",
"","100000008024944","NAT1","","",1.3971,,"",
"","100000008027442","NAT1","","",6.0321,,"",
"","100000008027735","NAT1","","",8.9703,,"",
"","100000008030614","NAT1","","",21.6675,,"",
"","100000008030474","NAT1","","",16.003,,"",
"","100000008025377","NAT1","","",16.2608,,"",
"","100000008025613","NAT1","","",15.2768,,"",
"","100000007986341","NAT1","","",4.5865,,"",
"","100000007986375","NAT1","","",5.4895,,"",
"","100000007986436","NAT1","","",6.0978,,"",
"","100000007986121","NAT1","","",23.298,,"",
"","100000007986204","NAT1","","",24.0479,,"",
"","100000007986377","NAT1","","",11.6523,,"",
"","100000007986414","NAT1","","",15.49,,"",
"","100000007997142","NAT1","","",2.8627,,"",
"","100000007991940","NAT1","","",10.2759,,"",
"","100000007992053","NAT1","","",5.3793,,"",
"","100000008007134","NYS1","","",2.16,,"",
"","100000007996655","NAT1","","",7.7582,,"",
"","100000008030634","NAT1","","",3.5265,,"",
"","100000008030811","NAT1","","",7.18,,"",
"","100000008031094","NAT1","","",1.7623,,"",
"","100000008031291","NAT1","","",3.8241,,"",
"","100000008031587","NAT1","","",4.4176,,"",
"","100000008031194","NAT1","","",0.8116,,"",
"","100000008036732","NAT1","","",168.1204,,"",
"","100000008037000","NAT1","","",130.5767,,"",
"","100000008037365","NAT1","","",250.8563,,"",
"","100000008036408","NAT1","","",108.0886,,"",
"","100000008036836","NAT1","","",2.2196,,"",
"","100000008037199","NAT1","","",1.6676,,"",
"","100000008037473","NAT1","","",1.4622,,"",
"","100000008037661","NAT1","","",2.1109,,"",
"","100000008037201","NAT1","","",1.6558,,"",
"","100000008037384","NAT1","","",1.1103,,"",
"","100000008023729","NAT1","","",3.0371,,"",
"","100000008023897","NAT1","","",3.0939,,"",
"","100000008022600","NAT1","","",0.5594,,"",
"","100000008022838","NAT1","","",0.5588,,"",
"","100000008027941","NAT1","","",7.5417,,"",
"","100000008025785","NAT1","","",15.2768,,"",
"","100000008026248","NAT1","","",40.3926,,"",
"","100000008025138","NAT1","","",22.5688,,"",
"","100000007986261","NAT1","","",2.0497,,"",
"","100000007986324","NAT1","","",2.4322,,"",
"","100000007986360","NAT1","","",2.2503,,"",
"","100000007997060","NAT1","","",40.8544,,"",
"","100000007991997","NAT1","","",10.3424,,"",
"","100000007992054","NAT1","","",12.9905,,"",
"","100000007993618","NAT1","","",143.1039,,"",
"","100000007989928","NAT1","","",9.5544,,"",
"","100000007989942","NAT1","","",12.0998,,"",
"","100000007988768","NAT1","","",12.1238,,"",
"","100000007988892","NAT1","","",6.9539,,"",
"","100000007988937","NAT1","","",13.2041,,"",
"","100000007989007","NAT1","","",12.95,,"",
"","100000007995537","NAT1","","",20.1158,,"",
"","100000007985233","NAT1","","",8.784,,"",
"","100000007984882","NAT1","","",67.6425,,"",
"","100000007985141","NAT1","","",39.6961,,"",
"","100000008031777","NAT1","","",0.5273,,"",
"","100000008032034","NAT1","","",0.9652,,"",
"","100000008033495","NAT1","","",0.7265,,"",
"","100000008033663","NAT1","","",1.0211,,"",
"","100000008033578","NAT1","","",2.0155,,"",
"","100000008037115","NAT1","","",72.5841,,"",
"","100000008037572","NAT1","","",47.1413,,"",
"","100000008036432","NAT1","","",36.2119,,"",
"","100000008036584","NAT1","","",22.0919,,"",
"","100000008036839","NAT1","","",20.084,,"",
"","100000008037763","NAT1","","",52.1341,,"",
"","100000008036846","NAT1","","",27.8568,,"",
"","100000008023730","NAT1","","",3.3401,,"",
"","100000008023898","NAT1","","",3.6387,,"",
"","100000008027664","NAT1","","",9.1734,,"",
"","100000008026074","NAT1","","",58.2873,,"",
"","100000008018282","FHS1","","",1.0883,,"",
"","100000008018362","FHS1","","",1.1077,,"",
"","100000008018529","FHS1","","",1.03,,"",
"","100000008018694","FHS1","","",1.0494,,"",
"","100000008018777","FHS1","","",0.9523,,"",
"","100000008018950","FHS1","","",1.1077,,"",
"","100000007899409","FHS1","","",0.6487,,"",
"","100000007899434","FHS1","","",0.2164,,"",
"","100000007899721","FHS1","","",2.7355,,"",
"","100000007899727","FHS1","","",0.2836,,"",
"","100000007899738","FHS1","","",0.1868,,"",
"","100000007899718","FHS1","","",1.9026,,"",
"","100000007899722","FHS1","","",0.0911,,"",
"","100000007899726","FHS1","","",0.3743,,"",
"","100000008036925","FHS1","","",0.2238,,"",
"","100000008018199","FHS1","","",0.3302,,"",
"","100000008019382","FHS1","","",0.2166,,"",
"","100000007899734","FHS1","","",0.1104,,"",
"","100000008035609","FHS1","","",1.0589,,"",
"","100000008037752","FHS1","","",0.4253,,"",
"","100000008034988","FHS1","","",1.8636,,"",
"","100000008026468","FHS1","","",2.1236,,"",
"","100000007837388","FHS1","","",0.4032,,"",
"","100000007837383","FHS1","","",0.67,,"",
"","100000008035095","FHS1","","",1.9496,,"",
"","100000008035814","FHS1","","",0.2747,,"",
"","100000008035279","FHS1","","",0.3462,,"",
"","100000008010237","FHS1","","",2.184,,"",
"","100000008009754","FHS1","","",3.9196,,"",
"","100000007837599","FHS1","","",0.0987,,"",
"","100000007837602","FHS1","","",0.1345,,"",
"","100000007837614","FHS1","","",0.303,,"",
"","100000007837597","FHS1","","",0.3443,,"",
"","100000008009999","FHS1","","",1.6334,,"",
"","100000007893439","FHS1","","",1.0366,,"",
"","100000007893514","FHS1","","",0.6126,,"",
"","100000007890812","FHS1","","",0.0596,,"",
"","100000007890849","FHS1","","",0.0642,,"",
"","100000007891014","FHS1","","",0.1577,,"",
"","100000007891000","FHS1","","",0.9575,,"",
"","100000007891002","FHS1","","",0.1666,,"",
"","100000008003588","FHS1","","",4.9218,,"",
"","100000008003751","FHS1","","",0.3521,,"",
"","100000008002764","FHS1","","",0.4077,,"",
"","100000008002906","FHS1","","",0.3775,,"",
"","100000007891007","FHS1","","",0.2913,,"",
"","100000007891012","FHS1","","",0.2396,,"",
"","100000007893813","FHS1","","",0.766,,"",
"","100000007893806","FHS1","","",0.4544,,"",
"","100000008010914","FHS1","","",4.0125,,"",
"","100000008010077","FHS1","","",1.1611,,"",
"","100000008010472","FHS1","","",1.4226,,"",
"","100000008010837","FHS1","","",1.4217,,"",
"","100000008003929","FHS1","","",0.2435,,"",
"","100000008002907","FHS1","","",0.3926,,"",
"","100000007893811","FHS1","","",0.0889,,"",
"","100000007893844","FHS1","","",1.2493,,"",
"","100000007893846","FHS1","","",0.1942,,"",
"","100000007893852","FHS1","","",0.1328,,"",
"","100000007893855","FHS1","","",0.696,,"",
"","100000007893842","FHS1","","",0.3433,,"",
"","100000007893843","FHS1","","",0.7067,,"",
"","100000008002837","FHS1","","",0.5782,,"",
"","100000008010466","FHS1","","",1.1768,,"",
"","100000008003850","FHS1","","",1.653,,"",
"","100000008002765","FHS1","","",1.7637,,"",
"","100000008003228","FHS1","","",3.226,,"",
"","100000008010685","FHS1","","",1.4226,,"",
"","100000008010830","FHS1","","",1.4226,,"",
"","100000008009992","FHS1","","",1.7108,,"",
"","100000008010761","FHS1","","",2.2264,,"",
"","100000008010315","FHS1","","",2.3291,,"",
"","100000008009913","FHS1","","",1.3972,,"",
"","100000008010319","FHS1","","",1.4642,,"",
"","100000008010691","FHS1","","",1.4642,,"",
"","100000008009836","FHS1","","",1.8879,,"",
"","100000008020513","FHS1","","",0.6343,,"",
"","100000008018445","FHS1","","",0.2792,,"",
"","100000008018692","FHS1","","",0.4215,,"",
"","100000008018866","FHS1","","",0.4689,,"",
"","100000008019116","FHS1","","",0.4115,,"",
"","100000008018111","FHS1","","",0.6275,,"",
"","100000008018281","FHS1","","",0.3821,,"",
"","100000008018528","FHS1","","",0.7945,,"",
"","100000008018693","FHS1","","",0.7047,,"",
"","100000008018949","FHS1","","",0.5779,,"",
"","100000008019027","FHS1","","",0.3736,,"",
"","100000008018112","FHS1","","",0.4313,,"",
"","100000007899643","FHS1","","",0.1336,,"",
"","100000007899595","FHS1","","",0.1302,,"",
"","100000008016155","FHS1","","",16.0785,,"",
"","100000008009965","FHS1","","",3.3609,,"",
"","100000008034841","FHS1","","",0.5477,,"",
"","100000008010905","FHS1","","",1.1768,,"",
"","100000008010070","FHS1","","",1.1768,,"",
"","100000008010314","FHS1","","",2.3291,,"",
"","100000007893274","FHS1","","",0.0926,,"",
"","100000008035342","FHS1","","",0.5689,,"",
"","100000008035883","FHS1","","",0.9857,,"",
"","100000008035056","FHS1","","",0.4743,,"",
"","100000008035517","FHS1","","",1.0458,,"",
"","100000007893088","FHS1","","",0.6362,,"",
"","100000007893137","FHS1","","",0.2604,,"",
"","100000007893432","FHS1","","",1.6198,,"",
"","100000007893411","FHS1","","",0.5791,,"",
"","100000008025510","FHS1","","",2.6779,,"",
"","100000007893420","FHS1","","",0.3498,,"",
"","100000007893428","FHS1","","",1.1108,,"",
"","100000007893433","FHS1","","",0.1506,,"",
"","100000007893410","FHS1","","",0.0926,,"",
"","100000007893414","FHS1","","",0.6362,,"",
"","100000007898717","FHS1","","",0.0721,,"",
"","100000007899219","FHS1","","",0.0557,,"",
"","100000007899229","FHS1","","",0.377,,"",
"","100000007899164","FHS1","","",0.034,,"",
"","100000007899174","FHS1","","",0.1083,,"",
"","100000007899190","FHS1","","",0.9815,,"",
"","100000007896766","FHS1","","",0.2349,,"",
"","100000007899193","FHS1","","",0.0362,,"",
"","100000007899209","FHS1","","",0.3434,,"",
"","100000007837375","FHS1","","",0.2679,,"",
"","100000007893431","FHS1","","",3.7219,,"",
"","100000007893412","FHS1","","",5.3551,,"",
"","100000007899241","FHS1","","",0.0351,,"",
"","100000007893421","FHS1","","",0.4682,,"",
"","100000007893425","FHS1","","",0.0918,,"",
"","100000007893429","FHS1","","",1.2853,,"",
"","100000007893409","FHS1","","",0.1995,,"",
"","100000007893418","FHS1","","",0.1371,,"",
"","100000007899231","FHS1","","",0.1953,,"",
"","100000007899237","FHS1","","",0.0426,,"",
"","100000007899604","FHS1","","",0.5632,,"",
"","100000007899616","FHS1","","",0.0753,,"",
"","100000007899632","FHS1","","",0.0577,,"",
"","100000007899642","FHS1","","",0.4306,,"",
"","100000007899658","FHS1","","",0.113,,"",
"","100000007899691","FHS1","","",0.3504,,"",
"","100000008000489","FHS1","","",2.0075,,"",
"","100000008001072","FHS1","","",0.8377,,"",
"","100000007893422","FHS1","","",0.7328,,"",
"","100000007893426","FHS1","","",0.3545,,"",
"","100000007893430","FHS1","","",2.4977,,"",
"","100000007901830","FHS1","","",0.2551,,"",
"","100000007901549","FHS1","","",0.146,,"",
"","100000007901610","FHS1","","",0.4138,,"",
"","100000007901657","FHS1","","",0.2391,,"",
"","100000007901720","FHS1","","",0.3698,,"",
"","100000007901848","FHS1","","",0.4428,,"",
"","100000007901682","FHS1","","",0.1789,,"",
"","100000007902296","FHS1","","",0.3053,,"",
"","100000007901947","FHS1","","",0.1666,,"",
"","100000007901925","FHS1","","",0.1815,,"",
"","100000008009883","FHS1","","",2.5064,,"",
"","100000008006568","FHS1","","",1.5894,,"",
"","100000008005499","FHS1","","",1.577,,"",
"","100000008020850","FHS1","","",0.604,,"",
"","100000008019754","FHS1","","",0.6162,,"",
"","100000008019931","FHS1","","",0.5953,,"",
"","100000008020178","FHS1","","",0.5645,,"",
"","100000008020326","FHS1","","",0.5855,,"",
"","100000008020580","FHS1","","",0.6934,,"",
"","100000008019932","FHS1","","",0.8232,,"",
"","100000008020094","FHS1","","",0.9172,,"",
"","100000008020327","FHS1","","",0.8802,,"",
"","100000008019553","FHS1","","",0.2826,,"",
"","100000008019841","FHS1","","",0.2281,,"",
"","100000008006086","FHS1","","",0.8008,,"",
"","100000008020014","FHS1","","",0.294,,"",
"","100000008020032","FHS1","","",0.6791,,"",
"","100000008020199","FHS1","","",0.3685,,"",
"","100000008020429","FHS1","","",0.99,,"",
"","100000008020602","FHS1","","",0.8032,,"",
"","100000008019673","FHS1","","",0.9832,,"",
"","100000008020114","FHS1","","",0.4332,,"",
"","100000008020348","FHS1","","",0.7585,,"",
"","100000008020774","FHS1","","",1.2281,,"",
"","100000008019571","FHS1","","",0.554,,"",
"","100000008019859","FHS1","","",0.3494,,"",
"","100000008019950","FHS1","","",0.7487,,"",
"","100000008020200","FHS1","","",0.2413,,"",
"","100000008009881","FHS1","","",0.4755,,"",
"","100000008020349","FHS1","","",0.3442,,"",
"","100000008020775","FHS1","","",0.2647,,"",
"","100000008019572","FHS1","","",0.4549,,"",
"","100000008020201","FHS1","","",1.327,,"",
"","100000008020603","FHS1","","",1.5311,,"",
"","100000007837201","FHS1","","",0.0981,,"",
"","100000007837200","FHS1","","",0.1343,,"",
"","100000007837206","FHS1","","",0.0981,,"",
"","100000008010127","FHS1","","",2.2925,,"",
"","100000008010669","FHS1","","",2.8621,,"",
"","100000008010045","FHS1","","",1.9723,,"",
"","100000008010600","FHS1","","",3.124,,"",
"","100000008036461","FHS1","","",41.8945,,"",
"","100000008019674","FHS1","","",0.3374,,"",
"","100000008019861","FHS1","","",0.686,,"",
"","100000008020274","FHS1","","",0.8202,,"",
"","100000008023204","INN1","","",0.2701694,,"",
"","100000008023351","INN1","","",0.2701694,,"",
"","100000008023599","INN1","","",0.2701694,,"",
"","100000008022543","INN1","","",0.2701694,,"",
"","100000008022703","INN1","","",0.213871111,,"",
"","100000008023389","INN1","","",0.176999172,,"",
"","100000008023541","INN1","","",0.198005481,,"",
"","100000008022647","INN1","","",0.185335542,,"",
"","100000008022802","INN1","","",0.296567471,,"",
"","100000008023031","INN1","","",0.176513684,,"",
"","100000008023168","INN1","","",0.176422729,,"",
"","100000008021009","INN1","","",1.940504736,,"",
"","100000008021449","INN1","","",15.35713032,,"",
"","100000008021481","INN1","","",26.1847646,,"",
"","100000008036408","INN1","","",62.91779671,,"",
"","100000008036376","INN1","","",39.66523573,,"",
"","100000008036792","INN1","","",67.00493717,,"",
"","100000008028242","INN1","","",12.80102097,,"",
"","100000008028471","INN1","","",10.83232243,,"",
"","100000008028619","INN1","","",13.275129,,"",
"","100000008028838","INN1","","",12.17682701,,"",
"","100000008017113","INN1","","",6.81256996,,"",
"","100000008011230","INN1","","",3.647275296,,"",
"","100000008011491","INN1","","",2.437685439,,"",
"","100000008012415","INN1","","",7.153637976,,"",
"","100000008011052","INN1","","",7.813089488,,"",
"","100000008010884","INN1","","",11.7839916,,"",
"","100000008010494","INN1","","",0.503730936,,"",
"","100000008010700","INN1","","",0.4013396,,"",
"","100000008009362","INN1","","",7.251531143,,"",
"","100000008009629","INN1","","",9.656,,"",
"","100000008008780","INN1","","",0.6146284,,"",
"","100000008008974","INN1","","",0.565612087,,"",
"","100000008009074","INN1","","",1.257266,,"",
"","100000008008107","INN1","","",4.209796,,"",
"","100000008006790","INN1","","",8.852517378,,"",
"","100000008022936","INN1","","",0.2701694,,"",
"","100000008023390","INN1","","",0.175946714,,"",
"","100000008038576","INN1","","",3.003617881,,"",
"","100000008038764","INN1","","",3.948468141,,"",
"","100000008039031","INN1","","",3.763828647,,"",
"","100000008037863","INN1","","",3.374520802,,"",
"","100000008038083","INN1","","",4.119270208,,"",
"","100000008037486","INN1","","",52.64939335,,"",
"","100000008036646","INN1","","",81.7434277,,"",
"","100000008036906","INN1","","",104.1130893,,"",
"","100000008037275","INN1","","",49.00722169,,"",
"","100000008037547","INN1","","",63.56921496,,"",
"","100000008036647","INN1","","",39.20607654,,"",
"","100000008036817","INN1","","",105.3627584,,"",
"","100000008037096","INN1","","",132.3238314,,"",
"","100000008037276","INN1","","",138.0981522,,"",
"","100000008036924","INN1","","",85.19902265,,"",
"","100000008037112","INN1","","",111.2502691,,"",
"","100000008037255","INN1","","",33.37035192,,"",
"","100000008011198","INN1","","",0.837767432,,"",
"","100000307493554","INN1","","",1.5547,,"",
"","100000008010644","INN1","","",2.465664,,"",
"","100000008009862","INN1","","",5.507748175,,"",
"","100000008003106","INN1","","",3.359672,,"",
"","100000008002757","INN1","","",136.3016672,,"",
"","100000008010643","INN1","","",0.339341,,"",
"","100000008010788","INN1","","",0.3481284,,"",
"","100000008009432","INN1","","",0.679748,,"",
"","100000008008278","INN1","","",2.36807064,,"",
"","100000008008709","INN1","","",0.578340963,,"",
"","100000008008326","INN1","","",1.064319272,,"",
"","100000008005009","INN1","","",197.8608514,,"",
"","100000008005184","INN1","","",45.60238794,,"",
"","100000008024035","INN1","","",23.229828,,"",
"","100000008024709","INN1","","",2.019784896,,"",
"","100000008037382","INN1","","",252.5208221,,"",
"","100000008037569","INN1","","",1.17282,,"",
"","100000008036732","INN1","","",106.0653381,,"",
"","100000008037000","INN1","","",79.48067512,,"",
"","100000008037365","INN1","","",137.76978,,"",
"","100000008006916","INN1","","",316.0589328,,"",
"","100000008005361","INN1","","",35.86361112,,"",
"","100000008003988","INN1","","",4.696077,,"",
"","100000008038120","INN1","","",2.829528523,,"",
"","100000008013213","INN1","","",0.422219272,,"",
"","100000008013446","INN1","","",1.151748,,"",
"","100000008013603","INN1","","",0.84157704,,"",
"","100000008012734","INN1","","",0.505504,,"",
"","100000008013545","INN1","","",0.686804306,,"",
"","100000008031092","INN1","","",0.742206353,,"",
"","100000008031586","INN1","","",0.896452,,"",
"","100000008030904","INN1","","",0.465506796,,"",
"","100000008031253","INN1","","",4.94397991,,"",
"","100000008031444","INN1","","",5.447713235,,"",
"","100000008031815","INN1","","",7.690360986,,"",
"","100000008030169","INN1","","",0.402261071,,"",
"","100000008029846","INN1","","",0.404008048,,"",
"","100000008030323","INN1","","",9.814307232,,"",
"","100000008030051","INN1","","",1.985906038,,"",
"","100000008029635","INN1","","",64.34811504,,"",
"","100000008029824","INN1","","",79.03687536,,"",
"","100000008008033","INN1","","",16.55101512,,"",
"","100000007999710","INN1","","",27.5850252,,"",
"","100000007999069","INN1","","",17.2990836,,"",
"","100000007999283","INN1","","",24.87327696,,"",
"","100000007999840","INN1","","",20.075492,,"",
"","100000007998686","INN1","","",74.24579664,,"",
"","100000007999196","INN1","","",79.76280168,,"",
"","100000007927320","INN1","","",0.498232,,"",
"","100000007927263","INN1","","",0.4289506,,"",
"","100000007927281","INN1","","",0.5157072,,"",
"","100000008012505","INN1","","",1.339848,,"",
"","100000008012914","INN1","","",0.994504,,"",
"","100000008013236","INN1","","",1.959439,,"",
"","100000008013469","INN1","","",0.667766843,,"",
"","100000008012753","INN1","","",1.557303472,,"",
"","100000008012915","INN1","","",0.842248282,,"",
"","100000008030634","INN1","","",1.5601412,,"",
"","100000008030811","INN1","","",3.0748236,,"",
"","100000008031094","INN1","","",1.009221564,,"",
"","100000008031291","INN1","","",1.6002676,,"",
"","100000008031587","INN1","","",2.315342341,,"",
"","100000008031682","INN1","","",1.688977835,,"",
"","100000008030781","INN1","","",8.608282889,,"",
"","100000008031254","INN1","","",11.51365832,,"",
"","100000008029806","INN1","","",5.533495344,,"",
"","100000008030052","INN1","","",1.6914312,,"",
"","100000008030211","INN1","","",2.529413136,,"",
"","100000008030435","INN1","","",2.564172336,,"",
"","100000008030394","INN1","","",70.33295582,,"",
"","100000008006938","INN1","","",0.9525944,,"",
"","100000007998391","INN1","","",44.91505426,,"",
"","100000007998745","INN1","","",16.85024251,,"",
"","100000007999614","INN1","","",12.6236556,,"",
"","100000007998323","INN1","","",33.8537664,,"",
"","100000007998574","INN1","","",0.956281358,,"",
"","100000007998324","INN1","","",3.101255183,,"",
"","100000007998575","INN1","","",1.890456192,,"",
"","100000007998855","INN1","","",1.739259216,,"",
"","100000008019578","INN1","","",669.5084966,,"",
"","100000007927275","INN1","","",0.362224876,,"",
"","100000008025996","INN1","","",15.78226927,,"",
"","100000008013163","INN1","","",2.0051824,,"",
"","100000008025212","INN1","","",3.488612293,,"",
"","100000008025602","INN1","","",2.5433,,"",
"","100000008026499","INN1","","",8.9288422,,"",
"","100000008027027","INN1","","",2.22297928,,"",
"","100000008027336","INN1","","",3.551862,,"",
"","100000008027544","INN1","","",5.4053256,,"",
"","100000008027828","INN1","","",5.3433902,,"",
"","100000008026518","INN1","","",4.970941,,"",
"","100000008026960","INN1","","",6.237698929,,"",
"","100000008023040","INN1","","",0.1829624,,"",
"","100000008023258","INN1","","",0.302501,,"",
"","100000007999986","INN1","","",4.48841088,,"",
"","100000008000265","INN1","","",20.08739715,,"",
"","100000008000838","INN1","","",119.6909568,,"",
"","100000007999892","INN1","","",38.8795896,,"",
"","100000008000823","INN1","","",71.77271846,,"",
"","100000007998325","INN1","","",0.796926632,,"",
"","100000008016394","INN1","","",82.06311226,,"",
"","100000007927285","INN1","","",0.6932082,,"",
"","100000007927305","INN1","","",0.3136628,,"",
"","100000007928450","INN1","","",1.140804432,,"",
"","100000007928470","INN1","","",0.520196548,,"",
"","100000008025726","INN1","","",5.347342767,,"",
"","100000008025812","INN1","","",5.119857137,,"",
"","100000008025857","INN1","","",2.435159,,"",
"","100000008026038","INN1","","",2.5635424,,"",
"","100000008026304","INN1","","",3.012694,,"",
"","100000008026472","INN1","","",2.2047802,,"",
"","100000008026751","INN1","","",3.219496274,,"",
"","100000008026930","INN1","","",2.573347187,,"",
"","100000008027442","INN1","","",3.475494376,,"",
"","100000008027735","INN1","","",5.5289636,,"",
"","100000008027941","INN1","","",4.095717677,,"",
"","100000008027805","INN1","","",12.7120945,,"",
"","100000008027992","INN1","","",6.9363372,,"",
"","100000008027416","INN1","","",41.31421267,,"",
"","100000008000761","INN1","","",5.635968708,,"",
"","100000008010987","INN1","","",55.1700504,,"",
"","100000008023297","INN1","","",0.709572945,,"",
"","100000008023445","INN1","","",0.699409396,,"",
"","100000008022463","INN1","","",0.72143858,,"",
"","100000008022623","INN1","","",0.764383069,,"",
"","100000008022861","INN1","","",0.700428377,,"",
"","100000008023011","INN1","","",0.843314188,,"",
"","100000008023223","INN1","","",0.699409396,,"",
"","100000008023465","INN1","","",0.89403388,,"",
"","100000008023624","INN1","","",1.00699519,,"",
"","100000008022648","INN1","","",0.823384742,,"",
"","100000008022884","INN1","","",0.8882084,,"",
"","100000008023032","INN1","","",0.811959,,"",
"","100000008023243","INN1","","",0.7321134,,"",
"","100000008023391","INN1","","",0.8769816,,"",
"","100000008023625","INN1","","",0.791143,,"",
"","100000008028190","INN1","","",13.51184069,,"",
"","100000008028645","INN1","","",18.33678,,"",
"","100000008029024","INN1","","",16.5694725,,"",
"","100000008028271","INN1","","",15.23116378,,"",
"","100000008010233","INN1","","",100.9892448,,"",
"","100000008010890","INN1","","",6.533426272,,"",
"","100000008009964","INN1","","",9.864259056,,"",
"","100000008010185","INN1","","",0.427668,,"",
"","100000008008954","INN1","","",0.680135,,"",
"","100000008009253","INN1","","",0.734348,,"",
"","100000008009433","INN1","","",3.164462672,,"",
"","100000008009681","INN1","","",2.407531774,,"",
"","100000008008370","INN1","","",4.155250224,,"",
"","100000008011200","INN1","","",105.0849197,,"",
"","100000008008805","INN1","","",0.919081,,"",
"","100000008008522","INN1","","",1.129416744,,"",
"","100000008008614","INN1","","",4.124668,,"",
"","100000008007692","INN1","","",4.325562792,,"",
"","100000008007434","INN1","","",4.122479026,,"",
"","100000007929590","INN1","","",0.620685884,,"",
"","100000007929549","INN1","","",8.331183516,,"",
"","100000007913037","NSR1","","",0.5074,,"",
"","100000007913096","NSR1","","",0.081,,"",
"","100000007913130","NSR1","","",0.0176,,"",
"","100000007913030","NSR1","","",0.2252,,"",
"","100000007899816","NSR1","","",0.097,,"",
"","100000007899828","NSR1","","",0.1018,,"",
"","100000007899750","NSR1","","",0.1048,,"",
"","100000007899751","NSR1","","",0.1815,,"",
"","100000007912999","NSR1","","",0.6541,,"",
"","100000007913014","NSR1","","",0.0916,,"",
"","100000007912912","NSR1","","",0.018,,"",
"","100000007913777","NSR1","","",0.0667,,"",
"","100000007913801","NSR1","","",0.3523,,"",
"","100000007913829","NSR1","","",0.0199,,"",
"","100000007913852","NSR1","","",0.1843,,"",
"","100000008004394","NSR1","","",1.9763,,"",
"","100000008005279","NSR1","","",0.0856,,"",
"","100000008004049","NSR1","","",0.1006,,"",
"","100000007979361","NSR1","","",4.8527,,"",
"","100000007951682","NSR1","","",18.3687,,"",
"","100000007951721","NSR1","","",26.7666,,"",
"","100000007951675","NSR1","","",49.0964,,"",
"","100000007958349","NSR1","","",1.7186,,"",
"","100000007958101","NSR1","","",1.5063,,"",
"","100000008022805","NSR1","","",16.79,,"",
"","100000008023174","NSR1","","",20.51,,"",
"","100000008018176","NSR1","","",0.202,,"",
"","100000007900631","NSR1","","",0.0602,,"",
"","100000007900635","NSR1","","",0.0906,,"",
"","100000007900640","NSR1","","",0.1182,,"",
"","100000007900614","NSR1","","",0.1184,,"",
"","100000007900624","NSR1","","",0.2438,,"",
"","100000007913747","NSR1","","",0.0227,,"",
"","100000007913764","NSR1","","",1.0776,,"",
"","100000007913809","NSR1","","",3.1313,,"",
"","100000007913708","NSR1","","",0.1316,,"",
"","100000007913732","NSR1","","",0.0276,,"",
"","100000007913765","NSR1","","",0.4013,,"",
"","100000007896594","NSR1","","",0.977,,"",
"","100000007896615","NSR1","","",0.66,,"",
"","100000008005012","NSR1","","",0.1276,,"",
"","100000008005191","NSR1","","",0.1507,,"",
"","100000008004489","NSR1","","",0.1906,,"",
"","100000008025510","NSR1","","",2.3492,,"",
"","100000008027943","NSR1","","",4.3448,,"",
"","100000008004794","NSR1","","",1.0966,,"",
"","100000007951747","NSR1","","",9.8226,,"",
"","100000007951759","NSR1","","",10.6914,,"",
"","100000007951698","NSR1","","",12.6538,,"",
"","100000007980821","NSR1","","",145.2714,,"",
"","100000007958237","NSR1","","",1.3911,,"",
"","100000007958082","NSR1","","",1.6489,,"",
"","100000008018502","NSR1","","",0.7329,,"",
"","100000008018663","NSR1","","",0.8472,,"",
"","100000008018338","NSR1","","",0.4674,,"",
"","100000008019077","NSR1","","",0.3894,,"",
"","100000008036925","NSR1","","",0.247,,"",
"","100000008036513","NSR1","","",0.15,,"",
"","100000008036759","NSR1","","",0.1732,,"",
"","100000008036936","NSR1","","",0.1835,,"",
"","100000008037394","NSR1","","",0.2077,,"",
"","100000008037607","NSR1","","",0.1008,,"",
"","100000008037787","NSR1","","",0.1112,,"",
"","100000007900632","NSR1","","",0.196,,"",
"","100000007900637","NSR1","","",0.0586,,"",
"","100000007900641","NSR1","","",0.0594,,"",
"","100000007894754","NSR1","","",0.143,,"",
"","100000007901075","NSR1","","",0.1084,,"",
"","100000007901109","NSR1","","",0.513,,"",
"","100000007901160","NSR1","","",0.2294,,"",
"","100000007901189","NSR1","","",1.7476,,"",
"","100000007901234","NSR1","","",0.4478,,"",
"","100000007896589","NSR1","","",0.4501,,"",
"","100000008005058","NSR1","","",0.1273,,"",
"","100000008005230","NSR1","","",0.1554,,"",
"","100000008004540","NSR1","","",0.2323,,"",
"","100000008004712","NSR1","","",0.292,,"",
"","100000008004019","NSR1","","",0.3589,,"",
"","100000008004189","NSR1","","",0.3189,,"",
"","100000008026522","NSR1","","",21.06,,"",
"","100000007955545","NSR1","","",5.6273,,"",
"","100000007955933","NSR1","","",4.72,,"",
"","100000008037420","NSR1","","",0.1305,,"",
"","100000008037696","NSR1","","",0.0882,,"",
"","100000008037700","NSR1","","",0.2726,,"",
"","100000008035342","NSR1","","",0.4307,,"",
"","100000008035883","NSR1","","",0.7463,,"",
"","100000007894723","NSR1","","",0.0944,,"",
"","100000007894749","NSR1","","",0.678,,"",
"","100000007894797","NSR1","","",0.312,,"",
"","100000007894895","NSR1","","",0.4742,,"",
"","100000007902964","NSR1","","",0.052,,"",
"","100000007903018","NSR1","","",0.33,,"",
"","100000007903093","NSR1","","",0.0199,,"",
"","100000007902780","NSR1","","",0.1527,,"",
"","100000008026671","NSR1","","",22.73,,"",
"","100000007955999","NSR1","","",3.554,,"",
"","100000007955920","NSR1","","",0.7838,,"",
"","100000007956687","NSR1","","",3.18,,"",
"","100000007956728","NSR1","","",3.22,,"",
"","100000007956755","NSR1","","",3.96,,"",
"","100000007956771","NSR1","","",6.04,,"",
"","100000008021668","NSR1","","",3.59,,"",
"","100000008022147","NSR1","","",26.8394,,"",
"","100000008028079","NSR1","","",2.1494,,"",
"","100000008028693","NSR1","","",5.0977,,"",
"","100000008035056","NSR1","","",0.3591,,"",
"","100000008035609","NSR1","","",0.8017,,"",
"","100000007894873","NSR1","","",0.1146,,"",
"","100000007894882","NSR1","","",1.8404,,"",
"","100000007894886","NSR1","","",0.247,,"",
"","100000007894894","NSR1","","",0.1686,,"",
"","100000007894871","NSR1","","",1.0058,,"",
"","100000007910802","NSR1","","",0.0637,,"",
"","100000007902831","NSR1","","",0.8556,,"",
"","100000007902896","NSR1","","",0.023,,"",
"","100000007903092","NSR1","","",0.2201,,"",
"","100000007902752","NSR1","","",0.0497,,"",
"","100000007902873","NSR1","","",0.091,,"",
"","100000007902937","NSR1","","",0.0674,,"",
"","100000007902990","NSR1","","",0.4141,,"",
"","100000008001578","NSR1","","",0.9826,,"",
"","100000008001858","NSR1","","",0.919,,"",
"","100000008002319","NSR1","","",1.1528,,"",
"","100000008020526","NSR1","","",0.0859,,"",
"","100000008020438","NSR1","","",0.0271,,"",
"","100000007955806","NSR1","","",2.3255,,"",
"","100000007957395","NSR1","","",12.2786,,"",
"","100000007957270","NSR1","","",34.73,,"",
"","100000007957301","NSR1","","",10.61,,"",
"","100000007957321","NSR1","","",12.76,,"",
"","100000007957350","NSR1","","",17.28,,"",
"","100000007956797","NSR1","","",5.5748,,"",
"","100000007956815","NSR1","","",5.409,,"",
"","100000007956704","NSR1","","",5.9,,"",
"","100000007956743","NSR1","","",3.3643,,"",
"","100000007956787","NSR1","","",3.757,,"",
"","100000007956806","NSR1","","",5.1914,,"",
"","100000007956756","NSR1","","",10.3242,,"",
"","100000008017187","NSR1","","",1.0462,,"",
"","100000008017489","NSR1","","",1.2436,,"",
"","100000008034988","NSR1","","",1.62,,"",
"","100000007891014","NSR1","","",0.1672,,"",
"","100000008028519","NSR1","","",2.27,,"",
"","100000008028884","NSR1","","",2.27,,"",
"","100000008029042","NSR1","","",4.6,,"",
"","100000008028956","NSR1","","",3.31,,"",
"","100000007902874","NSR1","","",0.46,,"",
"","100000007902917","NSR1","","",0.1381,,"",
"","100000007902939","NSR1","","",1,,"",
"","100000007902992","NSR1","","",0.1752,,"",
"","100000007903042","NSR1","","",0.1616,,"",
"","100000007903068","NSR1","","",0.86,,"",
"","100000008000965","NSR1","","",0.9834,,"",
"","100000008000809","NSR1","","",0.9834,,"",
"","100000008000328","NSR1","","",1.5458,,"",
"","100000007957374","NSR1","","",11.3782,,"",
"","100000007957396","NSR1","","",16.3246,,"",
"","100000007957281","NSR1","","",16.04,,"",
"","100000007957273","NSR1","","",20.596,,"",
"","100000007957293","NSR1","","",19.1688,,"",
"","100000007957347","NSR1","","",8.3555,,"",
"","100000007957387","NSR1","","",6.337,,"",
"","100000007957258","NSR1","","",7.1534,,"",
"","100000007957294","NSR1","","",9.9216,,"",
"","100000007956781","NSR1","","",16.59,,"",
"","100000007956798","NSR1","","",2.98,,"",
"","100000007956689","NSR1","","",3.65,,"",
"","100000007956705","NSR1","","",6.14,,"",
"","100000007956744","NSR1","","",9.3844,,"",
"","100000007956772","NSR1","","",5.7025,,"",
"","100000007956710","NSR1","","",12.6614,,"",
"","100000007956733","NSR1","","",11.1032,,"",
"","100000007956612","NSR1","","",7.2551,,"",
"","100000007956601","NSR1","","",7.23,,"",
"","100000008017698","NSR1","","",1.2436,,"",
"","100000008017966","NSR1","","",1.9246,,"",
"","100000008016677","NSR1","","",1.9246,,"",
"","100000008016917","NSR1","","",3.684,,"",
"","100000008017091","NSR1","","",3.684,,"",
"","100000008017388","NSR1","","",3.8095,,"",
"","100000008017597","NSR1","","",3.94,,"",
"","100000008018048","NSR1","","",4.8958,,"",
"","100000008018059","NSR1","","",15.81,,"",
"","100000008013041","NSR1","","",1.931,,"",
"","100000008013121","NSR1","","",1.9,,"",
"","100000007891008","NSR1","","",0.3926,,"",
"","100000007891016","NSR1","","",0.0987,,"",
"","100000007890985","NSR1","","",0.1868,,"",
"","100000007890987","NSR1","","",0.13,,"",
"","100000007891090","NSR1","","",0.3156,,"",
"","100000007912515","NSR1","","",0.3804,,"",
"","100000007912579","NSR1","","",0.2574,,"",
"","100000007912769","NSR1","","",0.6938,,"",
"","100000007912544","NSR1","","",0.5482,,"",
"","100000007912612","NSR1","","",0.188,,"",
"","100000008028520","NSR1","","",1.79,,"",
"","100000007911577","NSR1","","",0.3458,,"",
"","100000007911629","NSR1","","",0.2012,,"",
"","100000007912391","NSR1","","",0.259,,"",
"","100000007957339","NSR1","","",6.66,,"",
"","100000007957185","NSR1","","",7.3046,,"",
"","100000007957211","NSR1","","",15.0496,,"",
"","100000007957255","NSR1","","",9.58,,"",
"","100000007957128","NSR1","","",11.0715,,"",
"","100000007957178","NSR1","","",12.325,,"",
"","100000007957198","NSR1","","",8.0698,,"",
"","100000007979434","NSR1","","",4.8527,,"",
"","100000007981494","NSR1","","",5.951,,"",
"","100000007981572","NSR1","","",5.951,,"",
"","100000007958059","NSR1","","",8.24,,"",
"","100000007957997","NSR1","","",13.55,,"",
"","100000007958038","NSR1","","",26.25,,"",
"","100000007957542","NSR1","","",0.7835,,"",
"","100000007957585","NSR1","","",0.209,,"",
"","100000007957487","NSR1","","",9.1147,,"",
"","100000007957501","NSR1","","",12.2782,,"",
"","100000007957536","NSR1","","",1.6362,,"",
"","100000007957421","NSR1","","",3.4344,,"",
"","100000007957463","NSR1","","",0.6234,,"",
"","100000007957488","NSR1","","",0.62,,"",
"","100000007957502","NSR1","","",1.16,,"",
"","100000008017285","NSR1","","",7.8125,,"",
"","100000008018103","NSR1","","",18.1,,"",
"","100000008017993","NSR1","","",0.58,,"",
"","100000008013273","NSR1","","",1.61,,"",
"","100000008017359","NSR1","","",4.63,,"",
"","100000008017773","NSR1","","",16.62,,"",
"","100000007891359","NSR1","","",1.9667,,"",
"","100000007891440","NSR1","","",15.2066,,"",
"","100000007913048","NSR1","","",0.037,,"",
"","100000007913074","NSR1","","",0.0256,,"",
"","100000007913097","NSR1","","",0.1485,,"",
"","100000007913114","NSR1","","",0.058,,"",
"","100000007913139","NSR1","","",0.3546,,"",
"","100000007913031","NSR1","","",0.108,,"",
"","100000007912918","NSR1","","",0.0174,,"",
"","100000007913015","NSR1","","",0.01,,"",
"","100000007912192","NSR1","","",0.1554,,"",
"","100000007912348","NSR1","","",0.4324,,"",
"","100000007981625","NSR1","","",5.951,,"",
"","100000007981471","NSR1","","",6.8702,,"",
"","100000007981547","NSR1","","",6.8702,,"",
"","100000007981600","NSR1","","",6.9795,,"",
"","100000007981445","NSR1","","",9.4452,,"",
"","100000007981521","NSR1","","",9.4452,,"",
"","100000007957610","NSR1","","",0.2388,,"",
"","100000007957631","NSR1","","",0.3762,,"",
"","100000007957527","NSR1","","",0.779,,"",
"","100000007957416","NSR1","","",1.367,,"",
"","100000007957677","NSR1","","",0.1193,,"",
"","100000007957692","NSR1","","",0.1551,,"",
"","100000008016652","NSR1","","",5.22,,"",
"","100000008016892","NSR1","","",5.22,,"",
"","100000008016780","NSR1","","",0.7604,,"",
"","100000008016941","NSR1","","",1.4892,,"",
"","100000008017207","NSR1","","",2.093,,"",
"","100000007933347","INN1","","",0.412691555,,"",
"","100000007932016","NAT1","","",0.1415,,"",
"","100000007932036","NAT1","","",0.2753,,"",
"","100000007932070","NAT1","","",0.1075,,"",
"","100000007930022","INN1","","",0.233863687,,"",
"","100000007929868","INN1","","",0.1738262,,"",
"","100000007930679","INN1","","",28.08997142,,"",
"","100000007930267","INN1","","",46.232757,,"",
"","100000007930288","INN1","","",2.511488825,,"",
"","100000007930191","INN1","","",5.554408464,,"",
"","100000007944201","NAT1","","",0.6994,,"",
"","100000007945969","NAT1","","",0.2284,,"",
"","100000007945991","NAT1","","",0.1827,,"",
"","100000007946005","NAT1","","",0.1191,,"",
"","100000007946025","NAT1","","",0.2785,,"",
"","100000007946039","NAT1","","",0.2852,,"",
"","100000007945963","NAT1","","",0.3427,,"",
"","100000007945977","NAT1","","",0.3046,,"",
"","100000007945997","NAT1","","",0.4514,,"",
"","100000007944272","NAT1","","",0.6342,,"",
"","100000007944306","NAT1","","",0.7231,,"",
"","100000007944131","NAT1","","",0.8333,,"",
"","100000007942950","NAT1","","",0.2132,,"",
"","100000007942966","NAT1","","",0.2871,,"",
"","100000007942991","NAT1","","",0.2391,,"",
"","100000007941877","NAT1","","",1.4118,,"",
"","100000007941903","NAT1","","",1.5099,,"",
"","100000007941875","NAT1","","",1.6237,,"",
"","100000007941901","NAT1","","",1.7878,,"",
"","100000007941916","NAT1","","",1.8791,,"",
"","100000007942674","NAT1","","",1.7573,,"",
"","100000007933376","INN1","","",0.1580762,,"",
"","100000007934122","INN1","","",69.85639859,,"",
"","100000007934156","INN1","","",50.75468532,,"",
"","100000007934173","INN1","","",5.63107464,,"",
"","100000007934188","INN1","","",5.86131296,,"",
"","100000007934206","INN1","","",5.662588396,,"",
"","100000007934116","INN1","","",5.1429708,,"",
"","100000007934135","INN1","","",5.291984774,,"",
"","100000007934149","INN1","","",5.1429708,,"",
"","100000007934168","INN1","","",5.13950752,,"",
"","100000007932909","NAT1","","",0.6338,,"",
"","100000007932922","NAT1","","",0.7712,,"",
"","100000007933630","NAT1","","",0.9572,,"",
"","100000007933516","NAT1","","",1.3654,,"",
"","100000007932107","NAT1","","",0.1579,,"",
"","100000007932018","NAT1","","",0.1079,,"",
"","100000007929798","INN1","","",0.3252676,,"",
"","100000007929820","INN1","","",0.238117,,"",
"","100000007929862","INN1","","",0.1855756,,"",
"","100000007929878","INN1","","",0.1396616,,"",
"","100000007930745","INN1","","",0.008585124,,"",
"","100000007931728","INN1","","",0.202980386,,"",
"","100000007931668","INN1","","",0.327555024,,"",
"","100000007931685","INN1","","",0.3247858,,"",
"","100000007931313","INN1","","",0.228294699,,"",
"","100000007946011","NAT1","","",0.4961,,"",
"","100000007946029","NAT1","","",0.5428,,"",
"","100000007945957","NAT1","","",0.1418,,"",
"","100000007945970","NAT1","","",0.5787,,"",
"","100000007946006","NAT1","","",1.1716,,"",
"","100000007944076","NAT1","","",0.8565,,"",
"","100000007945214","NAT1","","",0.8145,,"",
"","100000007945087","NAT1","","",1.0431,,"",
"","100000007945119","NAT1","","",0.9747,,"",
"","100000007942690","NAT1","","",1.7242,,"",
"","100000007942728","NAT1","","",2.067,,"",
"","100000007942768","NAT1","","",2.2407,,"",
"","100000007934200","INN1","","",59.51595384,,"",
"","100000007934142","INN1","","",6.524203,,"",
"","100000007934157","INN1","","",5.1429708,,"",
"","100000007930536","INN1","","",1.120197916,,"",
"","100000007930463","INN1","","",1.168857,,"",
"","100000007930357","INN1","","",0.179383838,,"",
"","100000007930365","INN1","","",0.3274786,,"",
"","100000007933531","NAT1","","",1.2004,,"",
"","100000007931017","INN1","","",0.343611479,,"",
"","100000007931039","INN1","","",0.3291912,,"",
"","100000007930978","INN1","","",0.1690506,,"",
"","100000007930851","INN1","","",0.1888664,,"",
"","100000007930903","INN1","","",0.3012168,,"",
"","100000007931641","INN1","","",0.2360974,,"",
"","100000007931659","INN1","","",0.2048522,,"",
"","100000007931686","INN1","","",0.246612456,,"",
"","100000007931713","INN1","","",0.3154712,,"",
"","100000007931730","INN1","","",0.044329,,"",
"","100000007931615","INN1","","",0.034085,,"",
"","100000007931631","INN1","","",0.1059268,,"",
"","100000007941472","NAT1","","",5.2323,,"",
"","100000007941407","NAT1","","",5.7665,,"",
"","100000007945968","NAT1","","",1.1792,,"",
"","100000007945989","NAT1","","",1.1949,,"",
"","100000007946003","NAT1","","",1.4539,,"",
"","100000007945949","NAT1","","",0.5029,,"",
"","100000007945964","NAT1","","",1.5978,,"",
"","100000007945983","NAT1","","",2.1579,,"",
"","100000007943348","NAT1","","",0.3816,,"",
"","100000007944563","NAT1","","",1.0728,,"",
"","100000007944585","NAT1","","",1.174,,"",
"","100000007944597","NAT1","","",1.3682,,"",
"","100000007931254","INN1","","",0.1348188,,"",
"","100000007930992","INN1","","",0.521766911,,"",
"","100000007932263","INN1","","",0.1322374,,"",
"","100000007932304","INN1","","",0.1477976,,"",
"","100000007930932","INN1","","",0.2366856,,"",
"","100000007933053","INN1","","",0.1722254,,"",
"","100000007933075","INN1","","",0.12096,,"",
"","100000007932928","INN1","","",0.049535951,,"",
"","100000007941281","NAT1","","",7.0785,,"",
"","100000007941365","NAT1","","",3.5863,,"",
"","100000007946016","NAT1","","",2.3982,,"",
"","100000007946038","NAT1","","",2.3497,,"",
"","100000007945942","NAT1","","",2.669,,"",
"","100000007945978","NAT1","","",2.86,,"",
"","100000007945937","NAT1","","",0.156,,"",
"","100000007942124","NAT1","","",0.218,,"",
"","100000007940114","NAT1","","",0.4458,,"",
"","100000007940124","NAT1","","",1.0751,,"",
"","100000007944544","NAT1","","",0.5211,,"",
"","100000007944555","NAT1","","",1.5203,,"",
"","100000007943643","NAT1","","",0.4249,,"",
"","100000007943682","NAT1","","",0.6338,,"",
"","100000007931193","INN1","","",0.059222088,,"",
"","100000007931214","INN1","","",0.058529432,,"",
"","100000007931118","INN1","","",0.084504032,,"",
"","100000007931136","INN1","","",0.09870348,,"",
"","100000007931765","INN1","","",3.1976622,,"",
"","100000007931785","INN1","","",3.251364,,"",
"","100000007931855","INN1","","",2.7590824,,"",
"","100000007931872","INN1","","",4.3701848,,"",
"","100000007931758","INN1","","",2.8340244,,"",
"","100000007931773","INN1","","",0.1401644,,"",
"","100000007932322","INN1","","",0.2646078,,"",
"","100000007932381","INN1","","",0.2184006,,"",
"","100000007932394","INN1","","",0.11073,,"",
"","100000007932414","INN1","","",0.2248752,,"",
"","100000007932426","INN1","","",0.1960266,,"",
"","100000007932448","INN1","","",0.4296324,,"",
"","100000007932365","INN1","","",0.045765,,"",
"","100000007932382","INN1","","",0.0302528,,"",
"","100000007932401","INN1","","",0.0229482,,"",
"","100000007932427","INN1","","",0.0253502,,"",
"","100000007933114","INN1","","",0.0343124,,"",
"","100000007933133","INN1","","",0.032661089,,"",
"","100000007933154","INN1","","",0.028224473,,"",
"","100000007933110","INN1","","",0.077236794,,"",
"","100000007932782","INN1","","",0.0609044,,"",
"","100000007932982","INN1","","",0.1215968,,"",
"","100000007932995","INN1","","",0.0835114,,"",
"","100000007933016","INN1","","",0.1004756,,"",
"","100000007933031","INN1","","",0.0784748,,"",
"","100000007932943","INN1","","",0.1059606,,"",
"","100000007941408","NAT1","","",3.5707,,"",
"","100000007941268","NAT1","","",3.802,,"",
"","100000007941333","NAT1","","",4.8407,,"",
"","100000007941355","NAT1","","",4.6657,,"",
"","100000007941386","NAT1","","",5.0521,,"",
"","100000007942152","NAT1","","",0.2474,,"",
"","100000007942169","NAT1","","",0.2674,,"",
"","100000007942193","NAT1","","",0.2893,,"",
"","100000007942209","NAT1","","",0.3449,,"",
"","100000007942227","NAT1","","",0.6726,,"",
"","100000007942153","NAT1","","",0.8815,,"",
"","100000007942194","NAT1","","",1.5222,,"",
"","100000007942219","NAT1","","",0.2476,,"",
"","100000007940177","NAT1","","",0.5311,,"",
"","100000007939944","NAT1","","",0.5165,,"",
"","100000007939971","NAT1","","",1.5917,,"",
"","100000007944591","NAT1","","",0.1521,,"",
"","100000007944605","NAT1","","",0.2258,,"",
"","100000007944518","NAT1","","",0.1814,,"",
"","100000007944557","NAT1","","",0.1176,,"",
"","100000007944578","NAT1","","",0.2416,,"",
"","100000007944592","NAT1","","",0.2819,,"",
"","100000007944612","NAT1","","",0.3106,,"",
"","100000007944519","NAT1","","",0.2944,,"",
"","100000007944823","NAT1","","",4.9127,,"",
"","100000007944856","NAT1","","",5.5374,,"",
"","100000007944783","NAT1","","",6.5559,,"",
"","100000007944754","NAT1","","",0.2917,,"",
"","100000007930748","INN1","","",0.140955496,,"",
"","100000007931824","INN1","","",0.175433224,,"",
"","100000007931864","INN1","","",0.2272242,,"",
"","100000007957688","INN1","","",95.5822665,,"",
"","100000007933229","NAT1","","",0.7129,,"",
"","100000007934055","INN1","","",0.411556,,"",
"","100000007933688","INN1","","",0.1678868,,"",
"","100000007932449","INN1","","",0.0621368,,"",
"","100000007932353","INN1","","",0.0375316,,"",
"","100000007932374","INN1","","",0.0365876,,"",
"","100000007932368","INN1","","",0.0689394,,"",
"","100000007932724","INN1","","",0.0711186,,"",
"","100000007932938","INN1","","",0.094888,,"",
"","100000007942114","NAT1","","",0.2705,,"",
"","100000007942128","NAT1","","",0.2902,,"",
"","100000007942129","NAT1","","",0.2728,,"",
"","100000007942151","NAT1","","",0.3504,,"",
"","100000007942177","NAT1","","",0.3917,,"",
"","100000007942192","NAT1","","",0.399,,"",
"","100000007942216","NAT1","","",0.4242,,"",
"","100000007942122","NAT1","","",0.5151,,"",
"","100000007940012","NAT1","","",0.2882,,"",
"","100000007940032","NAT1","","",0.3066,,"",
"","100000007940083","NAT1","","",0.3961,,"",
"","100000007941059","NAT1","","",1.2877,,"",
"","100000007940550","NAT1","","",1.4186,,"",
"","100000007940433","NAT1","","",1.3968,,"",
"","100000007940463","NAT1","","",1.4404,,"",
"","100000007940488","NAT1","","",2.3207,,"",
"","100000007940516","NAT1","","",1.7141,,"",
"","100000007940403","NAT1","","",2.4848,,"",
"","100000007944664","NAT1","","",0.3731,,"",
"","100000007944681","NAT1","","",0.3216,,"",
"","100000007944722","NAT1","","",0.4379,,"",
"","100000007944746","NAT1","","",0.4701,,"",
"","100000007944658","NAT1","","",0.5863,,"",
"","100000007944684","NAT1","","",0.541,,"",
"","100000007944699","NAT1","","",0.6239,,"",
"","100000007944724","NAT1","","",0.6522,,"",
"","100000007932984","INN1","","",0.0965162,,"",
"","100000007932930","INN1","","",0.093763,,"",
"","100000007933224","INN1","","",0.443140129,,"",
"","100000007933238","INN1","","",0.337758884,,"",
"","100000007931806","INN1","","",0.136259,,"",
"","100000007932025","INN1","","",0.1430602,,"",
"","100000007959161","INN1","","",8.46515376,,"",
"","100000007959199","INN1","","",129.709566,,"",
"","100000007933214","NAT1","","",0.7784,,"",
"","100000007933705","INN1","","",0.157123386,,"",
"","100000007933719","INN1","","",0.190262,,"",
"","100000007933635","INN1","","",0.290248,,"",
"","100000007933701","INN1","","",0.182901,,"",
"","100000007933713","INN1","","",0.25843271,,"",
"","100000007933968","INN1","","",1.1335842,,"",
"","100000007933882","INN1","","",0.989610227,,"",
"","100000007933915","INN1","","",0.361943242,,"",
"","100000007933684","INN1","","",0.30335,,"",
"","100000007933876","INN1","","",0.328875,,"",
"","100000007933888","INN1","","",0.531926374,,"",
"","100000007933908","INN1","","",0.777147,,"",
"","100000007943976","NAT1","","",0.6555,,"",
"","100000007943955","NAT1","","",0.1822,,"",
"","100000007943977","NAT1","","",0.2463,,"",
"","100000007943994","NAT1","","",0.2155,,"",
"","100000007944268","NAT1","","",1.308,,"",
"","100000007942167","NAT1","","",0.5925,,"",
"","100000007942976","NAT1","","",0.1043,,"",
"","100000007943048","NAT1","","",0.0874,,"",
"","100000007941758","NAT1","","",1.1168,,"",
"","100000007940454","NAT1","","",0.3169,,"",
"","100000007940478","NAT1","","",0.3471,,"",
"","100000007940507","NAT1","","",0.3961,,"",
"","100000007940529","NAT1","","",0.4393,,"",
"","100000007940561","NAT1","","",0.5097,,"",
"","100000007940414","NAT1","","",0.5186,,"",
"","100000007940496","NAT1","","",0.7784,,"",
"","100000007940453","NAT1","","",0.5474,,"",
"","100000007940506","NAT1","","",0.3241,,"",
"","100000007940560","NAT1","","",0.9669,,"",
"","100000007940412","NAT1","","",0.3745,,"",
"","100000007940432","NAT1","","",1.0281,,"",
"","100000007932996","INN1","","",0.0313824,,"",
"","100000007933257","INN1","","",0.403095645,,"",
"","100000007933164","INN1","","",0.300074902,,"",
"","100000007933242","INN1","","",0.2040894,,"",
"","100000007932114","NAT1","","",0.4609,,"",
"","100000007931875","NAT1","","",0.6984,,"",
"","100000007931762","NAT1","","",0.3605,,"",
"","100000007931775","NAT1","","",0.2261,,"",
"","100000007931851","NAT1","","",0.682,,"",
"","100000007932108","NAT1","","",0.07,,"",
"","100000007932038","NAT1","","",0.1026,,"",
"","100000007929763","INN1","","",0.333432744,,"",
"","100000007933663","INN1","","",0.190046,,"",
"","100000007933676","INN1","","",0.311755,,"",
"","100000007929899","INN1","","",0.2660648,,"",
"","100000007929791","INN1","","",0.189672,,"",
"","100000007929814","INN1","","",0.2095488,,"",
"","100000007933788","INN1","","",120.4390253,,"",
"","100000007933933","INN1","","",0.367326,,"",
"","100000007944017","NAT1","","",0.1203,,"",
"","100000007944032","NAT1","","",0.1944,,"",
"","100000007943964","NAT1","","",0.3017,,"",
"","100000007945198","NAT1","","",14.1226,,"",
"","100000007945215","NAT1","","",15.5666,,"",
"","100000007945088","NAT1","","",16.3971,,"",
"","100000007945138","NAT1","","",18.102,,"",
"","100000007944289","NAT1","","",1.6077,,"",
"","100000007944215","NAT1","","",1.7199,,"",
"","100000007944241","NAT1","","",1.3874,,"",
"","100000007942977","NAT1","","",0.1004,,"",
"","100000007943073","NAT1","","",0.1855,,"",
"","100000007940423","NAT1","","",0.3817,,"",
"","100000007940793","NAT1","","",1.2934,,"",
"","100000007940818","NAT1","","",0.4117,,"",
"","100000007940882","NAT1","","",0.4327,,"",
"","100000007940745","NAT1","","",0.4491,,"",
"","100000007940880","NAT1","","",0.5238,,"",
"","100000007933314","INN1","","",0.181057,,"",
"","100000007933327","INN1","","",0.2496298,,"",
"","100000007933384","INN1","","",0.68547125,,"",
"","100000007933279","INN1","","",1.393886857,,"",
"","100000007943655","SEE1","","",243.4184,,"",
"","100000007940093","SEE1","","",125.61,,"",
"","100000007939960","SEE1","","",143.64961,,"",
"","100000007939983","SEE1","","",149.174648,,"",
"","100000007940011","SEE1","","",162.261514,,"",
"","100000007940031","SEE1","","",159.511768,,"",
"","100000007940061","SEE1","","",182.206474,,"",
"","100000007940081","SEE1","","",273.260686,,"",
"","100000007941040","SEE1","","",315.002638,,"",
"","100000007941099","SEE1","","",445.835385,,"",
"","100000007945438","SEE1","","",8.641152,,"",
"","100000007945355","SEE1","","",32.0332,,"",
"","100000007945380","SEE1","","",9.5612,,"",
"","100000007945395","SEE1","","",4.79467,,"",
"","100000007945257","SEE1","","",12.6795,,"",
"","100000007945279","SEE1","","",5.3954,,"",
"","100000007945345","SEE1","","",24.6015,,"",
"","100000007945192","SEE1","","",37.3568,,"",
"","100000007945209","SEE1","","",231.954479,,"",
"","100000007939376","SEE1","","",5.8421,,"",
"","100000007977375","SEE1","","",3.4224,,"",
"","100000007977154","SEE1","","",1.0998,,"",
"","100000007977219","SEE1","","",0.562,,"",
"","100000007977314","SEE1","","",1.9758,,"",
"","100000007977376","SEE1","","",0.1508,,"",
"","100000007976995","SEE1","","",0.1008,,"",
"","100000007977092","SEE1","","",0.0642,,"",
"","100000007977252","SEE1","","",0.1212,,"",
"","100000007976013","SEE1","","",0.1678,,"",
"","100000007966996","SEE1","","",0.3304,,"",
"","100000007967037","SEE1","","",0.4807,,"",
"","100000007967091","SEE1","","",0.49491,,"",
"","100000007967125","SEE1","","",0.242,,"",
"","100000007969069","SEE1","","",0.258448,,"",
"","100000007968850","SEE1","","",0.162,,"",
"","100000007968240","SEE1","","",0.612682,,"",
"","100000007968282","SEE1","","",0.620814,,"",
"","100000007968348","SEE1","","",0.633944,,"",
"","100000007968447","SEE1","","",0.688422,,"",
"","100000007968305","SEE1","","",0.53865,,"",
"","100000007970239","SEE1","","",0.109,,"",
"","100000007970145","SEE1","","",0.1313,,"",
"","100000007970303","SEE1","","",0.1738,,"",
"","100000007970344","SEE1","","",0.2367,,"",
"","100000007969980","SEE1","","",0.0444,,"",
"","100000007972009","SEE1","","",0.507481,,"",
"","100000007972122","SEE1","","",0.732888,,"",
"","100000007972171","SEE1","","",1.074849,,"",
"","100000007971945","SEE1","","",1.013023,,"",
"","100000007969652","SEE1","","",0.0806,,"",
"","100000007969708","SEE1","","",0.083,,"",
"","100000007969797","SEE1","","",0.1168,,"",
"","100000007969858","SEE1","","",0.1062,,"",
"","100000007969952","SEE1","","",0.1006,,"",
"","100000007969547","SEE1","","",0.1228,,"",
"","100000007969679","SEE1","","",0.1542,,"",
"","100000007971768","SEE1","","",0.1768,,"",
"","100000007943730","SEE1","","",3.4662,,"",
"","100000007943755","SEE1","","",3.657,,"",
"","100000007943646","SEE1","","",6.413,,"",
"","100000007943670","SEE1","","",3.511728,,"",
"","100000007943684","SEE1","","",3.6676,,"",
"","100000007943710","SEE1","","",3.392,,"",
"","100000007943662","SEE1","","",3.6888,,"",
"","100000007940933","SEE1","","",17.376474,,"",
"","100000007939395","SEE1","","",6.1667,,"",
"","100000007939452","SEE1","","",8.9474,,"",
"","100000007976045","SEE1","","",0.1308,,"",
"","100000007976102","SEE1","","",0.0868,,"",
"","100000007976251","SEE1","","",0.2192,,"",
"","100000007976000","SEE1","","",0.1158,,"",
"","100000007976062","SEE1","","",0.064,,"",
"","100000007976184","SEE1","","",0.3018,,"",
"","100000007976235","SEE1","","",0.3674,,"",
"","100000007976027","SEE1","","",0.2191,,"",
"","100000007967198","SEE1","","",0.452592,,"",
"","100000007966997","SEE1","","",0.410146,,"",
"","100000007967056","SEE1","","",0.3785,,"",
"","100000007967057","SEE1","","",0.42796,,"",
"","100000007980960","SEE1","","",0.324384,,"",
"","100000007981012","SEE1","","",0.272199,,"",
"","100000007969094","SEE1","","",0.186,,"",
"","100000007968946","SEE1","","",0.2746,,"",
"","100000007969117","SEE1","","",0.1964,,"",
"","100000007982884","SEE1","","",0.436932,,"",
"","100000007968193","SEE1","","",0.444,,"",
"","100000007971971","SEE1","","",1.1485,,"",
"","100000007972129","SEE1","","",0.3648,,"",
"","100000007972045","SEE1","","",0.0477,,"",
"","100000007971900","SEE1","","",0.0852,,"",
"","100000007971713","SEE1","","",0.133,,"",
"","100000007971750","SEE1","","",0.169,,"",
"","100000007940466","SEE1","","",2.500752,,"",
"","100000007940479","SEE1","","",79.507305,,"",
"","100000007940018","SEE1","","",5.961184,,"",
"","100000007941393","SEE1","","",45.7746,,"",
"","100000007941414","SEE1","","",50.836128,,"",
"","100000007941516","SEE1","","",113.2963,,"",
"","100000007981089","SEE1","","",0.278,,"",
"","100000007981206","SEE1","","",0.4983,,"",
"","100000007981229","SEE1","","",0.327012,,"",
"","100000007980905","SEE1","","",0.3705,,"",
"","100000007980609","SEE1","","",0.314241,,"",
"","100000007980660","SEE1","","",0.31,,"",
"","100000007982820","SEE1","","",0.22198,,"",
"","100000007982848","SEE1","","",0.257792,,"",
"","100000007970830","SEE1","","",0.579726,,"",
"","100000007970507","SEE1","","",0.877721,,"",
"","100000007974545","SEE1","","",0.0726,,"",
"","100000007972002","SEE1","","",0.183826,,"",
"","100000007972046","SEE1","","",0.286118,,"",
"","100000007973451","SEE1","","",0.3013,,"",
"","100000007973596","SEE1","","",0.27528,,"",
"","100000007940531","SEE1","","",17.0131,,"",
"","100000007940563","SEE1","","",8.455064,,"",
"","100000007940446","SEE1","","",12.687858,,"",
"","100000007940519","SEE1","","",7.573908,,"",
"","100000007945546","SEE1","","",147.96771,,"",
"","100000007945536","SEE1","","",259.6682,,"",
"","100000007945821","SEE1","","",25.617298,,"",
"","100000007945866","SEE1","","",16.9702,,"",
"","100000007945789","SEE1","","",19.024172,,"",
"","100000007945810","SEE1","","",20.38239,,"",
"","100000007941326","SEE1","","",45.99074,,"",
"","100000008002596","SEE1","","",2.6991,,"",
"","100000007940416","SEE1","","",12.397548,,"",
"","100000007941563","SEE1","","",29.807829,,"",
"","100000007941647","SEE1","","",37.214312,,"",
"","100000007941176","SEE1","","",86.6296,,"",
"","100000007941202","SEE1","","",104.246462,,"",
"","100000007941217","SEE1","","",85.024233,,"",
"","100000007941246","SEE1","","",26.853298,,"",
"","100000007980778","SEE1","","",0.388518,,"",
"","100000007982626","SEE1","","",0.38066,,"",
"","100000007982702","SEE1","","",0.425068,,"",
"","100000007982986","SEE1","","",0.294954,,"",
"","100000007976326","SEE1","","",0.07205,,"",
"","100000007976474","SEE1","","",0.0395,,"",
"","100000007976586","SEE1","","",0.04272,,"",
"","100000007978908","SEE1","","",0.5705,,"",
"","100000007974570","SEE1","","",0.150336,,"",
"","100000007974606","SEE1","","",0.284941,,"",
"","100000007974632","SEE1","","",0.2538,,"",
"","100000007974704","SEE1","","",0.1498,,"",
"","100000007974595","SEE1","","",0.123057,,"",
"","100000007974633","SEE1","","",0.1672,,"",
"","100000007974690","SEE1","","",0.296069,,"",
"","100000007974218","SEE1","","",0.4504,,"",
"","100000007974271","SEE1","","",0.554064,,"",
"","100000007940552","SEE1","","",7.495008,,"",
"","100000007942074","SEE1","","",4.308962264,,"",
"","100000007945616","SEE1","","",1253.905038,,"",
"","100000007946131","SEE1","","",16.0691,,"",
"","100000007945678","SEE1","","",19.957854,,"",
"","100000007945702","SEE1","","",15.076347,,"",
"","100000007945663","SEE1","","",26.323177,,"",
"","100000007945684","SEE1","","",15.346065,,"",
"","100000007942797","SEE1","","",10.268469,,"",
"","100000007942832","SEE1","","",3.521475,,"",
"","100000007942882","SEE1","","",7.323274,,"",
"","100000007940845","SEE1","","",9.419682,,"",
"","100000007940820","SEE1","","",12.4822,,"",
"","100000007941590","SEE1","","",33.23996,,"",
"","100000007941655","SEE1","","",35.907963,,"",
"","100000007941593","SEE1","","",48.78952,,"",
"","100000007941557","SEE1","","",42.802268,,"",
"","100000007941208","SEE1","","",15.746548,,"",
"","100000007941234","SEE1","","",14.5948,,"",
"","100000007941151","SEE1","","",18.83,,"",
"","100000007941367","SEE1","","",191.574648,,"",
"","100000007982055","SEE1","","",0.257288,,"",
"","100000007982578","SEE1","","",1.04073,,"",
"","100000007982627","SEE1","","",0.315792,,"",
"","100000007982703","SEE1","","",0.34464,,"",
"","100000007982755","SEE1","","",0.66792,,"",
"","100000007982407","SEE1","","",0.997484,,"",
"","100000007982280","SEE1","","",1.586,,"",
"","100000007982316","SEE1","","",0.403075,,"",
"","100000007982338","SEE1","","",0.411,,"",
"","100000007982374","SEE1","","",0.249,,"",
"","100000007976273","SEE1","","",0.177454,,"",
"","100000007976376","SEE1","","",0.456066,,"",
"","100000007976449","SEE1","","",0.370979,,"",
"","100000007976498","SEE1","","",0.706675,,"",
"","100000007976310","SEE1","","",0.1317,,"",
"","100000007976337","SEE1","","",0.30858,,"",
"","100000007976410","SEE1","","",0.4014,,"",
"","100000007976530","SEE1","","",0.26937,,"",
"","100000007976575","SEE1","","",0.264624,,"",
"","100000007978727","SEE1","","",0.434469,,"",
"","100000007972520","SEE1","","",0.349248,,"",
"","100000007972206","SEE1","","",0.3786,,"",
"","100000007974533","SEE1","","",0.433222,,"",
"","100000007974596","SEE1","","",0.210041,,"",
"","100000007974522","SEE1","","",0.250273,,"",
"","100000007974548","SEE1","","",0.2123,,"",
"","100000007974177","SEE1","","",0.23544,,"",
"","100000007974273","SEE1","","",0.1859,,"",
"","100000007974434","SEE1","","",0.1448,,"",
"","100000007975450","SEE1","","",0.1977,,"",
"","100000007975554","SEE1","","",0.5078,,"",
"","100000007975451","SEE1","","",0.3479,,"",
"","100000007942000","SEE1","","",12.57422642,,"",
"","100000007942020","SEE1","","",8.696207547,,"",
"","100000007946400","SEE1","","",137.3972,,"",
"","100000007947143","SEE1","","",12.379846,,"",
"","100000007947159","SEE1","","",12.725641,,"",
"","100000008002765","SEE1","","",3.7113,,"",
"","100000008003228","SEE1","","",7.7077,,"",
"","100000007940833","SEE1","","",3.316428,,"",
"","100000007940760","SEE1","","",15.038613,,"",
"","100000007940823","SEE1","","",12.187181,,"",
"","100000007940747","SEE1","","",14.6704,,"",
"","100000007940923","SEE1","","",16.935936,,"",
"","100000007944951","SEE1","","",2.2154,,"",
"","100000007942662","SEE1","","",38.164867,,"",
"","100000007942746","SEE1","","",49.178276,,"",
"","100000007942663","SEE1","","",60.22174,,"",
"","100000007942686","SEE1","","",36.54612,,"",
"","100000007982554","SEE1","","",0.4747,,"",
"","100000007982603","SEE1","","",0.46652,,"",
"","100000007982731","SEE1","","",0.452991,,"",
"","100000007982221","SEE1","","",0.352594,,"",
"","100000007982252","SEE1","","",0.910112,,"",
"","100000007982317","SEE1","","",0.901485,,"",
"","100000007982353","SEE1","","",0.1368,,"",
"","100000007982375","SEE1","","",0.16171,,"",
"","100000007980066","SEE1","","",0.7434,,"",
"","100000007979079","SEE1","","",1.109,,"",
"","100000007972265","SEE1","","",0.401892,,"",
"","100000007975354","SEE1","","",0.62,,"",
"","100000007975426","SEE1","","",0.5307,,"",
"","100000007975532","SEE1","","",0.5191,,"",
"","100000007975432","SEE1","","",0.1205,,"",
"","100000007975122","SEE1","","",0.3239,,"",
"","100000007975166","SEE1","","",0.1523,,"",
"","100000007941896","SEE1","","",25.700124,,"",
"","100000007946416","SEE1","","",110.988104,,"",
"","100000007944522","SEE1","","",15.9,,"",
"","100000007944534","SEE1","","",16.9,,"",
"","100000007944553","SEE1","","",254.877,,"",
"","100000007947069","SEE1","","",30.588197,,"",
"","100000007947165","SEE1","","",12.888685,,"",
"","100000008003791","SEE1","","",3.705736,,"",
"","100000007944043","SEE1","","",15.2746,,"",
"","100000007944962","SEE1","","",3.0174,,"",
"","100000007944898","SEE1","","",9.0736,,"",
"","100000007942723","SEE1","","",80.32,,"",
"","100000007942655","SEE1","","",47.298494,,"",
"","100000007942312","SEE1","","",59.68595,,"",
"","100000007942245","SEE1","","",71.621307,,"",
"","100000007942336","SEE1","","",329.56825,,"",
"","100000007945241","SEE1","","",81.975285,,"",
"","100000007979958","SEE1","","",0.620736,,"",
"","100000007979891","SEE1","","",0.656656,,"",
"","100000007979116","SEE1","","",1.103946,,"",
"","100000007979646","SEE1","","",0.207427,,"",
"","100000007975180","SEE1","","",0.2854,,"",
"","100000007970014","SEE1","","",0.0452,,"",
"","100000007970051","SEE1","","",0.0592,,"",
"","100000007970106","SEE1","","",0.171,,"",
"","100000007970127","SEE1","","",0.081,,"",
"","100000007944582","SEE1","","",278.3454,,"",
"","100000007944601","SEE1","","",22.4826,,"",
"","100000007944615","SEE1","","",4.61,,"",
"","100000007944527","SEE1","","",22.0056,,"",
"","100000007944540","SEE1","","",2.75,,"",
"","100000007944785","SEE1","","",14.4738,,"",
"","100000008000561","SEE1","","",1.908368,,"",
"","100000008000799","SEE1","","",1.74369,,"",
"","100000008000957","SEE1","","",2.018858,,"",
"","100000008001210","SEE1","","",5.720862,,"",
"","100000008000885","SEE1","","",5.87466,,"",
"","100000008001050","SEE1","","",6.814288,,"",
"","100000007999967","SEE1","","",5.603478,,"",
"","100000007944045","SEE1","","",17.68,,"",
"","100000007945030","SEE1","","",19.557,,"",
"","100000007945063","SEE1","","",6.279,,"",
"","100000007945076","SEE1","","",44.541853,,"",
"","100000007945109","SEE1","","",132.681045,,"",
"","100000007945134","SEE1","","",170.716074,,"",
"","100000007945157","SEE1","","",110.129985,,"",
"","100000007945186","SEE1","","",105.91392,,"",
"","100000007945096","SEE1","","",114.870398,,"",
"","100000007945210","SEE1","","",60.167759,,"",
"","100000007945232","SEE1","","",51.2259,,"",
"","100000007945110","SEE1","","",96.76,,"",
"","100000007945099","SEE1","","",75.429,,"",
"","100000007976147","SEE1","","",0.26892,,"",
"","100000007967111","SEE1","","",0.6143,,"",
"","100000007966901","SEE1","","",0.296088,,"",
"","100000007968851","SEE1","","",0.309096,,"",
"","100000007968973","SEE1","","",0.2392,,"",
"","100000007968303","SEE1","","",1.3854,,"",
"","100000007968324","SEE1","","",0.156434,,"",
"","100000007968373","SEE1","","",0.1913,,"",
"","100000007969368","SEE1","","",0.1549,,"",
"","100000007969482","SEE1","","",0.1933,,"",
"","100000007969212","SEE1","","",0.356,,"",
"","100000007942977","SEE1","","",0.1017,,"",
"","100000007956541","SEE1","","",0.1949,,"",
"","100000007956606","SEE1","","",0.1966,,"",
"","100000007957532","SEE1","","",0.232368,,"",
"","100000007957523","SEE1","","",0.3962,,"",
"","100000007957431","SEE1","","",0.531213,,"",
"","100000007957051","SEE1","","",0.4085,,"",
"","100000007957067","SEE1","","",0.523698,,"",
"","100000007957095","SEE1","","",0.5008,,"",
"","100000007957108","SEE1","","",0.54,,"",
"","100000007956998","SEE1","","",0.63,,"",
"","100000007957348","SEE1","","",0.3038,,"",
"","100000007957394","SEE1","","",0.46,,"",
"","100000007957268","SEE1","","",0.4248,,"",
"","100000007957328","SEE1","","",0.726,,"",
"","100000007971808","SEE1","","",0.129,,"",
"","100000007971904","SEE1","","",0.1834,,"",
"","100000007971640","SEE1","","",0.1868,,"",
"","100000007971692","SEE1","","",0.2282,,"",
"","100000007971788","SEE1","","",0.264,,"",
"","100000007971827","SEE1","","",0.3166,,"",
"","100000007944386","SEE1","","",0.284772,,"",
"","100000007944407","SEE1","","",0.26013,,"",
"","100000007944435","SEE1","","",0.195185,,"",
"","100000007944494","SEE1","","",0.301,,"",
"","100000007944353","SEE1","","",0.33705,,"",
"","100000007965350","SEE1","","",0.153036,,"",
"","100000007944272","SEE1","","",0.983609,,"",
"","100000007944306","SEE1","","",1.335299,,"",
"","100000007944131","SEE1","","",1.865728,,"",
"","100000007941235","SEE1","","",5.96,,"",
"","100000007941137","SEE1","","",0.7014,,"",
"","100000007941159","SEE1","","",1.7094,,"",
"","100000007941174","SEE1","","",1.5776,,"",
"","100000007941200","SEE1","","",1.8319,,"",
"","100000007941215","SEE1","","",2.0612,,"",
"","100000007941407","SEE1","","",5.3388,,"",
"","100000007942434","SEE1","","",0.620025,,"",
"","100000007942446","SEE1","","",0.84274,,"",
"","100000007942470","SEE1","","",0.8402,,"",
"","100000007942473","SEE1","","",0.930818,,"",
"","100000007943293","SEE1","","",1.00263,,"",
"","100000007943284","SEE1","","",0.84084,,"",
"","100000007943310","SEE1","","",1.20888,,"",
"","100000007943337","SEE1","","",1.0135,,"",
"","100000007965784","SEE1","","",0.25443,,"",
"","100000007957014","SEE1","","",0.7843,,"",
"","100000007957068","SEE1","","",0.96,,"",
"","100000007957084","SEE1","","",1.96,,"",
"","100000007971624","SEE1","","",0.137,,"",
"","100000007971673","SEE1","","",0.1512,,"",
"","100000007971714","SEE1","","",0.1394,,"",
"","100000007971771","SEE1","","",0.2528,,"",
"","100000007971809","SEE1","","",0.2654,,"",
"","100000007971865","SEE1","","",0.2392,,"",
"","100000007971905","SEE1","","",0.2568,,"",
"","100000007971693","SEE1","","",0.3728,,"",
"","100000007944436","SEE1","","",0.507696,,"",
"","100000007944375","SEE1","","",0.208611,,"",
"","100000007944017","SEE1","","",0.225578,,"",
"","100000007944032","SEE1","","",0.347625,,"",
"","100000007943964","SEE1","","",0.56211,,"",
"","100000007943984","SEE1","","",0.654474,,"",
"","100000007963250","SEE1","","",0.13,,"",
"","100000007963418","SEE1","","",0.12,,"",
"","100000007963543","SEE1","","",0.17,,"",
"","100000007962594","SEE1","","",5.0159,,"",
"","100000007944076","SEE1","","",1.0647,,"",
"","100000007946587","SEE1","","",2.688966,,"",
"","100000007946604","SEE1","","",3.622271,,"",
"","100000007946498","SEE1","","",3.79494,,"",
"","100000007946538","SEE1","","",4.185511,,"",
"","100000007946530","SEE1","","",7.145424,,"",
"","100000007946054","SEE1","","",22.99108,,"",
"","100000007946147","SEE1","","",37.83546,,"",
"","100000007946448","SEE1","","",4.160188,,"",
"","100000007946257","SEE1","","",5.3464,,"",
"","100000007942394","SEE1","","",0.9538,,"",
"","100000007942406","SEE1","","",2.157351,,"",
"","100000007942428","SEE1","","",0.640145,,"",
"","100000007942487","SEE1","","",0.510516,,"",
"","100000007943267","SEE1","","",2.0201,,"",
"","100000007943258","SEE1","","",0.830889,,"",
"","100000007957714","SEE1","","",0.8555,,"",
"","100000007957751","SEE1","","",0.7363,,"",
"","100000007959145","SEE1","","",0.587503,,"",
"","100000007959197","SEE1","","",0.663875,,"",
"","100000007959250","SEE1","","",0.629532,,"",
"","100000007959324","SEE1","","",0.789564,,"",
"","100000007959370","SEE1","","",0.874832,,"",
"","100000007975738","SEE1","","",0.1797,,"",
"","100000007975801","SEE1","","",0.2692,,"",
"","100000007975964","SEE1","","",0.167,,"",
"","100000007975734","SEE1","","",0.2088,,"",
"","100000007943923","SEE1","","",0.787048,,"",
"","100000007943933","SEE1","","",0.852111,,"",
"","100000007944242","SEE1","","",0.305634,,"",
"","100000007944258","SEE1","","",0.913153,,"",
"","100000007963256","SEE1","","",0.22,,"",
"","100000007963299","SEE1","","",0.29,,"",
"","100000007963398","SEE1","","",0.36,,"",
"","100000007946547","SEE1","","",10.750747,,"",
"","100000007946475","SEE1","","",11.030612,,"",
"","100000007946478","SEE1","","",10.975298,,"",
"","100000007946543","SEE1","","",12.471738,,"",
"","100000007946559","SEE1","","",11.49148,,"",
"","100000007946583","SEE1","","",13.946986,,"",
"","100000007946599","SEE1","","",15.291047,,"",
"","100000007946621","SEE1","","",2.397431,,"",
"","100000007946638","SEE1","","",2.471392,,"",
"","100000007944563","SEE1","","",2.149035,,"",
"","100000007944585","SEE1","","",2.215092,,"",
"","100000007944597","SEE1","","",2.249208,,"",
"","100000007944544","SEE1","","",0.6633,,"",
"","100000007944555","SEE1","","",2.882494,,"",
"","100000007944856","SEE1","","",8.464176,,"",
"","100000007944783","SEE1","","",12.313304,,"",
"","100000007944754","SEE1","","",0.54132,,"",
"","100000007944664","SEE1","","",0.661862,,"",
"","100000007944681","SEE1","","",0.673164,,"",
"","100000007943348","SEE1","","",0.7398,,"",
"","100000007943643","SEE1","","",0.664224,,"",
"","100000007943682","SEE1","","",0.722388,,"",
"","100000007943735","SEE1","","",1.379448,,"",
"","100000007962120","SEE1","","",0.72885,,"",
"","100000007974994","SEE1","","",0.3399,,"",
"","100000007975067","SEE1","","",0.326,,"",
"","100000007975213","SEE1","","",0.6032,,"",
"","100000007975084","SEE1","","",0.725,,"",
"","100000007975086","SEE1","","",0.2098,,"",
"","100000007975137","SEE1","","",0.2798,,"",
"","100000007975158","SEE1","","",0.4432,,"",
"","100000007975100","SEE1","","",0.3688,,"",
"","100000007954973","SEE1","","",0.23079,,"",
"","100000007954996","SEE1","","",0.36081,,"",
"","100000007955017","SEE1","","",0.253234,,"",
"","100000007955030","SEE1","","",0.1997,,"",
"","100000007946495","SEE1","","",19.087998,,"",
"","100000007947147","SEE1","","",2.205959,,"",
"","100000007946721","SEE1","","",4.113151,,"",
"","100000007946759","SEE1","","",5.007344,,"",
"","100000007946627","SEE1","","",3.982134,,"",
"","100000007946951","SEE1","","",4.6717,,"",
"","100000007946980","SEE1","","",4.927512,,"",
"","100000007944591","SEE1","","",0.298656,,"",
"","100000007944605","SEE1","","",0.2702,,"",
"","100000007944518","SEE1","","",0.25998,,"",
"","100000007944557","SEE1","","",0.1688,,"",
"","100000007944578","SEE1","","",0.460338,,"",
"","100000007944592","SEE1","","",0.452748,,"",
"","100000007944612","SEE1","","",0.419322,,"",
"","100000007944519","SEE1","","",0.401172,,"",
"","100000007944722","SEE1","","",0.4138,,"",
"","100000007944746","SEE1","","",0.808159,,"",
"","100000007944658","SEE1","","",1.03958,,"",
"","100000007944684","SEE1","","",0.6947,,"",
"","100000007944699","SEE1","","",0.96924,,"",
"","100000007944724","SEE1","","",1.077414,,"",
"","100000007944673","SEE1","","",0.340875,,"",
"","100000007945526","SEE1","","",2.887008,,"",
"","100000007943650","SEE1","","",1.836324,,"",
"","100000007943631","SEE1","","",1.066,,"",
"","100000007945753","SEE1","","",6.06366,,"",
"","100000007945771","SEE1","","",5.414955,,"",
"","100000007945661","SEE1","","",7.089264,,"",
"","100000007945677","SEE1","","",9.473607,,"",
"","100000007964542","SEE1","","",0.4394,,"",
"","100000007963663","SEE1","","",0.4053,,"",
"","100000007963693","SEE1","","",0.6635,,"",
"","100000007958318","SEE1","","",4.71,,"",
"","100000007958416","SEE1","","",0.243376,,"",
"","100000007975799","SEE1","","",0.2429,,"",
"","100000007975888","SEE1","","",0.31,,"",
"","100000007975865","SEE1","","",0.2525,,"",
"","100000007975625","SEE1","","",0.3177,,"",
"","100000007975674","SEE1","","",0.3749,,"",
"","100000007975735","SEE1","","",0.3137,,"",
"","100000007975938","SEE1","","",0.2568,,"",
"","100000007955340","SEE1","","",0.347097,,"",
"","100000007955360","SEE1","","",0.447108,,"",
"","100000007955386","SEE1","","",0.402855,,"",
"","100000007955297","SEE1","","",0.591408,,"",
"","100000007955336","SEE1","","",0.518843,,"",
"","100000007955361","SEE1","","",0.834493,,"",
"","100000007954958","SEE1","","",0.424422,,"",
"","100000007955270","SEE1","","",0.245024,,"",
"","100000007944545","SEE1","","",0.788483,,"",
"","100000007945090","SEE1","","",0.905027,,"",
"","100000007945122","SEE1","","",1.191328,,"",
"","100000007945170","SEE1","","",1.027971,,"",
"","100000007945196","SEE1","","",1.20528,,"",
"","100000007945214","SEE1","","",1.439872,,"",
"","100000007945087","SEE1","","",1.812186,,"",
"","100000007946006","SEE1","","",2.11113,,"",
"","100000007946026","SEE1","","",4.447968,,"",
"","100000007945562","SEE1","","",3.389246,,"",
"","100000007945587","SEE1","","",3.556513,,"",
"","100000007945537","SEE1","","",2.462337,,"",
"","100000007945822","SEE1","","",2.473733,,"",
"","100000007945868","SEE1","","",3.184038,,"",
"","100000007945850","SEE1","","",0.385725,,"",
"","100000007945869","SEE1","","",0.51537,,"",
"","100000007945898","SEE1","","",0.474636,,"",
"","100000007945918","SEE1","","",0.368196,,"",
"","100000007945792","SEE1","","",0.631272,,"",
"","100000007945701","SEE1","","",11.575249,,"",
"","100000007945747","SEE1","","",11.988756,,"",
"","100000007945762","SEE1","","",0.789048,,"",
"","100000007945649","SEE1","","",0.951788,,"",
"","100000007945669","SEE1","","",0.982125,,"",
"","100000007945693","SEE1","","",1.15797,,"",
"","100000007945711","SEE1","","",0.9758,,"",
"","100000007945737","SEE1","","",1.546896,,"",
"","100000007945752","SEE1","","",1.201716,,"",
"","100000007963655","SEE1","","",0.1808,,"",
"","100000007971751","SEE1","","",0.6346,,"",
"","100000007963870","SEE1","","",0.231298,,"",
"","100000007963799","SEE1","","",0.18354,,"",
"","100000007955286","SEE1","","",1.002888,,"",
"","100000007955350","SEE1","","",0.310392,,"",
"","100000007945472","SEE1","","",0.734825,,"",
"","100000007945486","SEE1","","",0.9906,,"",
"","100000007945506","SEE1","","",0.969312,,"",
"","100000007945418","SEE1","","",0.7992,,"",
"","100000007945432","SEE1","","",1.1265,,"",
"","100000007945017","SEE1","","",1.646326,,"",
"","100000007945031","SEE1","","",2.07522,,"",
"","100000007945050","SEE1","","",1.81602,,"",
"","100000007945064","SEE1","","",1.5765,,"",
"","100000007945405","SEE1","","",10.026352,,"",
"","100000007945119","SEE1","","",1.75348,,"",
"","100000007945968","SEE1","","",2.196854,,"",
"","100000007945989","SEE1","","",2.011986,,"",
"","100000007946003","SEE1","","",2.258663,,"",
"","100000007945949","SEE1","","",0.6994,,"",
"","100000007945964","SEE1","","",2.526,,"",
"","100000007945983","SEE1","","",3.602061,,"",
"","100000007946016","SEE1","","",4.556412,,"",
"","100000007946038","SEE1","","",4.61646,,"",
"","100000007945603","SEE1","","",4.60496,,"",
"","100000007945626","SEE1","","",4.569432,,"",
"","100000007945641","SEE1","","",5.09484,,"",
"","100000007945538","SEE1","","",5.06898,,"",
"","100000007945556","SEE1","","",5.854251,,"",
"","100000007945573","SEE1","","",6.75546,,"",
"","100000007945606","SEE1","","",6.95515,,"",
"","100000007945631","SEE1","","",8.29472,,"",
"","100000007945646","SEE1","","",9.4024,,"",
"","100000007945814","SEE1","","",0.677248,,"",
"","100000007945841","SEE1","","",0.841371,,"",
"","100000007945860","SEE1","","",0.870895,,"",
"","100000007945888","SEE1","","",0.813624,,"",
"","100000007945908","SEE1","","",1.062492,,"",
"","100000007945936","SEE1","","",1.15311,,"",
"","100000007945870","SEE1","","",0.34562,,"",
"","100000007945899","SEE1","","",1.393568,,"",
"","100000007945779","SEE1","","",1.841562,,"",
"","100000007945660","SEE1","","",1.839714,,"",
"","100000007946505","SEE1","","",1.865124,,"",
"","100000007946563","SEE1","","",0.5457,,"",
"","100000007955264","SEE1","","",1.867264,,"",
"","100000007956351","SEE1","","",0.6804,,"",
"","100000007956065","SEE1","","",0.7344,,"",
"","100000007956137","SEE1","","",0.6588,,"",
"","100000007956185","SEE1","","",0.81,,"",
"","100000007956260","SEE1","","",0.9072,,"",
"","100000007956307","SEE1","","",0.9396,,"",
"","100000007956010","SEE1","","",1.1988,,"",
"","100000007956045","SEE1","","",1.3068,,"",
"","100000007955515","SEE1","","",1.31868,,"",
"","100000007956488","SEE1","","",0.1998,,"",
"","100000007956382","SEE1","","",0.21006,,"",
"","100000007956414","SEE1","","",0.246024,,"",
"","100000007956451","SEE1","","",0.293004,,"",
"","100000007964013","SEE1","","",0.194238,,"",
"","100000007944004","SEE1","","",4.339,,"",
"","100000007944025","SEE1","","",3.997574,,"",
"","100000007943967","SEE1","","",4.518276,,"",
"","100000007945083","SEE1","","",2.027034,,"",
"","100000007945024","SEE1","","",0.473726,,"",
"","100000007941112","SEE1","","",1.8842,,"",
"","100000007941185","SEE1","","",1.9122,,"",
"","100000007941225","SEE1","","",2.1245,,"",
"","100000007941120","SEE1","","",2.5008,,"",
"","100000007941138","SEE1","","",2.3721,,"",
"","100000007945942","SEE1","","",6.173963,,"",
"","100000007941281","SEE1","","",6.546,,"",
"","100000007941365","SEE1","","",3.2082,,"",
"","100000007942114","SEE1","","",0.2709,,"",
"","100000007942128","SEE1","","",0.2951,,"",
"","100000007942129","SEE1","","",0.2882,,"",
"","100000007942151","SEE1","","",0.3564,,"",
"","100000007942177","SEE1","","",0.387,,"",
"","100000007942192","SEE1","","",0.2773,,"",
"","100000007942216","SEE1","","",0.3998,,"",
"","100000007942122","SEE1","","",0.5456,,"",
"","100000007941877","SEE1","","",1.9776,,"",
"","100000007941903","SEE1","","",2.1115,,"",
"","100000007941875","SEE1","","",2.21,,"",
"","100000007941901","SEE1","","",2.1836,,"",
"","100000007941916","SEE1","","",2.907,,"",
"","100000007955541","SEE1","","",1.3608,,"",
"","100000007957109","SEE1","","",0.812,,"",
"","100000007955543","SEE1","","",1.069848,,"",
"","100000007955432","SEE1","","",1.102896,,"",
"","100000007955521","SEE1","","",1.0368,,"",
"","100000007955564","SEE1","","",1.101102,,"",
"","100000007955532","SEE1","","",1.194372,,"",
"","100000007955633","SEE1","","",1.3392,,"",
"","100000007955946","SEE1","","",3.4236,,"",
"","100000007943570","SEE1","","",1.018469,,"",
"","100000007943586","SEE1","","",0.8389,,"",
"","100000007956467","SEE1","","",0.227124,,"",
"","100000007957579","SEE1","","",0.3087,,"",
"","100000007943981","SEE1","","",5.003672,,"",
"","100000007944201","SEE1","","",1.214961,,"",
"","100000007944268","SEE1","","",2.328417,,"",
"","100000007944289","SEE1","","",2.661489,,"",
"","100000007944189","SEE1","","",6.465151,,"",
"","100000007944063","SEE1","","",7.68816,,"",
"","100000007941128","SEE1","","",3.1152,,"",
"","100000007941459","SEE1","","",4.0708,,"",
"","100000007941482","SEE1","","",4.56,,"",
"","100000007941408","SEE1","","",3.5358,,"",
"","100000007941268","SEE1","","",4.1212,,"",
"","100000007941333","SEE1","","",4.861,,"",
"","100000007941355","SEE1","","",4.3451,,"",
"","100000007941386","SEE1","","",4.3535,,"",
"","100000007942167","SEE1","","",0.6419,,"",
"","100000007942184","SEE1","","",0.5655,,"",
"","100000007942207","SEE1","","",0.5979,,"",
"","100000007942225","SEE1","","",0.6264,,"",
"","100000007942674","SEE1","","",2.684,,"",
"","100000007942690","SEE1","","",2.55794,,"",
"","100000007942728","SEE1","","",3.157,,"",
"","100000007942768","SEE1","","",3.1966,,"",
"","100000008022838","INN1","","",0.2960146,,"",
"","100000007923496","INN1","","",0.4723078,,"",
"","100000007923417","INN1","","",0.5821282,,"",
"","100000007923462","INN1","","",0.8393976,,"",
"","100000007923482","INN1","","",0.395012,,"",
"","100000007923515","INN1","","",0.9624976,,"",
"","100000007923533","INN1","","",1.026075999,,"",
"","100000007923287","INN1","","",0.8323438,,"",
"","100000007923304","INN1","","",0.6271634,,"",
"","100000007923362","INN1","","",0.5816222,,"",
"","100000007924097","INN1","","",0.398215,,"",
"","100000007924122","INN1","","",0.3602856,,"",
"","100000007924065","INN1","","",0.466098408,,"",
"","100000007923751","INN1","","",0.1755046,,"",
"","100000007923761","INN1","","",0.769300913,,"",
"","100000007923786","INN1","","",0.636747615,,"",
"","100000007923660","INN1","","",0.639408565,,"",
"","100000007923685","INN1","","",0.3182816,,"",
"","100000007924043","INN1","","",0.464583926,,"",
"","100000007923946","INN1","","",1.1043026,,"",
"","100000007923961","INN1","","",1.391383,,"",
"","100000007923990","INN1","","",0.865025717,,"",
"","100000007924021","INN1","","",0.656594,,"",
"","100000007923820","INN1","","",1.13188431,,"",
"","100000007923794","INN1","","",0.4891984,,"",
"","100000007923821","INN1","","",0.855590708,,"",
"","100000007923851","INN1","","",0.4028992,,"",
"","100000007923806","INN1","","",0.360578,,"",
"","100000307438770","INN1","","",3.7909,,"",
"","100000307438771","INN1","","",6.3096,,"",
"","100000307438772","INN1","","",8.5648,,"",
"","100000307438773","INN1","","",9.7277,,"",
"","100000307438774","INN1","","",11.1195,,"",
"","100000307438775","INN1","","",13.23,,"",
"","100000307438777","INN1","","",17.4601,,"",
"","100000007905587","INN1","","",1.8910556,,"",
"","100000007905375","INN1","","",0.223519,,"",
"","100000007904462","INN1","","",0.179334,,"",
"","100000007904486","INN1","","",1.154964526,,"",
"","100000007904329","INN1","","",0.375361894,,"",
"","100000007909656","INN1","","",85.49817928,,"",
"","100000007909687","INN1","","",123.7714552,,"",
"","100000007908736","INN1","","",37.9091178,,"",
"","100000007908806","INN1","","",61.97550278,,"",
"","100000007908847","INN1","","",48.20524672,,"",
"","100000007908735","INN1","","",46.84778856,,"",
"","100000007908805","INN1","","",92.5734744,,"",
"","100000007905776","INN1","","",2.424392,,"",
"","100000007909151","INN1","","",48.26533048,,"",
"","100000007909175","INN1","","",85.52535768,,"",
"","100000007909176","INN1","","",91.80670421,,"",
"","100000007911295","INN1","","",207.9123664,,"",
"","100000007910970","INN1","","",46.12429397,,"",
"","100000008023278","INN1","","",0.195051712,,"",
"","100000007924295","INN1","","",0.089487454,,"",
"","100000007924235","INN1","","",0.39529625,,"",
"","100000007924233","INN1","","",0.123358,,"",
"","100000007924423","INN1","","",0.3919745,,"",
"","100000007924346","INN1","","",0.340832635,,"",
"","100000007924366","INN1","","",0.330497004,,"",
"","100000007924374","INN1","","",0.0540006,,"",
"","100000007924397","INN1","","",0.0644476,,"",
"","100000007924437","INN1","","",0.060226898,,"",
"","100000007924458","INN1","","",0.063461244,,"",
"","100000007924365","INN1","","",0.069415361,,"",
"","100000007924384","INN1","","",0.0560108,,"",
"","100000007925242","INN1","","",0.3318262,,"",
"","100000007925276","INN1","","",0.175541,,"",
"","100000007925300","INN1","","",0.1907574,,"",
"","100000007925335","INN1","","",0.179382,,"",
"","100000007925350","INN1","","",0.1624836,,"",
"","100000007925255","INN1","","",0.191389933,,"",
"","100000007924848","INN1","","",0.2050046,,"",
"","100000007925227","INN1","","",0.37917825,,"",
"","100000007925057","INN1","","",0.1739648,,"",
"","100000007924985","INN1","","",0.2219238,,"",
"","100000007925001","INN1","","",0.1595406,,"",
"","100000007925024","INN1","","",0.095786,,"",
"","100000007925041","INN1","","",0.0599294,,"",
"","100000007924976","INN1","","",0.0653028,,"",
"","100000007907505","INN1","","",123.9362454,,"",
"","100000007907570","INN1","","",116.9231034,,"",
"","100000007907621","INN1","","",118.8680815,,"",
"","100000007907693","INN1","","",82.97949614,,"",
"","100000007907740","INN1","","",60.01379381,,"",
"","100000007907438","INN1","","",57.42423814,,"",
"","100000007907622","INN1","","",76.77052776,,"",
"","100000007908543","INN1","","",79.89107331,,"",
"","100000007908544","INN1","","",107.9474656,,"",
"","100000007908693","INN1","","",22.07546621,,"",
"","100000007908497","INN1","","",48.47281003,,"",
"","100000007909426","INN1","","",61.34083584,,"",
"","100000007909498","INN1","","",49.13703984,,"",
"","100000007909523","INN1","","",41.16777859,,"",
"","100000307430537","INN1","","",105.1037,,"",
"","100000307430538","INN1","","",113.7703,,"",
"","100000008026074","INN1","","",37.30991544,,"",
"","100000007924275","INN1","","",0.2604508,,"",
"","100000007924296","INN1","","",0.469692,,"",
"","100000007924506","INN1","","",0.0146182,,"",
"","100000007924525","INN1","","",0.408653,,"",
"","100000007924552","INN1","","",0.1298308,,"",
"","100000007924545","INN1","","",0.232642543,,"",
"","100000007924573","INN1","","",0.302279,,"",
"","100000007924491","INN1","","",0.369761227,,"",
"","100000007924563","INN1","","",0.621290156,,"",
"","100000007925301","INN1","","",0.1089224,,"",
"","100000007925336","INN1","","",0.0973264,,"",
"","100000007925256","INN1","","",0.1566934,,"",
"","100000007925270","INN1","","",0.1546098,,"",
"","100000007924870","INN1","","",0.1753238,,"",
"","100000007924888","INN1","","",0.1740048,,"",
"","100000007924912","INN1","","",0.2111804,,"",
"","100000007924929","INN1","","",0.282454388,,"",
"","100000007924816","INN1","","",0.1635116,,"",
"","100000007925065","INN1","","",0.07325,,"",
"","100000007925018","INN1","","",0.19319,,"",
"","100000007925046","INN1","","",0.2936922,,"",
"","100000007907303","INN1","","",2.404773,,"",
"","100000007907221","INN1","","",14.14311736,,"",
"","100000007907382","INN1","","",13.94051632,,"",
"","100000007907822","INN1","","",27.22969267,,"",
"","100000007907741","INN1","","",118.837152,,"",
"","100000007907502","INN1","","",103.42566,,"",
"","100000007907738","INN1","","",112.8077353,,"",
"","100000007910350","INN1","","",4.292589309,,"",
"","100000007908596","INN1","","",93.16620346,,"",
"","100000007908808","INN1","","",70.11645638,,"",
"","100000007912291","INN1","","",16.353211,,"",
"","100000307430510","INN1","","",21.5849,,"",
"","100000307430510","INN1","","",0.2158,,"",
"","100000007924214","INN1","","",0.16861746,,"",
"","100000007924227","INN1","","",0.454754,,"",
"","100000007925492","INN1","","",0.2751284,,"",
"","100000007925407","INN1","","",0.239179,,"",
"","100000007925789","INN1","","",0.1564526,,"",
"","100000007925668","INN1","","",0.4854908,,"",
"","100000007925713","INN1","","",0.2607452,,"",
"","100000007925734","INN1","","",0.415367,,"",
"","100000007925592","INN1","","",0.932509955,,"",
"","100000007925651","INN1","","",0.165158,,"",
"","100000007925764","INN1","","",0.820469088,,"",
"","100000007925661","INN1","","",0.207202,,"",
"","100000007926457","INN1","","",0.1146414,,"",
"","100000007926495","INN1","","",0.353793962,,"",
"","100000007926536","INN1","","",0.1566992,,"",
"","100000007926068","INN1","","",0.362751476,,"",
"","100000007925228","INN1","","",0.0640712,,"",
"","100000007922495","INN1","","",0.7703598,,"",
"","100000007909975","INN1","","",189.7726713,,"",
"","100000007910708","INN1","","",4.942863648,,"",
"","100000007912618","INN1","","",5.9161212,,"",
"","100000007912707","INN1","","",6.188362848,,"",
"","100000007912597","INN1","","",5.775353809,,"",
"","100000008024644","INN1","","",20.56851802,,"",
"","100000007925413","INN1","","",0.1822346,,"",
"","100000007925383","INN1","","",0.880638389,,"",
"","100000007925405","INN1","","",0.632798,,"",
"","100000007925669","INN1","","",0.24389,,"",
"","100000007925688","INN1","","",0.1945782,,"",
"","100000007925714","INN1","","",0.179193,,"",
"","100000007925552","INN1","","",0.1076886,,"",
"","100000007925689","INN1","","",0.3302798,,"",
"","100000007925683","INN1","","",0.3129052,,"",
"","100000007926076","INN1","","",0.205546,,"",
"","100000007925974","INN1","","",0.1748684,,"",
"","100000007926029","INN1","","",0.2401956,,"",
"","100000007926054","INN1","","",0.265343,,"",
"","100000007926094","INN1","","",0.164435,,"",
"","100000007922043","INN1","","",0.469441,,"",
"","100000007922115","INN1","","",0.146229352,,"",
"","100000007910002","INN1","","",22.61587694,,"",
"","100000307438624","INN1","","",0.0773,,"",
"","100000307438625","INN1","","",9.6307,,"",
"","100000307438625","INN1","","",0.0963,,"",
"","100000307438626","INN1","","",11.9512,,"",
"","100000307438626","INN1","","",0.1195,,"",
"","100000307438698","INN1","","",9.1182,,"",
"","100000307438698","INN1","","",0.0912,,"",
"","100000307438700","INN1","","",10.7097,,"",
"","100000307438700","INN1","","",0.1071,,"",
"","100000007902854","INN1","","",3.852771462,,"",
"","100000007903095","INN1","","",1.998054967,,"",
"","100000007902757","INN1","","",3.484342204,,"",
"","100000307438729","INN1","","",5.8172,,"",
"","100000307438730","INN1","","",8.6269,,"",
"","100000307438731","INN1","","",10.1581,,"",
"","100000307438732","INN1","","",11.6284,,"",
"","100000008012926","INN1","","",7.244675494,,"",
"","100000007922328","INN1","","",0.612522509,,"",
"","100000007922406","INN1","","",0.5947892,,"",
"","100000007922224","INN1","","",0.3760308,,"",
"","100000007922256","INN1","","",0.449542,,"",
"","100000007922969","INN1","","",0.406680108,,"",
"","100000007923055","INN1","","",0.623051944,,"",
"","100000007922592","INN1","","",0.437197702,,"",
"","100000007922634","INN1","","",0.346211529,,"",
"","100000007925981","INN1","","",0.306454,,"",
"","100000007922850","INN1","","",0.0921072,,"",
"","100000007922875","INN1","","",0.3674818,,"",
"","100000007922687","INN1","","",0.568274325,,"",
"","100000007922716","INN1","","",0.58457122,,"",
"","100000007922134","INN1","","",0.302309552,,"",
"","100000007902259","INN1","","",55.7311545,,"",
"","100000307438627","INN1","","",14.2002,,"",
"","100000307438627","INN1","","",0.142,,"",
"","100000307438628","INN1","","",16.7017,,"",
"","100000307438628","INN1","","",0.167,,"",
"","100000307438629","INN1","","",17.9184,,"",
"","100000307438629","INN1","","",0.1792,,"",
"","100000307438630","INN1","","",20.1112,,"",
"","100000307438630","INN1","","",0.2011,,"",
"","100000307438631","INN1","","",21.0074,,"",
"","100000307438631","INN1","","",0.2101,,"",
"","100000307438632","INN1","","",21.8599,,"",
"","100000307438669","INN1","","",47.4774,,"",
"","100000307438670","INN1","","",81.8143,,"",
"","100000007904122","INN1","","",59.7355525,,"",
"","100000007904175","INN1","","",90.831888,,"",
"","100000307438702","INN1","","",12.4391,,"",
"","100000307438702","INN1","","",0.1244,,"",
"","100000307438704","INN1","","",13.8366,,"",
"","100000307438704","INN1","","",0.1384,,"",
"","100000307438706","INN1","","",15.2895,,"",
"","100000307438706","INN1","","",0.1529,,"",
"","100000007902942","INN1","","",2.935588234,,"",
"","100000007903071","INN1","","",4.411699228,,"",
"","100000007906289","INN1","","",10.73478269,,"",
"","100000008025785","INN1","","",8.966673765,,"",
"","100000008026248","INN1","","",26.16522061,,"",
"","100000008025138","INN1","","",15.45400296,,"",
"","100000007922226","INN1","","",0.134151252,,"",
"","100000007922238","INN1","","",0.4565715,,"",
"","100000007922261","INN1","","",0.288408429,,"",
"","100000007922182","INN1","","",0.129452,,"",
"","100000007922228","INN1","","",0.6626712,,"",
"","100000007922584","INN1","","",0.582906,,"",
"","100000007922605","INN1","","",0.454296,,"",
"","100000007922638","INN1","","",0.5510336,,"",
"","100000007922578","INN1","","",0.1985592,,"",
"","100000007922612","INN1","","",0.894550419,,"",
"","100000007922550","INN1","","",1.004483,,"",
"","100000007922556","INN1","","",0.664216,,"",
"","100000007922932","INN1","","",0.691609227,,"",
"","100000007922679","INN1","","",0.421624111,,"",
"","100000007922706","INN1","","",0.366102361,,"",
"","100000007922671","INN1","","",0.507707713,,"",
"","100000007923587","INN1","","",0.269493501,,"",
"","100000007901532","INN1","","",38.90954616,,"",
"","100000007901315","INN1","","",80.85024418,,"",
"","100000007905410","INN1","","",0.43337079,,"",
"","100000007904379","INN1","","",0.2723146,,"",
"","100000007904419","INN1","","",0.3337368,,"",
"","100000307438633","INN1","","",25.4731,,"",
"","100000007904669","INN1","","",0.393521937,,"",
"","100000007904746","INN1","","",0.520574801,,"",
"","100000007904796","INN1","","",0.821459984,,"",
"","100000007904883","INN1","","",11.2210272,,"",
"","100000007904554","INN1","","",284.886882,,"",
"","100000007907118","INN1","","",65.96674603,,"",
"","100000007906853","INN1","","",10.20387151,,"",
"","100000007907025","INN1","","",5.927553646,,"",
"","100000007907096","INN1","","",5.862540905,,"",
"","100000007906664","INN1","","",0.262338,,"",
"","100000007906717","INN1","","",2.5793832,,"",
"","100000007906457","INN1","","",4.779434868,,"",
"","100000007906043","INN1","","",11.29583405,,"",
"","100000007906149","INN1","","",11.96909568,,"",
"","100000007906215","INN1","","",11.96909568,,"",
"","100000007906265","INN1","","",12.49274362,,"",
"","100000007908151","INN1","","",15.20417045,,"",
"","100000007922407","INN1","","",0.493760792,,"",
"","100000007923235","INN1","","",0.921947535,,"",
"","100000007923176","INN1","","",0.7133023,,"",
"","100000007923401","INN1","","",0.787458946,,"",
"","100000007923500","INN1","","",0.195098903,,"",
"","100000007923517","INN1","","",0.975010145,,"",
"","100000007923394","INN1","","",1.47292496,,"",
"","100000007923294","INN1","","",0.845337,,"",
"","100000007923310","INN1","","",0.906187258,,"",
"","100000007923261","INN1","","",0.3984424,,"",
"","100000007924101","INN1","","",0.6603604,,"",
"","100000007922842","INN1","","",0.35583,,"",
"","100000007923937","INN1","","",0.402171968,,"",
"","100000007923846","INN1","","",0.2775526,,"",
"","100000007923864","INN1","","",0.29399811,,"",
"","100000007923883","INN1","","",0.245834,,"",
"","100000007923790","INN1","","",0.360578,,"",
"","100000007923826","INN1","","",0.3559846,,"",
"","100000007923865","INN1","","",0.551109,,"",
"","100000007905461","INN1","","",0.316282268,,"",
"","100000007905504","INN1","","",0.305633882,,"",
"","100000007904322","INN1","","",0.750730092,,"",
"","100000007904360","INN1","","",0.405297452,,"",
"","100000007904494","INN1","","",4.29619884,,"",
"","100000007904303","INN1","","",0.276533,,"",
"","100000007904718","INN1","","",8.960421232,,"",
"","100000007904771","INN1","","",25.86092803,,"",
"","100000007904863","INN1","","",15.94383651,,"",
"","100000007904555","INN1","","",30.16586146,,"",
"","100000007904670","INN1","","",10.88439638,,"",
"","100000007904719","INN1","","",11.74678456,,"",
"","100000007904797","INN1","","",12.82615657,,"",
"","100000007904820","INN1","","",15.37280726,,"",
"","100000007904556","INN1","","",17.07954543,,"",
"","100000007906827","INN1","","",31.91720499,,"",
"","100000007907051","INN1","","",48.43743408,,"",
"","100000007907119","INN1","","",58.38746587,,"",
"","100000007906502","INN1","","",4.531678,,"",
"","100000007906503","INN1","","",5.160330856,,"",
"","100000007906617","INN1","","",0.220616971,,"",
"","100000007906718","INN1","","",0.063721376,,"",
"","100000007906358","INN1","","",0.068760133,,"",
"","100000007906170","INN1","","",14.10109085,,"",
"","100000007906290","INN1","","",16.67842106,,"",
"","100000007906313","INN1","","",17.52252394,,"",
"","100000307474586","INN1","","",0.7042,,"",
"","100000307474586","INN1","","",7.0415,,"",
"","100000007904254","B4U1","","",0.328571429,,"",
"","100000007903957","B4U1","","",0.031285714,,"",
"","100000007902830","B4U1","","",0.005428571,,"",
"","100000007902964","B4U1","","",0.025857143,,"",
"","100000007903018","B4U1","","",0.167142857,,"",
"","100000007903758","B4U1","","",0.530285714,,"",
"","100000007903818","B4U1","","",0.117714286,,"",
"","100000007903869","B4U1","","",1.444,,"",
"","100000007903546","B4U1","","",0.219428571,,"",
"","100000007903616","B4U1","","",0.168142857,,"",
"","100000007902872","B4U1","","",0.044,,"",
"","100000007902936","B4U1","","",0.009857143,,"",
"","100000007903065","B4U1","","",0.020428571,,"",
"","100000007902751","B4U1","","",0.020857143,,"",
"","100000007902963","B4U1","","",0.583,,"",
"","100000007903092","B4U1","","",0.111571429,,"",
"","100000007902752","B4U1","","",0.024571429,,"",
"","100000007902828","B4U1","","",0.330857143,,"",
"","100000007907595","B4U1","","",0.015714286,,"",
"","100000007907743","B4U1","","",0.025142857,,"",
"","100000007902992","B4U1","","",0.106285714,,"",
"","100000007903042","B4U1","","",0.119,,"",
"","100000007909476","B4U1","","",0.088428571,,"",
"","100000007909522","B4U1","","",0.348857143,,"",
"","100000007903688","B4U1","","",1.082714286,,"",
"","100000007903732","B4U1","","",0.250428571,,"",
"","100000007911375","B4U1","","",0.318285714,,"",
"","100000007902873","B4U1","","",0.047714286,,"",
"","100000007902937","B4U1","","",0.033142857,,"",
"","100000007909474","B4U1","","",0.051714286,,"",
"","100000007909520","B4U1","","",0.036142857,,"",
"","100000007909581","B4U1","","",0.142,,"",
"","100000007909625","B4U1","","",0.266,,"",
"","100000007909323","B4U1","","",0.061285714,,"",
"","100000007909427","B4U1","","",0.122571429,,"",
"","100000007909499","B4U1","","",0.077571429,,"",
"","100000007909542","B4U1","","",0.322428571,,"",
"","100000007909605","B4U1","","",0.053142857,,"",
"","100000007909401","B4U1","","",0.028,,"",
"","100000007909475","B4U1","","",0.050571429,,"",
"","100000007909521","B4U1","","",0.149857143,,"",
"","100000007909582","B4U1","","",0.080428571,,"",
"","100000007909352","B4U1","","",0.282857143,,"",
"","100000007909402","B4U1","","",0.125857143,,"",
"","100000007912391","B4U1","","",0.156285714,,"",
"","100000007912192","B4U1","","",0.071428571,,"",
"","100000007903344","B4U1","","",0.05,,"",
"","100000007903413","B4U1","","",0.283142857,,"",
"","100000007903201","B4U1","","",0.055857143,,"",
"","100000007903275","B4U1","","",0.015,,"",
"","100000007903366","B4U1","","",0.133285714,,"",
"","100000007912348","B4U1","","",0.185428571,,"",
"","100000007907099","B4U1","","",1.638714286,,"",
"","100000007906261","B4U1","","",0.044285714,,"",
"","100000007906334","B4U1","","",0.156571429,,"",
"","100000007905994","B4U1","","",0.010285714,,"",
"","100000007908282","B4U1","","",0.168571429,,"",
"","100000007908395","B4U1","","",0.008,,"",
"","100000007908165","B4U1","","",0.013,,"",
"","100000007908220","B4U1","","",0.035571429,,"",
"","100000007905820","B4U1","","",0.023285714,,"",
"","100000007905946","B4U1","","",1.126,,"",
"","100000007906978","B4U1","","",0.208857143,,"",
"","100000007907097","B4U1","","",0.046714286,,"",
"","100000007906808","B4U1","","",0.590571429,,"",
"","100000007906855","B4U1","","",0.088857143,,"",
"","100000007906928","B4U1","","",0.068714286,,"",
"","100000007907002","B4U1","","",0.408142857,,"",
"","100000007906062","B4U1","","",0.073571429,,"",
"","100000007906145","B4U1","","",0.015428571,,"",
"","100000007908294","B4U1","","",0.484142857,,"",
"","100000007908337","B4U1","","",0.153571429,,"",
"","100000007903297","B4U1","","",0.244714286,,"",
"","100000007905731","B4U1","","",0.138714286,,"",
"","100000007905774","B4U1","","",0.035,,"",
"","100000007905845","B4U1","","",0.041,,"",
"","100000007905896","B4U1","","",0.182714286,,"",
"","100000007905589","B4U1","","",0.061,,"",
"","100000007906809","B4U1","","",0.132285714,,"",
"","100000007906812","B4U1","","",0.911571429,,"",
"","100000007906794","B4U1","","",0.929857143,,"",
"","100000007904228","B4U1","","",0.127714286,,"",
"","100000007903913","B4U1","","",0.025571429,,"",
"","100000007903958","B4U1","","",0.499571429,,"",
"","100000007904024","B4U1","","",0.053428571,,"",
"","100000007903068","B4U1","","",0.519857143,,"",
"","100000007902727","B4U1","","",0.133714286,,"",
"","100000007903663","B4U1","","",0.832571429,,"",
"","100000007903730","B4U1","","",0.118,,"",
"","100000007903776","B4U1","","",0.095142857,,"",
"","100000007906444","B4U1","","",0.125285714,,"",
"","100000007902990","B4U1","","",0.272714286,,"",
"","100000007903066","B4U1","","",0.083142857,,"",
"","100000007902726","B4U1","","",0.404857143,,"",
"","100000007902804","B4U1","","",0.123857143,,"",
"","100000007902851","B4U1","","",1.439142857,,"",
"","100000007904100","B4U1","","",0.039142857,,"",
"","100000007904151","B4U1","","",0.213142857,,"",
"","100000007904229","B4U1","","",0.112428571,,"",
"","100000007903933","B4U1","","",0.023,,"",
"","100000007903840","B4U1","","",0.725714286,,"",
"","100000007903897","B4U1","","",0.212571429,,"",
"","100000007903579","B4U1","","",1.088428571,,"",
"","100000007903639","B4U1","","",0.400142857,,"",
"","100000007903757","B4U1","","",0.400142857,,"",
"","100000007908396","B4U1","","",0.018428571,,"",
"","100000007908443","B4U1","","",0.023714286,,"",
"","100000007908137","B4U1","","",0.028857143,,"",
"","100000007908194","B4U1","","",0.038,,"",
"","100000007908428","B4U1","","",0.041571429,,"",
"","100000007908472","B4U1","","",0.039285714,,"",
"","100000007908180","B4U1","","",0.097,,"",
"","100000007902916","B4U1","","",0.380571429,,"",
"","100000007902852","B4U1","","",0.060285714,,"",
"","100000007902874","B4U1","","",0.271142857,,"",
"","100000007902917","B4U1","","",0.089428571,,"",
"","100000007902939","B4U1","","",0.328714286,,"",
"","100000007903981","B4U1","","",0.013428571,,"",
"","100000007903817","B4U1","","",0.090714286,,"",
"","100000007903868","B4U1","","",0.954714286,,"",
"","100000007903093","B4U1","","",0.006571429,,"",
"","100000007902780","B4U1","","",0.074,,"",
"","100000007902831","B4U1","","",0.414428571,,"",
"","100000007908625","B4U1","","",0.094571429,,"",
"","100000007908695","B4U1","","",0.023857143,,"",
"","100000007908503","B4U1","","",0.034571429,,"",
"","100000007907645","B4U1","","",0.633714286,,"",
"","100000007907694","B4U1","","",0.034285714,,"",
"","100000007907784","B4U1","","",0.299428571,,"",
"","100000007911650","B4U1","","",0.055285714,,"",
"","100000007911758","B4U1","","",0.103,,"",
"","100000007911433","B4U1","","",0.059,,"",
"","100000007911577","B4U1","","",0.174142857,,"",
"","100000007911629","B4U1","","",0.084714286,,"",
"","100000007908626","B4U1","","",0.031142857,,"",
"","100000007908671","B4U1","","",0.148,,"",
"","100000007908717","B4U1","","",0.192428571,,"",
"","100000007908789","B4U1","","",0.027142857,,"",
"","100000007908576","B4U1","","",0.009,,"",
"","100000007912320","B4U1","","",0.400285714,,"",
"","100000007908554","B4U1","","",0.069857143,,"",
"","100000007908673","B4U1","","",0.051142857,,"",
"","100000007912015","B4U1","","",0.086428571,,"",
"","100000007904570","B4U1","","",0.024714286,,"",
"","100000007904815","B4U1","","",0.020428571,,"",
"","100000007904857","B4U1","","",0.117285714,,"",
"","100000007904551","B4U1","","",0.052857143,,"",
"","100000007904603","B4U1","","",0.278285714,,"",
"","100000007904662","B4U1","","",0.086714286,,"",
"","100000007911854","B4U1","","",0.134857143,,"",
"","100000007906778","B4U1","","",0.057,,"",
"","100000007906909","B4U1","","",0.169,,"",
"","100000007906105","B4U1","","",0.135857143,,"",
"","100000007913238","B4U1","","",1.199857143,,"",
"","100000007913253","B4U1","","",2.166285714,,"",
"","100000007905797","B4U1","","",0.012571429,,"",
"","100000007905870","B4U1","","",0.092857143,,"",
"","100000007905921","B4U1","","",0.014,,"",
"","100000007906929","B4U1","","",1.204285714,,"",
"","100000007901759","B4U1","","",0.124857143,,"",
"","100000007901795","B4U1","","",0.145,,"",
"","100000007901850","B4U1","","",0.332285714,,"",
"","100000007901635","B4U1","","",0.275714286,,"",
"","100000007904202","B4U1","","",0.211285714,,"",
"","100000007906761","B4U1","","",0.129571429,,"",
"","100000007905710","B4U1","","",0.227571429,,"",
"","100000007905778","B4U1","","",0.260142857,,"",
"","100000007905843","B4U1","","",0.148142857,,"",
"","100000007906104","B4U1","","",0.030571429,,"",
"","100000007906147","B4U1","","",0.036,,"",
"","100000007906213","B4U1","","",0.067857143,,"",
"","100000007906263","B4U1","","",0.073285714,,"",
"","100000007905970","B4U1","","",0.055571429,,"",
"","100000007906020","B4U1","","",0.019714286,,"",
"","100000007906082","B4U1","","",0.051714286,,"",
"","100000007906126","B4U1","","",0.045428571,,"",
"","100000007905663","B4U1","","",0.012142857,,"",
"","100000007905730","B4U1","","",0.060571429,,"",
"","100000007905772","B4U1","","",0.002142857,,"",
"","100000007905844","B4U1","","",0.022428571,,"",
"","100000007904275","B4U1","","",0.583142857,,"",
"","100000007905920","B4U1","","",0.005428571,,"",
"","100000007905705","B4U1","","",0.034285714,,"",
"","100000007904204","B4U1","","",0.119142857,,"",
"","100000007903982","B4U1","","",0.018428571,,"",
"","100000007906311","B4U1","","",0.082714286,,"",
"","100000007905997","B4U1","","",0.396142857,,"",
"","100000007903545","B4U1","","",0.150571429,,"",
"","100000007903687","B4U1","","",0.739857143,,"",
"","100000007903640","B4U1","","",1.062857143,,"",
"","100000007905619","B4U1","","",0.004,,"",
"","100000007905773","B4U1","","",0.448428571,,"",
"","100000007902896","B4U1","","",0.008571429,,"",
"","100000007903043","B4U1","","",0.023,,"",
"","100000007902728","B4U1","","",0.022285714,,"",
"","100000007904583","B4U1","","",0.323857143,,"",
"","100000007904637","B4U1","","",0.047285714,,"",
"","100000007922561","B4U1","","",0.375571429,,"",
"","100000007921847","B4U1","","",0.053857143,,"",
"","100000007921868","B4U1","","",0.078857143,,"",
"","100000007912935","B4U1","","",0.018142857,,"",
"","100000007912999","B4U1","","",0.311,,"",
"","100000007913014","B4U1","","",0.046285714,,"",
"","100000007901444","B4U1","","",0.154714286,,"",
"","100000007901500","B4U1","","",0.186714286,,"",
"","100000007901530","B4U1","","",0.400285714,,"",
"","100000007907868","B4U1","","",0.067857143,,"",
"","100000007907902","B4U1","","",0.092857143,,"",
"","100000007921838","B4U1","","",0.078714286,,"",
"","100000007901501","B4U1","","",0.023857143,,"",
"","100000007912514","B4U1","","",0.331571429,,"",
"","100000007911526","B4U1","","",0.476285714,,"",
"","100000007911578","B4U1","","",0.446142857,,"",
"","100000007924097","B4U1","","",0.274428571,,"",
"","100000007924122","B4U1","","",0.283857143,,"",
"","100000007904417","B4U1","","",0.002285714,,"",
"","100000007901467","B4U1","","",0.042857143,,"",
"","100000007901319","B4U1","","",0.027857143,,"",
"","100000007907763","B4U1","","",0.272714286,,"",
"","100000007907439","B4U1","","",0.265285714,,"",
"","100000007907525","B4U1","","",0.577285714,,"",
"","100000007907594","B4U1","","",0.020714286,,"",
"","100000007907670","B4U1","","",0.017285714,,"",
"","100000007907719","B4U1","","",0.627428571,,"",
"","100000007907783","B4U1","","",0.786571429,,"",
"","100000007924065","B4U1","","",0.408571429,,"",
"","100000007904309","B4U1","","",0.006142857,,"",
"","100000007904347","B4U1","","",0.007857143,,"",
"","100000007904391","B4U1","","",0.028857143,,"",
"","100000007904433","B4U1","","",0.020714286,,"",
"","100000007925279","B4U1","","",0.023571429,,"",
"","100000007925292","B4U1","","",0.024857143,,"",
"","100000007925315","B4U1","","",0.08,,"",
"","100000007907867","B4U1","","",0.433428571,,"",
"","100000007910372","B4U1","","",0.017857143,,"",
"","100000007912718","B4U1","","",0.035571429,,"",
"","100000007911525","B4U1","","",0.113285714,,"",
"","100000007911576","B4U1","","",0.061142857,,"",
"","100000007904714","B4U1","","",0.035,,"",
"","100000007904768","B4U1","","",0.184571429,,"",
"","100000007904715","B4U1","","",0.309428571,,"",
"","100000007925330","B4U1","","",0.097428571,,"",
"","100000007925343","B4U1","","",0.148285714,,"",
"","100000007925316","B4U1","","",0.060714286,,"",
"","100000007925354","B4U1","","",0.082285714,,"",
"","100000007925258","B4U1","","",0.119714286,,"",
"","100000007925271","B4U1","","",0.150285714,,"",
"","100000007910885","B4U1","","",0.025,,"",
"","100000007904794","B4U1","","",0.643428571,,"",
"","100000007904881","B4U1","","",0.061714286,,"",
"","100000007904610","B4U1","","",0.010857143,,"",
"","100000007925293","B4U1","","",0.180571429,,"",
"","100000007925269","B4U1","","",0.083571429,,"",
"","100000007925285","B4U1","","",0.563714286,,"",
"","100000007912974","B4U1","","",0.029285714,,"",
"","100000007913000","B4U1","","",0.099428571,,"",
"","100000007913015","B4U1","","",0.006142857,,"",
"","100000007912914","B4U1","","",0.049857143,,"",
"","100000007904838","B4U1","","",0.008428571,,"",
"","100000007904540","B4U1","","",0.187714286,,"",
"","100000007901720","B4U1","","",0.113857143,,"",
"","100000007901848","B4U1","","",0.163142857,,"",
"","100000007901682","B4U1","","",0.081,,"",
"","100000007912951","B4U1","","",0.006142857,,"",
"","100000007912903","B4U1","","",0.050142857,,"",
"","100000007905106","B4U1","","",0.018,,"",
"","100000007905157","B4U1","","",0.039857143,,"",
"","100000007905260","B4U1","","",0.003142857,,"",
"","100000007904948","B4U1","","",0.007142857,,"",
"","100000007904997","B4U1","","",0.011428571,,"",
"","100000007905131","B4U1","","",0.013142857,,"",
"","100000007905197","B4U1","","",0.013857143,,"",
"","100000007905261","B4U1","","",0.025142857,,"",
"","100000007904928","B4U1","","",0.054571429,,"",
"","100000007921530","B4U1","","",0.043142857,,"",
"","100000007901282","B4U1","","",0.491571429,,"",
"","100000007901329","B4U1","","",0.553285714,,"",
"","100000007901423","B4U1","","",0.249285714,,"",
"","100000007904998","B4U1","","",0.050285714,,"",
"","100000007905132","B4U1","","",0.020142857,,"",
"","100000007901449","B4U1","","",0.074857143,,"",
"","100000007901535","B4U1","","",0.080142857,,"",
"","100000007901302","B4U1","","",0.047142857,,"",
"","100000007907529","B4U1","","",0.028571429,,"",
"","100000007907601","B4U1","","",0.034857143,,"",
"","100000007907651","B4U1","","",0.065571429,,"",
"","100000007907725","B4U1","","",0.026285714,,"",
"","100000007907790","B4U1","","",0.130142857,,"",
"","100000007907466","B4U1","","",0.255285714,,"",
"","100000007921523","B4U1","","",0.087,,"",
"","100000007901513","B4U1","","",0.140857143,,"",
"","100000007901545","B4U1","","",0.352857143,,"",
"","100000007901312","B4U1","","",0.486142857,,"",
"","100000007901387","B4U1","","",0.293428571,,"",
"","100000007901499","B4U1","","",0.134714286,,"",
"","100000007901450","B4U1","","",0.059857143,,"",
"","100000007901486","B4U1","","",0.044857143,,"",
"","100000007901536","B4U1","","",0.068571429,,"",
"","100000007902296","B4U1","","",0.229142857,,"",
"","100000007901947","B4U1","","",0.094428571,,"",
"","100000007921516","B4U1","","",0.071,,"",
"","100000007901283","B4U1","","",0.287571429,,"",
"","100000007908254","B4U1","","",0.117,,"",
"","100000007908338","B4U1","","",0.061428571,,"",
"","100000007902070","B4U1","","",0.049,,"",
"","100000007902007","B4U1","","",0.063285714,,"",
"","100000007902069","B4U1","","",0.115428571,,"",
"","100000007908008","B4U1","","",0.516285714,,"",
"","100000007901925","B4U1","","",0.073571429,,"",
"","100000007901830","B4U1","","",0.138571429,,"",
"","100000007901549","B4U1","","",0.054571429,,"",
"","100000007901610","B4U1","","",0.081857143,,"",
"","100000007901657","B4U1","","",0.060857143,,"",
"","100000007924123","B4U1","","",0.526285714,,"",
"","100000007924169","B4U1","","",0.460285714,,"",
"","100000007923739","B4U1","","",0.317857143,,"",
"","100000007923769","B4U1","","",0.526571429,,"",
"","100000007923668","B4U1","","",0.295,,"",
"","100000007923684","B4U1","","",0.391857143,,"",
"","100000007923731","B4U1","","",0.577571429,,"",
"","100000007923760","B4U1","","",0.402142857,,"",
"","100000007907202","B4U1","","",0.108571429,,"",
"","100000007907253","B4U1","","",0.114142857,,"",
"","100000007907304","B4U1","","",0.066714286,,"",
"","100000007907341","B4U1","","",0.060142857,,"",
"","100000007907401","B4U1","","",0.106571429,,"",
"","100000007907203","B4U1","","",0.018142857,,"",
"","100000007924057","B4U1","","",0.637428571,,"",
"","100000007924304","B4U1","","",0.094428571,,"",
"","100000007924306","B4U1","","",0.033714286,,"",
"","100000007924325","B4U1","","",0.029428571,,"",
"","100000007924326","B4U1","","",0.056857143,,"",
"","100000007924345","B4U1","","",0.042857143,,"",
"","100000007923777","B4U1","","",0.349,,"",
"","100000007923677","B4U1","","",0.387714286,,"",
"","100000007923703","B4U1","","",0.238142857,,"",
"","100000007923751","B4U1","","",0.114142857,,"",
"","100000007925242","B4U1","","",0.175142857,,"",
"","100000007925276","B4U1","","",0.122571429,,"",
"","100000007925300","B4U1","","",0.094142857,,"",
"","100000007907305","B4U1","","",0.179857143,,"",
"","100000007912515","B4U1","","",0.171,,"",
"","100000007912579","B4U1","","",0.120285714,,"",
"","100000007924374","B4U1","","",0.047285714,,"",
"","100000007924397","B4U1","","",0.025857143,,"",
"","100000007924437","B4U1","","",0.049285714,,"",
"","100000007924458","B4U1","","",0.028428571,,"",
"","100000007924365","B4U1","","",0.059,,"",
"","100000007924384","B4U1","","",0.079857143,,"",
"","100000007925301","B4U1","","",0.074428571,,"",
"","100000007925335","B4U1","","",0.074,,"",
"","100000007925350","B4U1","","",0.105,,"",
"","100000007925255","B4U1","","",0.138571429,,"",
"","100000007924848","B4U1","","",0.124571429,,"",
"","100000007924870","B4U1","","",0.101285714,,"",
"","100000007924888","B4U1","","",0.096,,"",
"","100000007924912","B4U1","","",0.100571429,,"",
"","100000007924929","B4U1","","",0.223714286,,"",
"","100000007924816","B4U1","","",0.082285714,,"",
"","100000007910347","B4U1","","",0.071714286,,"",
"","100000007910547","B4U1","","",0.016142857,,"",
"","100000007910656","B4U1","","",0.033428571,,"",
"","100000007912769","B4U1","","",0.486285714,,"",
"","100000007912544","B4U1","","",0.203,,"",
"","100000007912612","B4U1","","",0.078142857,,"",
"","100000007912763","B4U1","","",0.581285714,,"",
"","100000007925336","B4U1","","",0.043285714,,"",
"","100000007925256","B4U1","","",0.082714286,,"",
"","100000007925270","B4U1","","",0.063857143,,"",
"","100000007922578","B4U1","","",0.082,,"",
"","100000007922614","B4U1","","",0.660428571,,"",
"","100000007922628","B4U1","","",0.612,,"",
"","100000007922647","B4U1","","",0.36,,"",
"","100000007922554","B4U1","","",0.405285714,,"",
"","100000007910398","B4U1","","",0.061428571,,"",
"","100000007912545","B4U1","","",0.176285714,,"",
"","100000007912577","B4U1","","",0.050285714,,"",
"","100000007912650","B4U1","","",0.274142857,,"",
"","100000007912702","B4U1","","",0.694857143,,"",
"","100000007905025","B4U1","","",0.007428571,,"",
"","100000007905079","B4U1","","",0.003857143,,"",
"","100000007905158","B4U1","","",0.006,,"",
"","100000007905198","B4U1","","",0.005714286,,"",
"","100000007905262","B4U1","","",0.006,,"",
"","100000007922572","B4U1","","",0.785571429,,"",
"","100000007922589","B4U1","","",0.371428571,,"",
"","100000007922607","B4U1","","",0.897571429,,"",
"","100000007922573","B4U1","","",0.381571429,,"",
"","100000007922608","B4U1","","",0.200285714,,"",
"","100000007912941","B4U1","","",0.759571429,,"",
"","100000007912911","B4U1","","",0.083857143,,"",
"","100000007904950","B4U1","","",0.010142857,,"",
"","100000007904536","B4U1","","",0.531142857,,"",
"","100000007904743","B4U1","","",0.084428571,,"",
"","100000007904859","B4U1","","",0.017428571,,"",
"","100000007919433","B4U1","","",24.3,,"",
"","100000007919455","B4U1","","",20.68971429,,"",
"","100000007930281","B4U1","","",33.01714286,,"",
"","100000007930267","B4U1","","",41.51514286,,"",
"","100000007930288","B4U1","","",2.074,,"",
"","100000007930191","B4U1","","",4.582285714,,"",
"","100000007930357","B4U1","","",0.212285714,,"",
"","100000007933376","B4U1","","",0.083285714,,"",
"","100000007933314","B4U1","","",0.070857143,,"",
"","100000007933327","B4U1","","",0.102285714,,"",
"","100000007933384","B4U1","","",0.559,,"",
"","100000007933279","B4U1","","",0.831571429,,"",
"","100000007934094","B4U1","","",0.363428571,,"",
"","100000007933663","B4U1","","",0.127714286,,"",
"","100000007933676","B4U1","","",0.210714286,,"",
"","100000007919565","B4U1","","",9.548142857,,"",
"","100000007919575","B4U1","","",11.13,,"",
"","100000007919580","B4U1","","",10.36785714,,"",
"","100000007919464","B4U1","","",11.26014286,,"",
"","100000007919468","B4U1","","",12.94285714,,"",
"","100000007919045","B4U1","","",25.42628571,,"",
"","100000007919071","B4U1","","",23.52142857,,"",
"","100000007919103","B4U1","","",0.841857143,,"",
"","100000007919109","B4U1","","",17.51457143,,"",
"","100000007919379","B4U1","","",32.34585714,,"",
"","100000007919441","B4U1","","",53.58342857,,"",
"","100000007917892","B4U1","","",30.19342857,,"",
"","100000007917808","B4U1","","",34.58885714,,"",
"","100000007939819","B4U1","","",116.5951429,,"",
"","100000007930365","B4U1","","",0.256285714,,"",
"","100000007930762","B4U1","","",0.006428571,,"",
"","100000007930777","B4U1","","",0.012285714,,"",
"","100000007933684","B4U1","","",0.192857143,,"",
"","100000007933876","B4U1","","",0.193571429,,"",
"","100000007933888","B4U1","","",0.383857143,,"",
"","100000007933908","B4U1","","",0.549,,"",
"","100000007919486","B4U1","","",8.484571429,,"",
"","100000007919501","B4U1","","",8.809714286,,"",
"","100000007919509","B4U1","","",8.794857143,,"",
"","100000007919515","B4U1","","",9.284428571,,"",
"","100000007919640","B4U1","","",9.781714286,,"",
"","100000007919461","B4U1","","",12.956,,"",
"","100000007919024","B4U1","","",12.03428571,,"",
"","100000007917614","B4U1","","",10.20628571,,"",
"","100000007917635","B4U1","","",6.269,,"",
"","100000007917528","B4U1","","",13.71557143,,"",
"","100000007918567","B4U1","","",5.670142857,,"",
"","100000007918599","B4U1","","",6.100714286,,"",
"","100000007918617","B4U1","","",6.401285714,,"",
"","100000007941232","B4U1","","",332.063,,"",
"","100000007930723","B4U1","","",0.003142857,,"",
"","100000007930745","B4U1","","",0.003285714,,"",
"","100000007931059","B4U1","","",0.562714286,,"",
"","100000007931089","B4U1","","",0.582285714,,"",
"","100000007930994","B4U1","","",2.042,,"",
"","100000007919662","B4U1","","",11.41714286,,"",
"","100000007917630","B4U1","","",9.968285714,,"",
"","100000007917546","B4U1","","",7.945714286,,"",
"","100000007917555","B4U1","","",7.621,,"",
"","100000007917567","B4U1","","",7.882714286,,"",
"","100000007917643","B4U1","","",7.859,,"",
"","100000007917573","B4U1","","",9.641571429,,"",
"","100000007917590","B4U1","","",5.234714286,,"",
"","100000007917732","B4U1","","",32.18071429,,"",
"","100000007917747","B4U1","","",8.917714286,,"",
"","100000007917769","B4U1","","",15.21257143,,"",
"","100000007917679","B4U1","","",8.171428571,,"",
"","100000007917695","B4U1","","",7.731142857,,"",
"","100000007917726","B4U1","","",13.12971429,,"",
"","100000007945714","B4U1","","",0.000142857,,"",
"","100000007929763","B4U1","","",0.260714286,,"",
"","100000007929909","B4U1","","",0.256142857,,"",
"","100000007931017","B4U1","","",0.304857143,,"",
"","100000007931039","B4U1","","",0.431,,"",
"","100000007930978","B4U1","","",0.146428571,,"",
"","100000007930851","B4U1","","",0.179571429,,"",
"","100000007929878","B4U1","","",0.090714286,,"",
"","100000007929899","B4U1","","",0.183428571,,"",
"","100000007929791","B4U1","","",0.139,,"",
"","100000007929814","B4U1","","",0.103428571,,"",
"","100000007929638","B4U1","","",0.719571429,,"",
"","100000007917578","B4U1","","",12.49714286,,"",
"","100000007917592","B4U1","","",14.90642857,,"",
"","100000007917599","B4U1","","",0.051857143,,"",
"","100000007917609","B4U1","","",1.571428571,,"",
"","100000007917624","B4U1","","",1.609428571,,"",
"","100000007917631","B4U1","","",1.631142857,,"",
"","100000007917646","B4U1","","",1.606,,"",
"","100000007917540","B4U1","","",1.611571429,,"",
"","100000007916757","B4U1","","",4.621142857,,"",
"","100000007916777","B4U1","","",5.708857143,,"",
"","100000007917804","B4U1","","",13.62085714,,"",
"","100000007917839","B4U1","","",7.237142857,,"",
"","100000007917774","B4U1","","",6.210571429,,"",
"","100000007917790","B4U1","","",8.381142857,,"",
"","100000007916625","B4U1","","",19.224,,"",
"","100000007916649","B4U1","","",20.38114286,,"",
"","100000007916668","B4U1","","",24.22285714,,"",
"","100000007917681","B4U1","","",6.683857143,,"",
"","100000007931728","B4U1","","",0.165857143,,"",
"","100000007931668","B4U1","","",0.246857143,,"",
"","100000007931267","B4U1","","",0.096142857,,"",
"","100000007931318","B4U1","","",0.151285714,,"",
"","100000007931350","B4U1","","",0.164,,"",
"","100000007931280","B4U1","","",0.146571429,,"",
"","100000007931313","B4U1","","",0.194,,"",
"","100000007932215","B4U1","","",9.980714286,,"",
"","100000007932124","B4U1","","",0.072428571,,"",
"","100000007932188","B4U1","","",0.100428571,,"",
"","100000007932115","B4U1","","",1.422571429,,"",
"","100000007932025","B4U1","","",0.058857143,,"",
"","100000007929829","B4U1","","",0.12,,"",
"","100000007929850","B4U1","","",0.111428571,,"",
"","100000007916893","B4U1","","",4.012857143,,"",
"","100000007916903","B4U1","","",3.438,,"",
"","100000007916962","B4U1","","",7.254,,"",
"","100000007916850","B4U1","","",8.542285714,,"",
"","100000007916797","B4U1","","",7.040571429,,"",
"","100000007916717","B4U1","","",7.765857143,,"",
"","100000007916778","B4U1","","",8.591571429,,"",
"","100000007916720","B4U1","","",19.24114286,,"",
"","100000007916617","B4U1","","",1.204714286,,"",
"","100000007916581","B4U1","","",1.760571429,,"",
"","100000007916607","B4U1","","",1.218428571,,"",
"","100000007916632","B4U1","","",2.396428571,,"",
"","100000007916640","B4U1","","",3.041714286,,"",
"","100000007916676","B4U1","","",2.638285714,,"",
"","100000007916563","B4U1","","",3.398714286,,"",
"","100000007916578","B4U1","","",3.031571429,,"",
"","100000007916589","B4U1","","",3.668,,"",
"","100000007945837","B4U1","","",0.000428571,,"",
"","100000007947470","B4U1","","",0,,"",
"","100000007931685","B4U1","","",0.253571429,,"",
"","100000007931641","B4U1","","",0.105857143,,"",
"","100000007931659","B4U1","","",0.118,,"",
"","100000007931686","B4U1","","",0.167714286,,"",
"","100000007933109","B4U1","","",0.032714286,,"",
"","100000007933132","B4U1","","",0.021571429,,"",
"","100000007933147","B4U1","","",0.025,,"",
"","100000007933041","B4U1","","",0.026857143,,"",
"","100000007931765","B4U1","","",1.419857143,,"",
"","100000007931785","B4U1","","",1.342285714,,"",
"","100000007931855","B4U1","","",1.249714286,,"",
"","100000007929799","B4U1","","",1.285857143,,"",
"","100000007916479","B4U1","","",4.073285714,,"",
"","100000007916530","B4U1","","",1.914285714,,"",
"","100000007916436","B4U1","","",1.793142857,,"",
"","100000007916470","B4U1","","",3.693285714,,"",
"","100000007916767","B4U1","","",19.31185714,,"",
"","100000007916690","B4U1","","",19.24085714,,"",
"","100000007916710","B4U1","","",27.85214286,,"",
"","100000007916669","B4U1","","",1.226285714,,"",
"","100000007916596","B4U1","","",9.940571429,,"",
"","100000007918995","B4U1","","",2.187,,"",
"","100000007919012","B4U1","","",2.187,,"",
"","100000007919020","B4U1","","",2.187,,"",
"","100000007917478","B4U1","","",3.919428571,,"",
"","100000007947718","B4U1","","",0,,"",
"","100000007947602","B4U1","","",0,,"",
"","100000007947363","B4U1","","",0,,"",
"","100000007947390","B4U1","","",0,,"",
"","100000007933085","B4U1","","",0.030428571,,"",
"","100000007933124","B4U1","","",0.143142857,,"",
"","100000007933139","B4U1","","",0.093571429,,"",
"","100000007933053","B4U1","","",0.118714286,,"",
"","100000007933075","B4U1","","",0.084142857,,"",
"","100000007931872","B4U1","","",1.272857143,,"",
"","100000007931758","B4U1","","",1.283714286,,"",
"","100000007931987","B4U1","","",0.523,,"",
"","100000007932278","B4U1","","",0.045142857,,"",
"","100000007932296","B4U1","","",0.033714286,,"",
"","100000007932237","B4U1","","",0.104,,"",
"","100000007932263","B4U1","","",0.078142857,,"",
"","100000007932304","B4U1","","",0.104142857,,"",
"","100000007932322","B4U1","","",0.136,,"",
"","100000007918355","B4U1","","",15.129,,"",
"","100000007918930","B4U1","","",35.82514286,,"",
"","100000007918968","B4U1","","",18.32442857,,"",
"","100000007918986","B4U1","","",19.53671429,,"",
"","100000007919009","B4U1","","",11.08014286,,"",
"","100000007918903","B4U1","","",11.527,,"",
"","100000007918925","B4U1","","",11.10014286,,"",
"","100000007918974","B4U1","","",10.751,,"",
"","100000007918916","B4U1","","",2.187,,"",
"","100000007918962","B4U1","","",2.607428571,,"",
"","100000007946937","B4U1","","",0,,"",
"","100000007946920","B4U1","","",0,,"",
"","100000007946957","B4U1","","",0,,"",
"","100000007947746","B4U1","","",0,,"",
"","100000007947747","B4U1","","",0.000285714,,"",
"","100000007947416","B4U1","","",0,,"",
"","100000007944249","B4U1","","",0.740571429,,"",
"","100000007944260","B4U1","","",0.721285714,,"",
"","100000007939882","B4U1","","",176.4495714,,"",
"","100000007939902","B4U1","","",178.2568571,,"",
"","100000007939925","B4U1","","",178.9685714,,"",
"","100000007939809","B4U1","","",128.2902857,,"",
"","100000007933114","B4U1","","",0.027142857,,"",
"","100000007933133","B4U1","","",0.017571429,,"",
"","100000007933154","B4U1","","",0.018428571,,"",
"","100000007932928","B4U1","","",0.031857143,,"",
"","100000007932982","B4U1","","",0.074285714,,"",
"","100000007930536","B4U1","","",0.924142857,,"",
"","100000007933224","B4U1","","",0.283285714,,"",
"","100000007933238","B4U1","","",0.248857143,,"",
"","100000007934024","B4U1","","",0.128142857,,"",
"","100000007934049","B4U1","","",0.083285714,,"",
"","100000007932381","B4U1","","",0.090142857,,"",
"","100000007932394","B4U1","","",0.076285714,,"",
"","100000007932414","B4U1","","",0.096142857,,"",
"","100000007932426","B4U1","","",0.087428571,,"",
"","100000007932448","B4U1","","",0.129142857,,"",
"","100000007932365","B4U1","","",0.021714286,,"",
"","100000007932382","B4U1","","",0.018428571,,"",
"","100000007918209","B4U1","","",33.70442857,,"",
"","100000007918204","B4U1","","",20.85342857,,"",
"","100000007918251","B4U1","","",33.696,,"",
"","100000007918267","B4U1","","",28.26514286,,"",
"","100000007918297","B4U1","","",32.43357143,,"",
"","100000007919043","B4U1","","",11.96957143,,"",
"","100000007918911","B4U1","","",1.311285714,,"",
"","100000007918924","B4U1","","",1.286,,"",
"","100000007919435","B4U1","","",6.570428571,,"",
"","100000007919351","B4U1","","",26.92285714,,"",
"","100000007907743","FOS1","","",0.068734022,,"",
"","100000007897401","FOS1","","",0.265885895,,"",
"","100000007897408","FOS1","","",0.572757457,,"",
"","100000007897726","FOS1","","",0.179885553,,"",
"","100000007897778","FOS1","","",0.053911206,,"",
"","100000007897736","FOS1","","",0.065936391,,"",
"","100000007897785","FOS1","","",0.055317819,,"",
"","100000007897789","FOS1","","",0.038480451,,"",
"","100000007897797","FOS1","","",0.055809244,,"",
"","100000007897783","FOS1","","",0.106546021,,"",
"","100000007898738","FOS1","","",0.39290001,,"",
"","100000007898718","FOS1","","",0.116398888,,"",
"","100000007898724","FOS1","","",1.439326077,,"",
"","100000007898726","FOS1","","",0.045737893,,"",
"","100000007898716","FOS1","","",0.043356955,,"",
"","100000007899241","FOS1","","",0.042020327,,"",
"","100000007899231","FOS1","","",0.225639991,,"",
"","100000007899237","FOS1","","",0.083969296,,"",
"","100000007899604","FOS1","","",0.81171526,,"",
"","100000007899616","FOS1","","",0.101855487,,"",
"","100000007899632","FOS1","","",0.081532819,,"",
"","100000007899642","FOS1","","",0.510217851,,"",
"","100000007899658","FOS1","","",0.119890407,,"",
"","100000007899822","FOS1","","",0.607231418,,"",
"","100000007903042","FOS1","","",0.214655677,,"",
"","100000008026414","FOS1","","",2.482037092,,"",
"","100000007900912","FOS1","","",2.088624045,,"",
"","100000007901247","FOS1","","",0.228709163,,"",
"","100000007901020","FOS1","","",0.096507201,,"",
"","100000007901074","FOS1","","",0.807546897,,"",
"","100000007901128","FOS1","","",0.103927457,,"",
"","100000007898037","FOS1","","",0.470691367,,"",
"","100000007898055","FOS1","","",0.468722485,,"",
"","100000007897857","FOS1","","",1.445950805,,"",
"","100000007897908","FOS1","","",3.0283149,,"",
"","100000007897988","FOS1","","",0.079261485,,"",
"","100000007897847","FOS1","","",0.199344448,,"",
"","100000007897874","FOS1","","",0.243722614,,"",
"","100000007963328","FOS1","","",4.514116412,,"",
"","100000007963362","FOS1","","",17.83148684,,"",
"","100000007963419","FOS1","","",2.989148345,,"",
"","100000007963463","FOS1","","",3.724873089,,"",
"","100000007963548","FOS1","","",4.346291211,,"",
"","100000007962272","FOS1","","",3.639142867,,"",
"","100000007962394","FOS1","","",5.389089977,,"",
"","100000007962461","FOS1","","",6.856904862,,"",
"","100000007962523","FOS1","","",12.89235453,,"",
"","100000007898728","FOS1","","",0.27064097,,"",
"","100000007901848","FOS1","","",0.306507716,,"",
"","100000007901682","FOS1","","",0.157715613,,"",
"","100000007904228","FOS1","","",0.332654622,,"",
"","100000007903913","FOS1","","",0.092857355,,"",
"","100000007903958","FOS1","","",1.503532139,,"",
"","100000007904024","FOS1","","",0.102750228,,"",
"","100000007904100","FOS1","","",0.137717265,,"",
"","100000007904151","FOS1","","",0.747195424,,"",
"","100000007904229","FOS1","","",0.40012262,,"",
"","100000007902896","FOS1","","",0.025857398,,"",
"","100000007903043","FOS1","","",0.075682096,,"",
"","100000007902728","FOS1","","",0.041341726,,"",
"","100000007902872","FOS1","","",0.081054362,,"",
"","100000007902936","FOS1","","",0.02203624,,"",
"","100000007903065","FOS1","","",0.040482985,,"",
"","100000007903068","FOS1","","",0.70853998,,"",
"","100000007902727","FOS1","","",0.27584783,,"",
"","100000007903663","FOS1","","",1.443088358,,"",
"","100000007903730","FOS1","","",0.204528309,,"",
"","100000007903776","FOS1","","",0.164910235,,"",
"","100000007903840","FOS1","","",1.257873861,,"",
"","100000008030610","FOS1","","",5.36051324,,"",
"","100000008029746","FOS1","","",5.824660777,,"",
"","100000008029928","FOS1","","",5.614068794,,"",
"","100000008025510","FOS1","","",2.535728725,,"",
"","100000008025150","FOS1","","",1.783068879,,"",
"","100000007898451","FOS1","","",0.485488359,,"",
"","100000007898393","FOS1","","",0.714928253,,"",
"","100000007898426","FOS1","","",0.827062782,,"",
"","100000007898457","FOS1","","",1.526481621,,"",
"","100000007898394","FOS1","","",4.242216278,,"",
"","100000007898427","FOS1","","",0.080422374,,"",
"","100000007900631","FOS1","","",0.07415588,,"",
"","100000007900635","FOS1","","",0.048752994,,"",
"","100000007900640","FOS1","","",0.20392658,,"",
"","100000007900614","FOS1","","",0.079922115,,"",
"","100000007900624","FOS1","","",0.184059632,,"",
"","100000007900632","FOS1","","",0.129635605,,"",
"","100000007900637","FOS1","","",0.033877975,,"",
"","100000007900641","FOS1","","",0.037964127,,"",
"","100000007901075","FOS1","","",0.090496978,,"",
"","100000007901109","FOS1","","",0.426105467,,"",
"","100000007901160","FOS1","","",0.18810219,,"",
"","100000007905327","FOS1","","",0.379590675,,"",
"","100000007901189","FOS1","","",1.617294354,,"",
"","100000007901234","FOS1","","",0.436673321,,"",
"","100000007902488","FOS1","","",0.231748696,,"",
"","100000007902571","FOS1","","",0.298510725,,"",
"","100000007961496","FOS1","","",1.749947211,,"",
"","100000007961136","FOS1","","",2.199904825,,"",
"","100000007961214","FOS1","","",3.328433902,,"",
"","100000007961272","FOS1","","",4.203407417,,"",
"","100000007963262","FOS1","","",6.939000076,,"",
"","100000007963301","FOS1","","",16.19584668,,"",
"","100000007963420","FOS1","","",1.635640301,,"",
"","100000007963549","FOS1","","",3.782026683,,"",
"","100000007963597","FOS1","","",3.017724973,,"",
"","100000007963302","FOS1","","",4.456962992,,"",
"","100000007963344","FOS1","","",6.939000076,,"",
"","100000007963400","FOS1","","",15.46012172,,"",
"","100000007903933","FOS1","","",0.085551643,,"",
"","100000007903981","FOS1","","",0.054976567,,"",
"","100000007902751","FOS1","","",0.022728987,,"",
"","100000007902963","FOS1","","",1.010508509,,"",
"","100000007903092","FOS1","","",0.245487723,,"",
"","100000007902752","FOS1","","",0.065829347,,"",
"","100000007902828","FOS1","","",0.581698578,,"",
"","100000007902873","FOS1","","",0.092540417,,"",
"","100000007905844","FOS1","","",0.054906025,,"",
"","100000007903897","FOS1","","",0.368448092,,"",
"","100000007903579","FOS1","","",1.923110183,,"",
"","100000007903639","FOS1","","",0.693563914,,"",
"","100000007903757","FOS1","","",0.611765229,,"",
"","100000007903817","FOS1","","",0.273433826,,"",
"","100000007903868","FOS1","","",1.3832192,,"",
"","100000008030540","FOS1","","",4.992650853,,"",
"","100000008030085","FOS1","","",5.170407337,,"",
"","100000008026468","FOS1","","",2.598604306,,"",
"","100000007898442","FOS1","","",0.170469284,,"",
"","100000007898342","FOS1","","",2.67902683,,"",
"","100000007900630","FOS1","","",2.221024501,,"",
"","100000007900569","FOS1","","",0.293578444,,"",
"","100000007900574","FOS1","","",0.10516344,,"",
"","100000007905306","FOS1","","",0.295647091,,"",
"","100000007905433","FOS1","","",0.079978988,,"",
"","100000007905530","FOS1","","",2.625846417,,"",
"","100000007905285","FOS1","","",2.177686256,,"",
"","100000007902686","FOS1","","",0.074896506,,"",
"","100000007902407","FOS1","","",0.062059473,,"",
"","100000007902450","FOS1","","",0.082704822,,"",
"","100000007902509","FOS1","","",0.133942483,,"",
"","100000007902616","FOS1","","",0.32147498,,"",
"","100000007902663","FOS1","","",0.27043691,,"",
"","100000007902428","FOS1","","",0.23990226,,"",
"","100000007902529","FOS1","","",0.29650426,,"",
"","100000007961243","FOS1","","",3.103455033,,"",
"","100000007961327","FOS1","","",4.231984137,,"",
"","100000007961384","FOS1","","",5.049804243,,"",
"","100000007961469","FOS1","","",6.010508043,,"",
"","100000007965805","FOS1","","",21.67810834,,"",
"","100000007963523","FOS1","","",2.466723765,,"",
"","100000007963329","FOS1","","",4.007005362,,"",
"","100000007963381","FOS1","","",4.964074185,,"",
"","100000007971790","FOS1","","",1.486116668,,"",
"","100000007971733","FOS1","","",1.453639147,,"",
"","100000007971828","FOS1","","",2.033172809,,"",
"","100000007904610","FOS1","","",0.03604744,,"",
"","100000007904838","FOS1","","",0.024474944,,"",
"","100000007904540","FOS1","","",0.364209939,,"",
"","100000007904570","FOS1","","",0.081805703,,"",
"","100000007904815","FOS1","","",0.05818137,,"",
"","100000007906928","FOS1","","",0.144099748,,"",
"","100000007907002","FOS1","","",0.753780611,,"",
"","100000007906809","FOS1","","",0.31943435,,"",
"","100000007906812","FOS1","","",1.681087769,,"",
"","100000007906794","FOS1","","",2.243749148,,"",
"","100000007905619","FOS1","","",0.009811312,,"",
"","100000007905773","FOS1","","",0.525087416,,"",
"","100000007905820","FOS1","","",0.06393452,,"",
"","100000007906105","FOS1","","",0.307847382,,"",
"","100000007902639","FOS1","","",0.243824973,,"",
"","100000007902707","FOS1","","",0.497771958,,"",
"","100000007902408","FOS1","","",0.42019848,,"",
"","100000007902465","FOS1","","",0.528033318,,"",
"","100000007902510","FOS1","","",0.166564643,,"",
"","100000007902640","FOS1","","",0.209953491,,"",
"","100000007902708","FOS1","","",0.256937514,,"",
"","100000007902466","FOS1","","",0.254131654,,"",
"","100000007902511","FOS1","","",0.3838081,,"",
"","100000007901501","FOS1","","",0.072387465,,"",
"","100000007901467","FOS1","","",0.118621778,,"",
"","100000007903545","FOS1","","",0.248618268,,"",
"","100000007903687","FOS1","","",1.095145418,,"",
"","100000007903640","FOS1","","",2.71449082,,"",
"","100000007903758","FOS1","","",0.878211824,,"",
"","100000007905379","FOS1","","",2.731125604,,"",
"","100000007905414","FOS1","","",2.243218221,,"",
"","100000007905565","FOS1","","",2.903538481,,"",
"","100000007905302","FOS1","","",4.753641315,,"",
"","100000007965153","FOS1","","",5.839047669,,"",
"","100000007965196","FOS1","","",5.839047669,,"",
"","100000007965853","FOS1","","",11.19956088,,"",
"","100000007966017","FOS1","","",16.30651855,,"",
"","100000007965690","FOS1","","",1.97492593,,"",
"","100000007969860","FOS1","","",4.055882071,,"",
"","100000007969533","FOS1","","",7.830600078,,"",
"","100000007904857","FOS1","","",0.354220342,,"",
"","100000007904551","FOS1","","",0.100878727,,"",
"","100000007904603","FOS1","","",0.544788428,,"",
"","100000007904662","FOS1","","",0.203181371,,"",
"","100000007906778","FOS1","","",0.101181466,,"",
"","100000007906909","FOS1","","",0.268845,,"",
"","100000007906761","FOS1","","",0.196922276,,"",
"","100000007905710","FOS1","","",0.390947403,,"",
"","100000007905778","FOS1","","",0.522723746,,"",
"","100000007905946","FOS1","","",2.080415827,,"",
"","100000007905731","FOS1","","",0.317469647,,"",
"","100000007905774","FOS1","","",0.045338289,,"",
"","100000007905845","FOS1","","",0.055245372,,"",
"","100000007905896","FOS1","","",0.360528804,,"",
"","100000007906104","FOS1","","",0.104533466,,"",
"","100000007906147","FOS1","","",0.124362607,,"",
"","100000007906213","FOS1","","",0.190981818,,"",
"","100000007901528","FOS1","","",0.583518709,,"",
"","100000007901282","FOS1","","",0.765914068,,"",
"","100000007901329","FOS1","","",0.890676466,,"",
"","100000007901423","FOS1","","",0.672777459,,"",
"","100000007901513","FOS1","","",0.234535836,,"",
"","100000007901545","FOS1","","",0.587097718,,"",
"","100000007901319","FOS1","","",0.086396102,,"",
"","100000007901449","FOS1","","",0.276101396,,"",
"","100000007901535","FOS1","","",0.211895206,,"",
"","100000007901302","FOS1","","",0.0874458,,"",
"","100000007903818","FOS1","","",0.186739816,,"",
"","100000007903869","FOS1","","",2.712833456,,"",
"","100000007903546","FOS1","","",0.351033594,,"",
"","100000007903616","FOS1","","",0.252660477,,"",
"","100000007903688","FOS1","","",1.722926128,,"",
"","100000007906263","FOS1","","",0.2378701,,"",
"","100000007907401","FOS1","","",0.320186114,,"",
"","100000007907203","FOS1","","",0.076830011,,"",
"","100000007907305","FOS1","","",0.59475884,,"",
"","100000007965091","FOS1","","",9.760322805,,"",
"","100000007965132","FOS1","","",12.0459577,,"",
"","100000007965197","FOS1","","",17.24363858,,"",
"","100000007970278","FOS1","","",37.86155245,,"",
"","100000007965856","FOS1","","",2.624920816,,"",
"","100000007970006","FOS1","","",25.08119582,,"",
"","100000007909401","FOS1","","",0.074597084,,"",
"","100000007909475","FOS1","","",0.17776538,,"",
"","100000007909521","FOS1","","",0.403065389,,"",
"","100000007909582","FOS1","","",0.325547647,,"",
"","100000007909352","FOS1","","",0.926234178,,"",
"","100000007909402","FOS1","","",0.436697088,,"",
"","100000007909476","FOS1","","",0.277845916,,"",
"","100000007909522","FOS1","","",0.92156493,,"",
"","100000008028520","FOS1","","",2.864636086,,"",
"","100000008028735","FOS1","","",3.211692869,,"",
"","100000007905359","FOS1","","",1.526374267,,"",
"","100000007905526","FOS1","","",1.050126583,,"",
"","100000007905284","FOS1","","",0.15030107,,"",
"","100000007905970","FOS1","","",0.131256203,,"",
"","100000007906020","FOS1","","",0.036583948,,"",
"","100000007906082","FOS1","","",0.140519769,,"",
"","100000007906126","FOS1","","",0.148983028,,"",
"","100000007906311","FOS1","","",0.222652897,,"",
"","100000007905997","FOS1","","",0.686630751,,"",
"","100000007908282","FOS1","","",0.638663835,,"",
"","100000007970321","FOS1","","",21.42682939,,"",
"","100000007970405","FOS1","","",121.189738,,"",
"","100000007970236","FOS1","","",123.736228,,"",
"","100000007969285","FOS1","","",29.93459796,,"",
"","100000007969322","FOS1","","",66.66894727,,"",
"","100000007969385","FOS1","","",51.40522765,,"",
"","100000007969453","FOS1","","",13.42804237,,"",
"","100000007969499","FOS1","","",13.42804237,,"",
"","100000007969302","FOS1","","",104.078233,,"",
"","100000007969344","FOS1","","",19.58143398,,"",
"","100000007969407","FOS1","","",13.42804237,,"",
"","100000007966556","FOS1","","",1.903898171,,"",
"","100000007966620","FOS1","","",2.333382375,,"",
"","100000007966714","FOS1","","",2.878521342,,"",
"","100000007966841","FOS1","","",2.84998131,,"",
"","100000007966900","FOS1","","",3.414164051,,"",
"","100000007966491","FOS1","","",5.246206453,,"",
"","100000008028108","FOS1","","",17.29367352,,"",
"","100000008038164","FOS1","","",6.852313434,,"",
"","100000007905326","FOS1","","",0.10523551,,"",
"","100000007904384","FOS1","","",0.678334092,,"",
"","100000007904424","FOS1","","",0.20799489,,"",
"","100000007904452","FOS1","","",1.668416156,,"",
"","100000007904453","FOS1","","",0.472940763,,"",
"","100000007904493","FOS1","","",0.100298893,,"",
"","100000007905106","FOS1","","",0.073395251,,"",
"","100000007905157","FOS1","","",0.128336513,,"",
"","100000007905260","FOS1","","",0.012259906,,"",
"","100000007904948","FOS1","","",0.026920723,,"",
"","100000007904997","FOS1","","",0.038212463,,"",
"","100000007905131","FOS1","","",0.043174359,,"",
"","100000007905197","FOS1","","",0.055687104,,"",
"","100000007905261","FOS1","","",0.09396936,,"",
"","100000007908395","FOS1","","",0.029141265,,"",
"","100000007908165","FOS1","","",0.043395288,,"",
"","100000007908220","FOS1","","",0.0785761,,"",
"","100000007908396","FOS1","","",0.089534186,,"",
"","100000007908443","FOS1","","",0.079270645,,"",
"","100000007908137","FOS1","","",0.082322422,,"",
"","100000007908194","FOS1","","",0.112091219,,"",
"","100000007970383","FOS1","","",54.00480867,,"",
"","100000007970504","FOS1","","",343.2301949,,"",
"","100000007970299","FOS1","","",60.19735737,,"",
"","100000007898486","FOS1","","",0.573623924,,"",
"","100000007898485","FOS1","","",0.10704179,,"",
"","100000007898489","FOS1","","",1.616811286,,"",
"","100000007898491","FOS1","","",0.296106539,,"",
"","100000007898498","FOS1","","",0.137753046,,"",
"","100000007898499","FOS1","","",1.158004018,,"",
"","100000007898505","FOS1","","",0.25469639,,"",
"","100000007898490","FOS1","","",1.284863984,,"",
"","100000007898737","FOS1","","",0.050272843,,"",
"","100000007898713","FOS1","","",0.683133735,,"",
"","100000007898717","FOS1","","",0.084524438,,"",
"","100000007899219","FOS1","","",0.087117499,,"",
"","100000007899229","FOS1","","",0.546457112,,"",
"","100000007899164","FOS1","","",0.032707591,,"",
"","100000007899174","FOS1","","",0.11055207,,"",
"","100000007899190","FOS1","","",0.948538378,,"",
"","100000007899691","FOS1","","",0.349354646,,"",
"","100000007899643","FOS1","","",0.12825283,,"",
"","100000007899816","FOS1","","",0.08389897,,"",
"","100000007899828","FOS1","","",0.076523042,,"",
"","100000007899750","FOS1","","",0.082463464,,"",
"","100000007899751","FOS1","","",0.217123595,,"",
"","100000007907867","FOS1","","",0.671394642,,"",
"","100000007904928","FOS1","","",0.18501193,,"",
"","100000007907868","FOS1","","",0.139214383,,"",
"","100000007907902","FOS1","","",0.22439511,,"",
"","100000007907529","FOS1","","",0.049522593,,"",
"","100000007914603","INN1","","",39.442599,,"",
"","100000007914659","INN1","","",0.093061083,,"",
"","100000007914515","INN1","","",0.10975582,,"",
"","100000007949394","INN1","","",0.058852196,,"",
"","100000007949408","INN1","","",0.090479,,"",
"","100000007950313","INN1","","",9.720066524,,"",
"","100000007945568","INN1","","",0.352209247,,"",
"","100000007945582","INN1","","",0.300166881,,"",
"","100000007945608","INN1","","",0.34284379,,"",
"","100000007945624","INN1","","",0.379099376,,"",
"","100000007945530","INN1","","",0.512332832,,"",
"","100000007945583","INN1","","",0.130030396,,"",
"","100000007945635","INN1","","",0.538046125,,"",
"","100000007945526","INN1","","",0.7505586,,"",
"","100000007945778","INN1","","",0.609321557,,"",
"","100000007945682","INN1","","",0.694679038,,"",
"","100000007945709","INN1","","",0.579118317,,"",
"","100000007945728","INN1","","",0.702523341,,"",
"","100000007945751","INN1","","",0.833547152,,"",
"","100000007945770","INN1","","",1.091494827,,"",
"","100000007945647","INN1","","",0.799790178,,"",
"","100000007945692","INN1","","",1.043930874,,"",
"","100000007945717","INN1","","",1.230976607,,"",
"","100000007945745","INN1","","",1.44947068,,"",
"","100000007946530","INN1","","",2.023177795,,"",
"","100000007946547","INN1","","",2.286859493,,"",
"","100000007946475","INN1","","",2.618973957,,"",
"","100000007946478","INN1","","",3.296720836,,"",
"","100000007946147","INN1","","",11.57552248,,"",
"","100000007915749","INN1","","",0.141324747,,"",
"","100000007915804","INN1","","",0.1495104,,"",
"","100000007915729","INN1","","",0.196647,,"",
"","100000007916015","INN1","","",0.1518212,,"",
"","100000007915968","INN1","","",0.157600623,,"",
"","100000007915985","INN1","","",0.131219736,,"",
"","100000007916022","INN1","","",0.2808142,,"",
"","100000007916298","INN1","","",0.418809776,,"",
"","100000007949742","INN1","","",0.355253241,,"",
"","100000007950321","INN1","","",15.31747438,,"",
"","100000007950257","INN1","","",28.7183541,,"",
"","100000007937099","INN1","","",0.179661,,"",
"","100000007945537","INN1","","",0.7637196,,"",
"","100000007945694","INN1","","",1.553148524,,"",
"","100000007915762","INN1","","",0.1648308,,"",
"","100000007915777","INN1","","",0.22244475,,"",
"","100000007915796","INN1","","",0.240511796,,"",
"","100000007915701","INN1","","",0.2114622,,"",
"","100000007915720","INN1","","",0.190696,,"",
"","100000007916508","INN1","","",0.1520984,,"",
"","100000007916521","INN1","","",0.198086,,"",
"","100000007916467","INN1","","",0.1929284,,"",
"","100000007916043","INN1","","",0.2811986,,"",
"","100000007916067","INN1","","",0.3450184,,"",
"","100000007916085","INN1","","",0.3689466,,"",
"","100000007915957","INN1","","",0.347025,,"",
"","100000007915977","INN1","","",0.4115858,,"",
"","100000007916011","INN1","","",0.437014485,,"",
"","100000007916059","INN1","","",0.40406,,"",
"","100000007916079","INN1","","",0.210607,,"",
"","100000007915943","INN1","","",0.3088486,,"",
"","100000007915969","INN1","","",0.277865,,"",
"","100000007916276","INN1","","",0.2772722,,"",
"","100000007945080","INN1","","",0.555156427,,"",
"","100000007950405","INN1","","",1.906688148,,"",
"","100000007950422","INN1","","",1.9137774,,"",
"","100000007945215","INN1","","",7.870773042,,"",
"","100000007945088","INN1","","",8.3212995,,"",
"","100000007945138","INN1","","",9.796922502,,"",
"","100000007945991","INN1","","",0.099573174,,"",
"","100000007946005","INN1","","",0.0573024,,"",
"","100000007946025","INN1","","",0.1254774,,"",
"","100000007946039","INN1","","",0.1385952,,"",
"","100000007945963","INN1","","",0.165572,,"",
"","100000007945977","INN1","","",0.1529386,,"",
"","100000007945997","INN1","","",0.2010458,,"",
"","100000007946011","INN1","","",0.2374136,,"",
"","100000007946029","INN1","","",0.2529762,,"",
"","100000007936738","INN1","","",0.04092401,,"",
"","100000007936761","INN1","","",0.045350952,,"",
"","100000007936659","INN1","","",0.067852,,"",
"","100000007937469","INN1","","",0.0659572,,"",
"","100000007947610","INN1","","",0.321620845,,"",
"","100000007947535","INN1","","",4.577386904,,"",
"","100000007947608","INN1","","",5.374073756,,"",
"","100000007916450","INN1","","",0.154462288,,"",
"","100000007916472","INN1","","",0.102339924,,"",
"","100000007916439","INN1","","",0.310136724,,"",
"","100000007916451","INN1","","",0.291881797,,"",
"","100000007916490","INN1","","",0.3484446,,"",
"","100000007916433","INN1","","",0.08603142,,"",
"","100000007916453","INN1","","",0.1382216,,"",
"","100000007916688","INN1","","",0.0426596,,"",
"","100000007916779","INN1","","",0.0700544,,"",
"","100000007916830","INN1","","",0.092067279,,"",
"","100000007916557","INN1","","",0.0469086,,"",
"","100000007916569","INN1","","",0.0505184,,"",
"","100000007916600","INN1","","",0.0805234,,"",
"","100000007916613","INN1","","",0.0672912,,"",
"","100000007916629","INN1","","",0.0794796,,"",
"","100000007917460","INN1","","",0.0131348,,"",
"","100000007917470","INN1","","",0.0222406,,"",
"","100000007917463","INN1","","",0.018174,,"",
"","100000007917489","INN1","","",0.0266258,,"",
"","100000007950877","INN1","","",2.144896886,,"",
"","100000007945957","INN1","","",0.0748478,,"",
"","100000007945970","INN1","","",0.2636928,,"",
"","100000007946006","INN1","","",0.5052204,,"",
"","100000007937510","INN1","","",0.0796776,,"",
"","100000007937403","INN1","","",0.066609056,,"",
"","100000007937420","INN1","","",0.0898892,,"",
"","100000007937462","INN1","","",0.094286,,"",
"","100000007938223","INN1","","",0.4072802,,"",
"","100000007938117","INN1","","",0.261888,,"",
"","100000007938134","INN1","","",0.309119731,,"",
"","100000007938159","INN1","","",0.332843,,"",
"","100000007949348","INN1","","",0.1716574,,"",
"","100000007949367","INN1","","",0.1105178,,"",
"","100000007949284","INN1","","",0.2451474,,"",
"","100000007949296","INN1","","",0.2109636,,"",
"","100000007949318","INN1","","",0.251444881,,"",
"","100000007950021","INN1","","",0.604220982,,"",
"","100000007950052","INN1","","",0.239358515,,"",
"","100000007949947","INN1","","",0.0879862,,"",
"","100000007949559","INN1","","",0.17158632,,"",
"","100000007949582","INN1","","",0.2212716,,"",
"","100000007949601","INN1","","",0.205943229,,"",
"","100000007917155","INN1","","",0.1022074,,"",
"","100000007917245","INN1","","",0.491304,,"",
"","100000007917260","INN1","","",0.620368,,"",
"","100000007916689","INN1","","",0.1034262,,"",
"","100000007916719","INN1","","",0.106324166,,"",
"","100000007916610","INN1","","",0.0150714,,"",
"","100000007916619","INN1","","",0.0239494,,"",
"","100000007916635","INN1","","",0.0221666,,"",
"","100000007917505","INN1","","",0.0376134,,"",
"","100000007917516","INN1","","",0.015064,,"",
"","100000007917440","INN1","","",0.043186,,"",
"","100000007917456","INN1","","",0.1306438,,"",
"","100000007917490","INN1","","",0.1645598,,"",
"","100000007917506","INN1","","",0.1893524,,"",
"","100000007917522","INN1","","",0.2287972,,"",
"","100000007917416","INN1","","",0.2645076,,"",
"","100000007950821","INN1","","",2.387864643,,"",
"","100000007950835","INN1","","",2.820334858,,"",
"","100000007950848","INN1","","",2.449948852,,"",
"","100000007950878","INN1","","",3.468068596,,"",
"","100000007950890","INN1","","",3.850155298,,"",
"","100000007950798","INN1","","",3.939072993,,"",
"","100000007950812","INN1","","",4.876784587,,"",
"","100000007945405","INN1","","",5.681857168,,"",
"","100000007945090","INN1","","",0.350630759,,"",
"","100000007945122","INN1","","",0.45661356,,"",
"","100000007945170","INN1","","",0.396442288,,"",
"","100000007945196","INN1","","",0.4211572,,"",
"","100000007945214","INN1","","",0.542443354,,"",
"","100000007946988","INN1","","",1.145500366,,"",
"","100000007947028","INN1","","",1.34395034,,"",
"","100000007938184","INN1","","",0.4029576,,"",
"","100000007938198","INN1","","",0.402112,,"",
"","100000007949305","INN1","","",0.844866306,,"",
"","100000007949320","INN1","","",0.75762608,,"",
"","100000007949338","INN1","","",8.4921898,,"",
"","100000007949376","INN1","","",0.857984,,"",
"","100000007949306","INN1","","",1.155905946,,"",
"","100000007949329","INN1","","",0.191665635,,"",
"","100000007949350","INN1","","",0.219512998,,"",
"","100000007949373","INN1","","",0.293188413,,"",
"","100000007949275","INN1","","",0.3477802,,"",
"","100000007949292","INN1","","",0.108631061,,"",
"","100000007949995","INN1","","",0.2295034,,"",
"","100000007949515","INN1","","",0.271489526,,"",
"","100000007949534","INN1","","",0.329041465,,"",
"","100000007949602","INN1","","",0.383663399,,"",
"","100000007949612","INN1","","",0.4601878,,"",
"","100000007949666","INN1","","",17.42132188,,"",
"","100000007917286","INN1","","",0.8505384,,"",
"","100000007917304","INN1","","",0.801656,,"",
"","100000007917330","INN1","","",0.874981,,"",
"","100000007917209","INN1","","",0.709613,,"",
"","100000007917246","INN1","","",0.31175,,"",
"","100000007917164","INN1","","",0.3335094,,"",
"","100000007917924","INN1","","",0.536585,,"",
"","100000007917945","INN1","","",0.495848,,"",
"","100000007918033","INN1","","",0.0433544,,"",
"","100000007917908","INN1","","",0.0764136,,"",
"","100000007946683","INN1","","",0.39932115,,"",
"","100000007946701","INN1","","",0.568221212,,"",
"","100000007949354","INN1","","",1.312611767,,"",
"","100000007951062","INN1","","",1.172465131,,"",
"","100000007949313","INN1","","",0.363838508,,"",
"","100000007951052","INN1","","",0.224700076,,"",
"","100000007950035","INN1","","",0.395822,,"",
"","100000007950105","INN1","","",7.85767,,"",
"","100000007950957","INN1","","",0.338086821,,"",
"","100000007950993","INN1","","",0.419919615,,"",
"","100000007951008","INN1","","",0.697491781,,"",
"","100000007951023","INN1","","",0.755528147,,"",
"","100000007917231","INN1","","",0.2664256,,"",
"","100000007917242","INN1","","",0.295983,,"",
"","100000007917169","INN1","","",0.2413896,,"",
"","100000007918043","INN1","","",0.570448,,"",
"","100000007917905","INN1","","",0.9642784,,"",
"","100000007917558","INN1","","",1.638763,,"",
"","100000007917574","INN1","","",1.5168024,,"",
"","100000007917952","INN1","","",0.1158492,,"",
"","100000007917980","INN1","","",0.127467679,,"",
"","100000007917900","INN1","","",0.1296412,,"",
"","100000007917916","INN1","","",0.194887,,"",
"","100000007917941","INN1","","",0.1615488,,"",
"","100000007917994","INN1","","",0.199895,,"",
"","100000007918028","INN1","","",0.332938,,"",
"","100000007918046","INN1","","",0.232141236,,"",
"","100000007946448","INN1","","",1.237639,,"",
"","100000007947147","INN1","","",0.75914228,,"",
"","100000007948589","INN1","","",0.2913938,,"",
"","100000007946621","INN1","","",0.636226604,,"",
"","100000007946638","INN1","","",0.856503413,,"",
"","100000007949431","INN1","","",0.0786268,,"",
"","100000007949453","INN1","","",0.0588658,,"",
"","100000007949465","INN1","","",0.0725284,,"",
"","100000007915543","INN1","","",0.086894532,,"",
"","100000007915459","INN1","","",0.163723747,,"",
"","100000007951077","INN1","","",1.056298137,,"",
"","100000007951099","INN1","","",1.21642404,,"",
"","100000007951115","INN1","","",1.577732142,,"",
"","100000007951138","INN1","","",1.826586495,,"",
"","100000007951078","INN1","","",2.123680957,,"",
"","100000007951100","INN1","","",2.417866151,,"",
"","100000007950934","INN1","","",0.437272029,,"",
"","100000007914573","INN1","","",0.029205,,"",
"","100000007914592","INN1","","",0.010140906,,"",
"","100000007914626","INN1","","",0.010482387,,"",
"","100000007914650","INN1","","",0.009665247,,"",
"","100000007914513","INN1","","",0.029205,,"",
"","100000007914531","INN1","","",0.010123319,,"",
"","100000007914533","INN1","","",0.009225808,,"",
"","100000007914534","INN1","","",0.02969175,,"",
"","100000007917917","INN1","","",0.3450708,,"",
"","100000007917963","INN1","","",0.276232,,"",
"","100000007947919","INN1","","",0.419757136,,"",
"","100000007947900","INN1","","",0.805488631,,"",
"","100000007948483","INN1","","",0.3436416,,"",
"","100000007948509","INN1","","",0.277216,,"",
"","100000007948557","INN1","","",0.265979904,,"",
"","100000007948579","INN1","","",0.385663,,"",
"","100000007949488","INN1","","",0.1143986,,"",
"","100000007949387","INN1","","",0.104979777,,"",
"","100000007949444","INN1","","",0.1473024,,"",
"","100000007949466","INN1","","",0.1306276,,"",
"","100000007949399","INN1","","",0.0547616,,"",
"","100000007915763","INN1","","",0.1101694,,"",
"","100000007946026","INN1","","",1.24434785,,"",
"","100000007945562","INN1","","",1.440095928,,"",
"","100000007945587","INN1","","",1.780380776,,"",
"","100000007945603","INN1","","",1.33739524,,"",
"","100000007945626","INN1","","",1.614952596,,"",
"","100000007945641","INN1","","",1.73295874,,"",
"","100000007945822","INN1","","",0.875303474,,"",
"","100000007945868","INN1","","",0.9120832,,"",
"","100000007945850","INN1","","",0.124406129,,"",
"","100000007950949","INN1","","",0.609582572,,"",
"","100000007950970","INN1","","",0.564357848,,"",
"","100000007945718","INN1","","",1.947679216,,"",
"","100000007945753","INN1","","",2.145247796,,"",
"","100000007945771","INN1","","",2.089852116,,"",
"","100000007945661","INN1","","",2.318187351,,"",
"","100000007945677","INN1","","",2.864900061,,"",
"","100000007945701","INN1","","",3.210276152,,"",
"","100000007946543","INN1","","",4.012230405,,"",
"","100000007946559","INN1","","",3.960921739,,"",
"","100000007946583","INN1","","",4.699962962,,"",
"","100000007946599","INN1","","",4.76950345,,"",
"","100000007946495","INN1","","",5.081271774,,"",
"","100000007946520","INN1","","",6.901515162,,"",
"","100000007946534","INN1","","",7.018914041,,"",
"","100000007946575","INN1","","",7.589406599,,"",
"","100000007946485","INN1","","",7.841826605,,"",
"","100000007890971","FSD1","","",0.35689,,"",
"","100000007890983","FSD1","","",0.3264,,"",
"","100000007891090","FSD1","","",0.11956,,"",
"","100000007891359","FSD1","","",0.82296,,"",
"","100000007891379","FSD1","","",0.34246,,"",
"","100000007897988","FSD1","","",0.03209,,"",
"","100000007897847","FSD1","","",0.07192,,"",
"","100000007897874","FSD1","","",0.12451,,"",
"","100000007904838","FSD1","","",0.00994,,"",
"","100000007904540","FSD1","","",0.21077,,"",
"","100000007904570","FSD1","","",0.0293,,"",
"","100000007904815","FSD1","","",0.0225,,"",
"","100000007901657","FSD1","","",0.0667,,"",
"","100000007906778","FSD1","","",0.06185,,"",
"","100000007906909","FSD1","","",0.22052,,"",
"","100000007907008","FSD1","","",0.24748,,"",
"","100000007899241","FSD1","","",0.02512,,"",
"","100000008010237","FSD1","","",1.42157,,"",
"","100000008009754","FSD1","","",2.55545,,"",
"","100000008010905","FSD1","","",0.75833,,"",
"","100000008001494","FSD1","","",1.35173,,"",
"","100000008001670","FSD1","","",1.4751,,"",
"","100000008001946","FSD1","","",1.75238,,"",
"","100000008002131","FSD1","","",1.93323,,"",
"","100000008002411","FSD1","","",1.67012,,"",
"","100000007976376","FSD1","","",0.11435,,"",
"","100000007976449","FSD1","","",0.06621,,"",
"","100000007976498","FSD1","","",0.06761,,"",
"","100000007976310","FSD1","","",0.02173,,"",
"","100000007976337","FSD1","","",0.10194,,"",
"","100000007976410","FSD1","","",0.07636,,"",
"","100000007976530","FSD1","","",0.08837,,"",
"","100000007976575","FSD1","","",0.0787,,"",
"","100000007978891","FSD1","","",0.10128,,"",
"","100000007978908","FSD1","","",0.07276,,"",
"","100000007974827","FSD1","","",0.17704,,"",
"","100000007974872","FSD1","","",0.16019,,"",
"","100000007974968","FSD1","","",0.2025,,"",
"","100000007977793","FSD1","","",0.3916,,"",
"","100000007975354","FSD1","","",0.15806,,"",
"","100000007975426","FSD1","","",0.12651,,"",
"","100000007975532","FSD1","","",0.14279,,"",
"","100000007975432","FSD1","","",0.02431,,"",
"","100000007975585","FSD1","","",0.07592,,"",
"","100000007975280","FSD1","","",0.08349,,"",
"","100000007975074","FSD1","","",0.01709,,"",
"","100000007975131","FSD1","","",0.05479,,"",
"","100000007975117","FSD1","","",0.07612,,"",
"","100000007975133","FSD1","","",0.02323,,"",
"","100000007974608","FSD1","","",0.01555,,"",
"","100000007974644","FSD1","","",0.01245,,"",
"","100000007974522","FSD1","","",0.02807,,"",
"","100000007974548","FSD1","","",0.03114,,"",
"","100000007973451","FSD1","","",0.03315,,"",
"","100000007945587","FSD1","","",1.67881,,"",
"","100000007945603","FSD1","","",1.6143,,"",
"","100000007945626","FSD1","","",1.84622,,"",
"","100000007945641","FSD1","","",2.0242,,"",
"","100000007945538","FSD1","","",2.21307,,"",
"","100000007945556","FSD1","","",2.41779,,"",
"","100000007945573","FSD1","","",2.78999,,"",
"","100000007944544","FSD1","","",0.30408,,"",
"","100000007944555","FSD1","","",1.03978,,"",
"","100000007945583","FSD1","","",0.14219,,"",
"","100000007945635","FSD1","","",0.56163,,"",
"","100000007943614","FSD1","","",1.75571,,"",
"","100000007947265","FSD1","","",0.08175,,"",
"","100000007953687","FSD1","","",0.17116,,"",
"","100000007953715","FSD1","","",0.66178,,"",
"","100000007953073","FSD1","","",0.38416,,"",
"","100000007953000","FSD1","","",0.53023,,"",
"","100000007953020","FSD1","","",0.48833,,"",
"","100000007953064","FSD1","","",0.58009,,"",
"","100000007953717","FSD1","","",0.08176,,"",
"","100000007957311","FSD1","","",0.08013,,"",
"","100000007957348","FSD1","","",0.08875,,"",
"","100000007957394","FSD1","","",0.09444,,"",
"","100000008013273","FSD1","","",2.36105,,"",
"","100000007891894","FSD1","","",0.01322,,"",
"","100000007891900","FSD1","","",0.01326,,"",
"","100000007891904","FSD1","","",0.02433,,"",
"","100000007891908","FSD1","","",0.01903,,"",
"","100000007891938","FSD1","","",0.01023,,"",
"","100000007892237","FSD1","","",0.16888,,"",
"","100000007892221","FSD1","","",0.0558,,"",
"","100000007892202","FSD1","","",0.53575,,"",
"","100000007892209","FSD1","","",0.16608,,"",
"","100000008033023","FSD1","","",1.17109,,"",
"","100000008033186","FSD1","","",0.67552,,"",
"","100000008032668","FSD1","","",0.31778,,"",
"","100000008033340","FSD1","","",0.33062,,"",
"","100000008032287","FSD1","","",0.01082,,"",
"","100000007891427","FSD1","","",0.89464,,"",
"","100000007891440","FSD1","","",2.34945,,"",
"","100000007898232","FSD1","","",0.20759,,"",
"","100000007898427","FSD1","","",0.02494,,"",
"","100000007898442","FSD1","","",0.05873,,"",
"","100000007906761","FSD1","","",0.15399,,"",
"","100000007905710","FSD1","","",0.27042,,"",
"","100000007905778","FSD1","","",0.30925,,"",
"","100000007905843","FSD1","","",0.18744,,"",
"","100000007905920","FSD1","","",0.00653,,"",
"","100000007899231","FSD1","","",0.13876,,"",
"","100000007899237","FSD1","","",0.03403,,"",
"","100000007899604","FSD1","","",0.51956,,"",
"","100000007899616","FSD1","","",0.06911,,"",
"","100000007899632","FSD1","","",0.03931,,"",
"","100000007899642","FSD1","","",0.34444,,"",
"","100000007899658","FSD1","","",0.08101,,"",
"","100000008000512","FSD1","","",0.43211,,"",
"","100000008010914","FSD1","","",2.60622,,"",
"","100000008010077","FSD1","","",0.74463,,"",
"","100000008010070","FSD1","","",0.77848,,"",
"","100000008010314","FSD1","","",1.50619,,"",
"","100000008010466","FSD1","","",0.77848,,"",
"","100000008010685","FSD1","","",0.91387,,"",
"","100000008010830","FSD1","","",0.91387,,"",
"","100000008009992","FSD1","","",1.11695,,"",
"","100000008001409","FSD1","","",1.93945,,"",
"","100000008018496","FSD1","","",0.094,,"",
"","100000008019072","FSD1","","",0.07016,,"",
"","100000008018176","FSD1","","",0.07956,,"",
"","100000007978727","FSD1","","",0.08703,,"",
"","100000007975339","FSD1","","",0.09563,,"",
"","100000007975201","FSD1","","",0.05054,,"",
"","100000007975171","FSD1","","",0.02985,,"",
"","100000007975212","FSD1","","",0.03746,,"",
"","100000007975097","FSD1","","",0.04845,,"",
"","100000007975118","FSD1","","",0.05919,,"",
"","100000007975144","FSD1","","",0.09187,,"",
"","100000007975172","FSD1","","",0.05455,,"",
"","100000007975187","FSD1","","",0.07641,,"",
"","100000007975213","FSD1","","",0.07777,,"",
"","100000007974657","FSD1","","",0.27467,,"",
"","100000007974680","FSD1","","",0.20138,,"",
"","100000007974523","FSD1","","",0.02331,,"",
"","100000007973517","FSD1","","",0.01592,,"",
"","100000007973574","FSD1","","",0.02015,,"",
"","100000007973616","FSD1","","",0.02265,,"",
"","100000007973678","FSD1","","",0.02356,,"",
"","100000007973596","FSD1","","",0.02729,,"",
"","100000007974218","FSD1","","",0.16518,,"",
"","100000007946621","FSD1","","",0.70473,,"",
"","100000007946638","FSD1","","",0.84972,,"",
"","100000007946721","FSD1","","",1.15611,,"",
"","100000007946759","FSD1","","",1.61212,,"",
"","100000007946627","FSD1","","",1.47321,,"",
"","100000007945526","FSD1","","",0.78108,,"",
"","100000007945537","FSD1","","",0.66077,,"",
"","100000007945822","FSD1","","",0.80549,,"",
"","100000007945868","FSD1","","",0.89824,,"",
"","100000007944796","FSD1","","",1.77964,,"",
"","100000007944809","FSD1","","",1.8097,,"",
"","100000007944758","FSD1","","",2.15058,,"",
"","100000007944770","FSD1","","",2.34616,,"",
"","100000007944823","FSD1","","",2.41528,,"",
"","100000007943587","FSD1","","",0.73209,,"",
"","100000007943541","FSD1","","",0.81842,,"",
"","100000007946448","FSD1","","",1.48851,,"",
"","100000007946257","FSD1","","",2.1325,,"",
"","100000007957618","FSD1","","",0.0278,,"",
"","100000007953560","FSD1","","",0.87572,,"",
"","100000007953740","FSD1","","",0.11528,,"",
"","100000007953765","FSD1","","",0.09535,,"",
"","100000007953776","FSD1","","",0.05754,,"",
"","100000007953801","FSD1","","",0.11897,,"",
"","100000007953832","FSD1","","",0.14932,,"",
"","100000007953734","FSD1","","",0.18045,,"",
"","100000007957268","FSD1","","",0.10415,,"",
"","100000007957328","FSD1","","",0.09737,,"",
"","100000008022805","FSD1","","",18.76715,,"",
"","100000008023174","FSD1","","",24.02697,,"",
"","100000007892203","FSD1","","",0.68208,,"",
"","100000007892219","FSD1","","",0.0805,,"",
"","100000007892208","FSD1","","",0.32777,,"",
"","100000008032416","FSD1","","",0.88329,,"",
"","100000008032579","FSD1","","",0.15291,,"",
"","100000008032846","FSD1","","",0.10945,,"",
"","100000007892595","FSD1","","",0.23504,,"",
"","100000007892564","FSD1","","",0.13485,,"",
"","100000008032505","FSD1","","",0.01727,,"",
"","100000008032675","FSD1","","",0.02538,,"",
"","100000008033115","FSD1","","",0.05886,,"",
"","100000008032854","FSD1","","",0.1069,,"",
"","100000008016941","SEE1","","",2.312247,,"",
"","100000008017207","SEE1","","",3.0825,,"",
"","100000008011104","SEE1","","",7.088962264,,"",
"","100000008030540","SEE1","","",5.2059,,"",
"","100000008030085","SEE1","","",5.0781,,"",
"","100000008010219","SEE1","","",62.92783019,,"",
"","100000008010298","SEE1","","",38.81264151,,"",
"","100000008016707","SEE1","","",48.04471698,,"",
"","100000007949601","NYS2","","",0.44226,,"",
"","100000007949515","NYS2","","",0.62595,,"",
"","100000007949534","NYS2","","",0.747,,"",
"","100000007949666","NYS2","","",10.251,,"",
"","100000007975202","NYS2","","",0.675,,"",
"","100000007975073","NYS2","","",0.783,,"",
"","100000007975080","NYS2","","",0.792,,"",
"","100000007975106","NYS2","","",0.513,,"",
"","100000007977374","NYS2","","",0.34092,,"",
"","100000007977438","NYS2","","",0.756,,"",
"","100000007977375","NYS2","","",2.727,,"",
"","100000007977154","NYS2","","",1.026,,"",
"","100000007954499","NYS2","","",0.10458,,"",
"","100000007954586","NYS2","","",0.14364,,"",
"","100000007954542","NYS2","","",0.32517,,"",
"","100000007954632","NYS2","","",0.513,,"",
"","100000007952604","NYS2","","",8.586,,"",
"","100000007952626","NYS2","","",9.099,,"",
"","100000007952641","NYS2","","",10.854,,"",
"","100000007952665","NYS2","","",10.422,,"",
"","100000007952564","NYS2","","",10.404,,"",
"","100000007952595","NYS2","","",14.823,,"",
"","100000007953740","NYS2","","",0.441,,"",
"","100000007953765","NYS2","","",0.37431,,"",
"","100000007953349","NYS2","","",0.603,,"",
"","100000007953343","NYS2","","",0.54,,"",
"","100000007953626","NYS2","","",1.089,,"",
"","100000007953655","NYS2","","",1.215,,"",
"","100000007953669","NYS2","","",1.431,,"",
"","100000007953697","NYS2","","",1.422,,"",
"","100000008018103","SEE1","","",42.568131,,"",
"","100000008012266","SEE1","","",7.910207547,,"",
"","100000008011248","SEE1","","",3.890792453,,"",
"","100000008011175","SEE1","","",3.725056604,,"",
"","100000008011328","SEE1","","",6.462283019,,"",
"","100000008011768","SEE1","","",4.274584906,,"",
"","100000008009992","SEE1","","",2.846301887,,"",
"","100000008026345","SEE1","","",7.4412,,"",
"","100000007949602","NYS2","","",0.855,,"",
"","100000007949612","NYS2","","",0.828,,"",
"","100000007949575","NYS2","","",0.81,,"",
"","100000007949613","NYS2","","",1.611,,"",
"","100000007949742","NYS2","","",0.675,,"",
"","100000007951717","NYS2","","",1.818,,"",
"","100000007951754","NYS2","","",4.14,,"",
"","100000007975151","NYS2","","",0.16299,,"",
"","100000007975168","NYS2","","",0.1881,,"",
"","100000007975192","NYS2","","",0.17154,,"",
"","100000007975074","NYS2","","",0.11322,,"",
"","100000007975131","NYS2","","",0.27099,,"",
"","100000007975117","NYS2","","",0.29511,,"",
"","100000007975133","NYS2","","",0.17847,,"",
"","100000007975171","NYS2","","",0.12078,,"",
"","100000007977219","NYS2","","",2.061,,"",
"","100000007977314","NYS2","","",1.539,,"",
"","100000007977376","NYS2","","",0.17442,,"",
"","100000007976995","NYS2","","",0.11511,,"",
"","100000007977092","NYS2","","",0.07785,,"",
"","100000007977252","NYS2","","",0.12249,,"",
"","100000007976013","NYS2","","",0.1872,,"",
"","100000007976045","NYS2","","",0.15111,,"",
"","100000007951866","NYS2","","",0.61623,,"",
"","100000007951786","NYS2","","",0.738,,"",
"","100000007953160","NYS2","","",2.871,,"",
"","100000007953178","NYS2","","",3.861,,"",
"","100000007953776","NYS2","","",0.23454,,"",
"","100000007953801","NYS2","","",0.486,,"",
"","100000007953832","NYS2","","",0.558,,"",
"","100000007953734","NYS2","","",0.63,,"",
"","100000007953357","NYS2","","",0.864,,"",
"","100000007953445","NYS2","","",0.21978,,"",
"","100000007953600","NYS2","","",1.746,,"",
"","100000007953627","NYS2","","",2.223,,"",
"","100000007953687","NYS2","","",0.459,,"",
"","100000007953715","NYS2","","",2.241,,"",
"","100000008011492","SEE1","","",4.030849057,,"",
"","100000008011674","SEE1","","",4.879245283,,"",
"","100000008012169","SEE1","","",4.987679245,,"",
"","100000008010761","SEE1","","",3.695830189,,"",
"","100000008010315","SEE1","","",3.821037736,,"",
"","100000008009913","SEE1","","",2.292320755,,"",
"","100000007950763","NYS2","","",7.218,,"",
"","100000007950633","NYS2","","",8.244,,"",
"","100000007950654","NYS2","","",8.766,,"",
"","100000007950662","NYS2","","",10.575,,"",
"","100000007950957","NYS2","","",0.666,,"",
"","100000007950993","NYS2","","",0.801,,"",
"","100000007975212","NYS2","","",0.26991,,"",
"","100000007975097","NYS2","","",0.27441,,"",
"","100000007981742","NYS2","","",0.27693,,"",
"","100000007982055","NYS2","","",0.16794,,"",
"","100000007982627","NYS2","","",0.23607,,"",
"","100000007976910","NYS2","","",0.31878,,"",
"","100000007976629","NYS2","","",0.72513,,"",
"","100000007976666","NYS2","","",0.56358,,"",
"","100000007976499","NYS2","","",0.10458,,"",
"","100000007976612","NYS2","","",0.07947,,"",
"","100000007976292","NYS2","","",0.07488,,"",
"","100000007976377","NYS2","","",0.05679,,"",
"","100000007951809","NYS2","","",0.666,,"",
"","100000007951823","NYS2","","",0.756,,"",
"","100000007951843","NYS2","","",0.81,,"",
"","100000007951859","NYS2","","",1.134,,"",
"","100000007951880","NYS2","","",1.053,,"",
"","100000007953209","NYS2","","",5.724,,"",
"","100000007953073","NYS2","","",1.377,,"",
"","100000007953000","NYS2","","",1.62,,"",
"","100000007949298","NYS2","","",1.323,,"",
"","100000007950065","NYS2","","",1.233,,"",
"","100000007950106","NYS2","","",1.395,,"",
"","100000007949920","NYS2","","",1.476,,"",
"","100000008012683","SEE1","","",10.721349,,"",
"","100000008013101","SEE1","","",5.68403,,"",
"","100000008010319","SEE1","","",2.406471698,,"",
"","100000008010691","SEE1","","",2.406471698,,"",
"","100000008009836","SEE1","","",3.075924528,,"",
"","100000008010237","SEE1","","",3.600358491,,"",
"","100000008010570","SEE1","","",2.713283019,,"",
"","100000008010940","SEE1","","",3.241528302,,"",
"","100000007950762","NYS2","","",17.343,,"",
"","100000007950780","NYS2","","",20.817,,"",
"","100000007951338","NYS2","","",5.346,,"",
"","100000007952202","NYS2","","",5.742,,"",
"","100000007952281","NYS2","","",9.018,,"",
"","100000007952156","NYS2","","",9.639,,"",
"","100000008018047","SEE1","","",64.85307547,,"",
"","100000008017187","SEE1","","",1.619245283,,"",
"","100000008017489","SEE1","","",1.947584906,,"",
"","100000007982703","NYS2","","",0.30276,,"",
"","100000007982554","NYS2","","",0.423,,"",
"","100000007982603","NYS2","","",0.24111,,"",
"","100000007982731","NYS2","","",0.2646,,"",
"","100000007976521","NYS2","","",0.12474,,"",
"","100000007976326","NYS2","","",0.19782,,"",
"","100000007976474","NYS2","","",0.09432,,"",
"","100000007976586","NYS2","","",0.10395,,"",
"","100000007976273","NYS2","","",0.06795,,"",
"","100000007976448","NYS2","","",0.18522,,"",
"","100000007972035","NYS2","","",0.28449,,"",
"","100000007951818","NYS2","","",1.197,,"",
"","100000007951832","NYS2","","",1.341,,"",
"","100000007951851","NYS2","","",1.575,,"",
"","100000007951949","NYS2","","",0.38367,,"",
"","100000007951966","NYS2","","",0.41004,,"",
"","100000007952693","NYS2","","",0.58401,,"",
"","100000007952714","NYS2","","",0.43434,,"",
"","100000007952772","NYS2","","",0.72,,"",
"","100000007949322","NYS2","","",3.312,,"",
"","100000007949333","NYS2","","",3.672,,"",
"","100000007949355","NYS2","","",3.978,,"",
"","100000007949279","NYS2","","",4.527,,"",
"","100000007949300","NYS2","","",6.057,,"",
"","100000007949315","NYS2","","",7.236,,"",
"","100000007949034","NYS2","","",0.22374,,"",
"","100000007949071","NYS2","","",0.28998,,"",
"","100000007949971","NYS2","","",0.25119,,"",
"","100000007950020","NYS2","","",0.11286,,"",
"","100000007950067","NYS2","","",0.47205,,"",
"","100000007950018","NYS2","","",1.674,,"",
"","100000007950066","NYS2","","",2.745,,"",
"","100000007950093","NYS2","","",3.006,,"",
"","100000007949921","NYS2","","",4.662,,"",
"","100000007949945","NYS2","","",5.283,,"",
"","100000008010516","SEE1","","",4.786641509,,"",
"","100000008010203","SEE1","","",2.312716981,,"",
"","100000007952169","NYS2","","",9.81,,"",
"","100000007952212","NYS2","","",15.39,,"",
"","100000007952241","NYS2","","",13.941,,"",
"","100000007952273","NYS2","","",14.994,,"",
"","100000007952158","NYS2","","",17.865,,"",
"","100000007952203","NYS2","","",20.52,,"",
"","100000008017698","SEE1","","",1.823716981,,"",
"","100000008017966","SEE1","","",2.925490566,,"",
"","100000008016677","SEE1","","",2.670396226,,"",
"","100000008016917","SEE1","","",4.424943396,,"",
"","100000008017091","SEE1","","",4.621226415,,"",
"","100000008017388","SEE1","","",7.493150943,,"",
"","100000008017597","SEE1","","",7.779584906,,"",
"","100000008018048","SEE1","","",10.51269811,,"",
"","100000007972121","NYS2","","",0.657,,"",
"","100000007972036","NYS2","","",0.22356,,"",
"","100000007972155","NYS2","","",0.32229,,"",
"","100000007971944","NYS2","","",0.486,,"",
"","100000007971982","NYS2","","",0.945,,"",
"","100000007972022","NYS2","","",0.621,,"",
"","100000007951989","NYS2","","",0.36234,,"",
"","100000007951907","NYS2","","",0.4806,,"",
"","100000007951927","NYS2","","",0.56655,,"",
"","100000007951941","NYS2","","",0.666,,"",
"","100000007951967","NYS2","","",0.58032,,"",
"","100000007952790","NYS2","","",0.891,,"",
"","100000007952685","NYS2","","",0.25659,,"",
"","100000007952708","NYS2","","",1.053,,"",
"","100000007952758","NYS2","","",1.737,,"",
"","100000007952698","NYS2","","",1.044,,"",
"","100000007952715","NYS2","","",13.059,,"",
"","100000007949307","NYS2","","",0.3222,,"",
"","100000007949327","NYS2","","",0.41004,,"",
"","100000007949348","NYS2","","",0.38142,,"",
"","100000007950096","NYS2","","",0.36099,,"",
"","100000007949923","NYS2","","",0.43713,,"",
"","100000007949959","NYS2","","",0.36954,,"",
"","100000007950021","NYS2","","",0.41751,,"",
"","100000007949559","NYS2","","",0.34515,,"",
"","100000007949582","NYS2","","",0.52191,,"",
"","100000007951052","NYS2","","",0.45,,"",
"","100000008010595","SEE1","","",2.544433962,,"",
"","100000008010961","SEE1","","",2.544433962,,"",
"","100000008010121","SEE1","","",3.353773585,,"",
"","100000008010517","SEE1","","",3.927377358,,"",
"","100000008025523","SEE1","","",2,,"",
"","100000007952088","NYS2","","",0.31905,,"",
"","100000007952023","NYS2","","",0.47124,,"",
"","100000007952047","NYS2","","",0.48861,,"",
"","100000007972139","NYS2","","",0.972,,"",
"","100000007972009","NYS2","","",0.558,,"",
"","100000007972122","NYS2","","",0.423,,"",
"","100000007972171","NYS2","","",0.531,,"",
"","100000007971945","NYS2","","",0.504,,"",
"","100000007975738","NYS2","","",0.14967,,"",
"","100000007951979","NYS2","","",0.57654,,"",
"","100000007952007","NYS2","","",0.774,,"",
"","100000007951908","NYS2","","",0.981,,"",
"","100000007952808","NYS2","","",1.35,,"",
"","100000007952678","NYS2","","",1.449,,"",
"","100000007952699","NYS2","","",1.755,,"",
"","100000007952759","NYS2","","",1.458,,"",
"","100000007952780","NYS2","","",1.341,,"",
"","100000007953876","NYS2","","",1.278,,"",
"","100000007950313","NYS2","","",21.78,,"",
"","100000008016652","SEE1","","",10.107468,,"",
"","100000008016892","SEE1","","",11.707524,,"",
"","100000008030365","SEE1","","",18.938859,,"",
"","100000008030223","SEE1","","",36.325378,,"",
"","100000008011108","SEE1","","",4.20445283,,"",
"","100000008011255","SEE1","","",4.328716981,,"",
"","100000008026414","SEE1","","",2.5143,,"",
"","100000008017359","SEE1","","",9.633962264,,"",
"","100000008017773","SEE1","","",34.10392453,,"",
"","100000008016646","SEE1","","",91.27784906,,"",
"","100000007953453","NYS2","","",0.432,,"",
"","100000007953560","NYS2","","",2.745,,"",
"","100000007953481","NYS2","","",2.88,,"",
"","100000007953507","NYS2","","",3.51,,"",
"","100000007953532","NYS2","","",4.347,,"",
"","100000007952105","NYS2","","",0.11583,,"",
"","100000007952117","NYS2","","",0.648,,"",
"","100000007974177","NYS2","","",0.15426,,"",
"","100000007974273","NYS2","","",0.16821,,"",
"","100000007974434","NYS2","","",0.10134,,"",
"","100000007975801","NYS2","","",0.17244,,"",
"","100000007975964","NYS2","","",0.13329,,"",
"","100000007975734","NYS2","","",0.18891,,"",
"","100000007975799","NYS2","","",0.18027,,"",
"","100000007975888","NYS2","","",0.24282,,"",
"","100000007975865","NYS2","","",0.162,,"",
"","100000007952727","NYS2","","",1.485,,"",
"","100000007952752","NYS2","","",2.313,,"",
"","100000007952781","NYS2","","",2.277,,"",
"","100000007952799","NYS2","","",2.979,,"",
"","100000007952300","NYS2","","",2.889,,"",
"","100000007952324","NYS2","","",3.771,,"",
"","100000007952336","NYS2","","",4.077,,"",
"","100000007952360","NYS2","","",4.446,,"",
"","100000007954142","NYS2","","",1.917,,"",
"","100000007954219","NYS2","","",2.286,,"",
"","100000007954238","NYS2","","",3.708,,"",
"","100000007953981","NYS2","","",4.041,,"",
"","100000007952367","NYS2","","",10.773,,"",
"","100000007950321","NYS2","","",33.588,,"",
"","100000007950257","NYS2","","",61.596,,"",
"","100000007952634","NYS2","","",17.1,,"",
"","100000007952551","NYS2","","",13.932,,"",
"","100000007953292","NYS2","","",7.236,,"",
"","100000007953325","NYS2","","",0.972,,"",
"","100000008013322","SEE1","","",48.20882,,"",
"","100000008011329","SEE1","","",14.93371698,,"",
"","100000008011494","SEE1","","",1.506037736,,"",
"","100000008009754","SEE1","","",6.465150943,,"",
"","100000007953467","NYS2","","",5.022,,"",
"","100000007953482","NYS2","","",6.057,,"",
"","100000007953546","NYS2","","",6.21,,"",
"","100000007953573","NYS2","","",8.226,,"",
"","100000007953459","NYS2","","",9.027,,"",
"","100000007953509","NYS2","","",10.62,,"",
"","100000007952039","NYS2","","",9.495,,"",
"","100000007952058","NYS2","","",2.106,,"",
"","100000008027335","SEE1","","",2.4615,,"",
"","100000007973780","NYS2","","",0.621,,"",
"","100000007973758","NYS2","","",0.39582,,"",
"","100000007975625","NYS2","","",0.24606,,"",
"","100000007975674","NYS2","","",0.20223,,"",
"","100000007975735","NYS2","","",0.23841,,"",
"","100000007975938","NYS2","","",0.22077,,"",
"","100000007976102","NYS2","","",0.09207,,"",
"","100000007952372","NYS2","","",4.833,,"",
"","100000007952397","NYS2","","",5.265,,"",
"","100000007952301","NYS2","","",7.497,,"",
"","100000007952337","NYS2","","",8.046,,"",
"","100000007954761","NYS2","","",26.973,,"",
"","100000007954714","NYS2","","",0.603,,"",
"","100000007954753","NYS2","","",0.684,,"",
"","100000007952389","NYS2","","",0.55809,,"",
"","100000007952295","NYS2","","",0.58806,,"",
"","100000007952318","NYS2","","",0.53316,,"",
"","100000007952338","NYS2","","",0.59373,,"",
"","100000007952351","NYS2","","",0.55638,,"",
"","100000007952373","NYS2","","",0.72,,"",
"","100000007952863","NYS2","","",1.062,,"",
"","100000007949768","SEE1","","",3.12,,"",
"","100000007949727","SEE1","","",10.99,,"",
"","100000007949632","SEE1","","",2.35,,"",
"","100000007949646","SEE1","","",3.48,,"",
"","100000007949669","SEE1","","",20.78,,"",
"","100000007949684","SEE1","","",13.62,,"",
"","100000007949707","SEE1","","",4.67,,"",
"","100000007949720","SEE1","","",5.71,,"",
"","100000007949633","SEE1","","",18.46,,"",
"","100000007949656","SEE1","","",5,,"",
"","100000007949670","SEE1","","",6.61,,"",
"","100000007949692","SEE1","","",2.87,,"",
"","100000007949708","SEE1","","",7.41,,"",
"","100000007919472","GS01","","",18.37,,"",
"","100000007920615","GS01","","",20.9,,"",
"","100000007919829","GS01","","",37.03,,"",
"","100000007906170","GS01","","",26.19,,"",
"","100000007919278","GS01","","",8.23,,"",
"","100000007918730","GS01","","",20.28,,"",
"","100000007919761","GS01","","",12.3,,"",
"","100000007917815","GS01","","",24.16,,"",
"","100000007917546","GS01","","",14.73,,"",
"","100000007919390","GS01","","",25.44,,"",
"","100000007918342","GS01","","",31.82,,"",
"","100000007959025","INN1","","",0.08128725,,"",
"","100000007945493","INN1","","",0.334317272,,"",
"","100000007945441","INN1","","",0.10323766,,"",
"","100000007940683","INN1","","",2.5347264,,"",
"","100000007940703","INN1","","",2.696304,,"",
"","100000007940568","INN1","","",3.4366626,,"",
"","100000007941656","INN1","","",3.765351,,"",
"","100000007939417","INN1","","",0.1239622,,"",
"","100000007939458","INN1","","",0.1580308,,"",
"","100000007939355","INN1","","",0.1242372,,"",
"","100000007939394","INN1","","",0.1324706,,"",
"","100000007941163","INN1","","",0.33292,,"",
"","100000007941179","INN1","","",0.355714,,"",
"","100000007940255","INN1","","",0.4401102,,"",
"","100000007940289","INN1","","",0.4359434,,"",
"","100000007940327","INN1","","",0.496187016,,"",
"","100000007940365","INN1","","",0.493647,,"",
"","100000007941495","INN1","","",0.6369648,,"",
"","100000007941518","INN1","","",0.8605034,,"",
"","100000007941536","INN1","","",0.815873,,"",
"","100000007941430","INN1","","",0.9825252,,"",
"","100000007988175","INN1","","",1.8344302,,"",
"","100000007988287","INN1","","",1.8985484,,"",
"","100000007988276","INN1","","",0.2085522,,"",
"","100000007988320","INN1","","",0.227725918,,"",
"","100000007988010","INN1","","",0.2127794,,"",
"","100000007943073","INN1","","",0.12157671,,"",
"","100000007943348","INN1","","",0.23021756,,"",
"","100000007944597","INN1","","",0.911541868,,"",
"","100000007943643","INN1","","",0.2427338,,"",
"","100000007943682","INN1","","",0.2425882,,"",
"","100000007943735","INN1","","",0.3655324,,"",
"","100000007943650","INN1","","",0.6354332,,"",
"","100000007944856","INN1","","",3.242566034,,"",
"","100000007943570","INN1","","",0.322404818,,"",
"","100000007943586","INN1","","",0.437058084,,"",
"","100000007943609","INN1","","",0.457019984,,"",
"","100000007943507","INN1","","",0.53078232,,"",
"","100000007944795","INN1","","",0.0587106,,"",
"","100000007962480","INN1","","",1.262361,,"",
"","100000007962594","INN1","","",1.8891656,,"",
"","100000007962245","INN1","","",0.313331,,"",
"","100000007962295","INN1","","",0.3755896,,"",
"","100000007962371","INN1","","",0.4780302,,"",
"","100000007962414","INN1","","",0.3562722,,"",
"","100000007962482","INN1","","",0.3678522,,"",
"","100000007962835","INN1","","",0.4145672,,"",
"","100000007941681","INN1","","",3.882641,,"",
"","100000007941583","INN1","","",4.3339052,,"",
"","100000007941623","INN1","","",0.1018752,,"",
"","100000007941633","INN1","","",0.2022494,,"",
"","100000007941657","INN1","","",0.2493094,,"",
"","100000007941674","INN1","","",0.249837,,"",
"","100000007941565","INN1","","",0.3148596,,"",
"","100000007941584","INN1","","",0.3670542,,"",
"","100000007941204","INN1","","",0.488174,,"",
"","100000007941229","INN1","","",0.625696,,"",
"","100000007941115","INN1","","",0.8493012,,"",
"","100000007941142","INN1","","",0.516797,,"",
"","100000007941155","INN1","","",0.6649346,,"",
"","100000007941184","INN1","","",0.60117,,"",
"","100000007941199","INN1","","",0.7988838,,"",
"","100000007941224","INN1","","",0.8779654,,"",
"","100000007941111","INN1","","",0.7328352,,"",
"","100000007941136","INN1","","",0.625274,,"",
"","100000007941152","INN1","","",0.710659,,"",
"","100000007941449","INN1","","",0.929798,,"",
"","100000007941488","INN1","","",1.046369,,"",
"","100000007941528","INN1","","",1.168753,,"",
"","100000007941441","INN1","","",1.447666,,"",
"","100000007941480","INN1","","",1.53365,,"",
"","100000007942130","INN1","","",3.675864,,"",
"","100000007942202","INN1","","",4.7186678,,"",
"","100000007942233","INN1","","",0.108620789,,"",
"","100000007942142","INN1","","",0.0847552,,"",
"","100000007942160","INN1","","",0.071329,,"",
"","100000007977793","INN1","","",0.9396402,,"",
"","100000007944272","INN1","","",0.3101156,,"",
"","100000007944306","INN1","","",0.382085889,,"",
"","100000007944131","INN1","","",0.458980032,,"",
"","100000007944544","INN1","","",0.319163232,,"",
"","100000007944555","INN1","","",0.909190235,,"",
"","100000007944783","INN1","","",3.75188808,,"",
"","100000007944754","INN1","","",0.160163126,,"",
"","100000007944664","INN1","","",0.215638792,,"",
"","100000007944681","INN1","","",0.179258392,,"",
"","100000007944722","INN1","","",0.272334407,,"",
"","100000007944746","INN1","","",0.264106293,,"",
"","100000007944796","INN1","","",1.453594209,,"",
"","100000007941608","INN1","","",0.327533,,"",
"","100000007941650","INN1","","",0.4023426,,"",
"","100000007941634","INN1","","",0.806797,,"",
"","100000007941173","INN1","","",1.138422,,"",
"","100000007941191","INN1","","",1.43859,,"",
"","100000007941235","INN1","","",2.190701,,"",
"","100000007941137","INN1","","",0.522147,,"",
"","100000007941159","INN1","","",0.941868,,"",
"","100000007942458","INN1","","",4.1603094,,"",
"","100000007941431","INN1","","",2.1851228,,"",
"","100000007941472","INN1","","",2.69816,,"",
"","100000007942203","INN1","","",0.1100618,,"",
"","100000007942218","INN1","","",0.0926494,,"",
"","100000007942108","INN1","","",0.1026272,,"",
"","100000007942124","INN1","","",0.1133658,,"",
"","100000007942152","INN1","","",0.129399,,"",
"","100000007942169","INN1","","",0.1262756,,"",
"","100000007978757","INN1","","",0.614721021,,"",
"","100000007978891","INN1","","",0.2566696,,"",
"","100000007944076","INN1","","",0.545544576,,"",
"","100000007940124","INN1","","",0.377039527,,"",
"","100000007944591","INN1","","",0.07728718,,"",
"","100000007944605","INN1","","",0.116657435,,"",
"","100000007944518","INN1","","",0.10563766,,"",
"","100000007944557","INN1","","",0.065038071,,"",
"","100000007944578","INN1","","",0.129115993,,"",
"","100000007944592","INN1","","",0.144038972,,"",
"","100000007944612","INN1","","",0.180830271,,"",
"","100000007944519","INN1","","",0.16518656,,"",
"","100000007944545","INN1","","",0.2592998,,"",
"","100000007944658","INN1","","",0.33188167,,"",
"","100000007944684","INN1","","",0.307136362,,"",
"","100000007944699","INN1","","",0.355215976,,"",
"","100000007944724","INN1","","",0.385287742,,"",
"","100000007944673","INN1","","",0.15233504,,"",
"","100000007940453","INN1","","",0.224376057,,"",
"","100000007944809","INN1","","",1.665294894,,"",
"","100000007944758","INN1","","",1.898212919,,"",
"","100000007944770","INN1","","",2.175374976,,"",
"","100000007944823","INN1","","",2.505065789,,"",
"","100000007940691","INN1","","",0.825715,,"",
"","100000007940608","INN1","","",0.5217092,,"",
"","100000007955051","INN1","","",0.04309428,,"",
"","100000007955543","INN1","","",0.353122,,"",
"","100000007955432","INN1","","",0.3836238,,"",
"","100000007942410","INN1","","",1.1984842,,"",
"","100000007942467","INN1","","",1.6143382,,"",
"","100000007942478","INN1","","",1.7228728,,"",
"","100000007942375","INN1","","",1.6970832,,"",
"","100000007942432","INN1","","",1.710326125,,"",
"","100000007942475","INN1","","",0.4242776,,"",
"","100000007943211","INN1","","",0.535763,,"",
"","100000007943232","INN1","","",0.443114,,"",
"","100000007942864","INN1","","",1.9740372,,"",
"","100000007942898","INN1","","",2.726002,,"",
"","100000007942800","INN1","","",3.446346,,"",
"","100000007978908","INN1","","",0.1721684,,"",
"","100000007981118","INN1","","",0.148416522,,"",
"","100000007981240","INN1","","",0.1522738,,"",
"","100000007981312","INN1","","",0.167269818,,"",
"","100000007980953","INN1","","",0.1369162,,"",
"","100000007981203","INN1","","",0.183232,,"",
"","100000007980924","INN1","","",0.2186524,,"",
"","100000007980584","INN1","","",0.2427316,,"",
"","100000007980731","INN1","","",0.17854,,"",
"","100000007980585","INN1","","",0.142322614,,"",
"","100000007980863","INN1","","",0.168784,,"",
"","100000007940158","INN1","","",0.022005623,,"",
"","100000007940177","INN1","","",0.171028915,,"",
"","100000007939944","INN1","","",0.266819,,"",
"","100000007941059","INN1","","",0.665502,,"",
"","100000007940550","INN1","","",0.731931,,"",
"","100000007940433","INN1","","",0.726726,,"",
"","100000007940463","INN1","","",0.753372,,"",
"","100000007940488","INN1","","",1.0803016,,"",
"","100000007940516","INN1","","",1.007762763,,"",
"","100000007940403","INN1","","",1.309017,,"",
"","100000007940506","INN1","","",0.169335,,"",
"","100000007940560","INN1","","",0.694159152,,"",
"","100000007940412","INN1","","",0.195994,,"",
"","100000007940432","INN1","","",0.77421096,,"",
"","100000007940423","INN1","","",0.199553,,"",
"","100000007940793","INN1","","",0.81683476,,"",
"","100000007940818","INN1","","",0.20686,,"",
"","100000007940882","INN1","","",0.211544,,"",
"","100000007940629","INN1","","",0.6416102,,"",
"","100000007940661","INN1","","",0.5658724,,"",
"","100000007940682","INN1","","",0.6119064,,"",
"","100000007940714","INN1","","",0.8062136,,"",
"","100000007940601","INN1","","",0.9724636,,"",
"","100000007940651","INN1","","",0.9452162,,"",
"","100000007957108","INN1","","",0.203256,,"",
"","100000007956998","INN1","","",0.237024,,"",
"","100000007957014","INN1","","",0.2759988,,"",
"","100000007957068","INN1","","",0.359043,,"",
"","100000007957109","INN1","","",0.283423,,"",
"","100000007955521","INN1","","",0.36303,,"",
"","100000007955564","INN1","","",0.4106118,,"",
"","100000007955532","INN1","","",0.4175956,,"",
"","100000007955633","INN1","","",0.469441,,"",
"","100000007955424","INN1","","",0.501648,,"",
"","100000007955477","INN1","","",0.634353,,"",
"","100000007955497","INN1","","",0.647091,,"",
"","100000007955946","INN1","","",1.194659,,"",
"","100000007942376","INN1","","",2.9658794,,"",
"","100000007944435","INN1","","",0.0605636,,"",
"","100000007943301","INN1","","",0.6675456,,"",
"","100000007943326","INN1","","",0.8780746,,"",
"","100000007943999","INN1","","",0.1440888,,"",
"","100000007943923","INN1","","",0.223190584,,"",
"","100000007943933","INN1","","",0.290589572,,"",
"","100000007980993","INN1","","",0.2237704,,"",
"","100000007981087","INN1","","",0.0361324,,"",
"","100000007980906","INN1","","",0.172048,,"",
"","100000007980610","INN1","","",0.151655,,"",
"","100000007980661","INN1","","",0.136722,,"",
"","100000007940185","INN1","","",0.024323129,,"",
"","100000007940223","INN1","","",0.024954019,,"",
"","100000007940117","INN1","","",0.025440666,,"",
"","100000007940142","INN1","","",0.075958914,,"",
"","100000007940167","INN1","","",0.081799588,,"",
"","100000007940233","INN1","","",0.056760773,,"",
"","100000007940118","INN1","","",0.021552919,,"",
"","100000007940153","INN1","","",0.022473972,,"",
"","100000007939971","INN1","","",0.590341963,,"",
"","100000007940012","INN1","","",0.1487418,,"",
"","100000007940032","INN1","","",0.1581138,,"",
"","100000007940083","INN1","","",0.15114576,,"",
"","100000007940454","INN1","","",0.166802,,"",
"","100000007940478","INN1","","",0.1648536,,"",
"","100000007940507","INN1","","",0.208129,,"",
"","100000007940529","INN1","","",0.230977,,"",
"","100000007940561","INN1","","",0.26852,,"",
"","100000007940414","INN1","","",0.272682,,"",
"","100000007940496","INN1","","",0.406463,,"",
"","100000007940745","INN1","","",0.227238,,"",
"","100000007940880","INN1","","",0.272025,,"",
"","100000007940743","INN1","","",0.323885,,"",
"","100000007940579","INN1","","",1.5723876,,"",
"","100000007940602","INN1","","",1.8554956,,"",
"","100000007940630","INN1","","",1.5270732,,"",
"","100000007940652","INN1","","",1.9112656,,"",
"","100000007957497","INN1","","",0.279462,,"",
"","100000007957373","INN1","","",0.1464558,,"",
"","100000007957280","INN1","","",0.1262478,,"",
"","100000007957311","INN1","","",0.149848,,"",
"","100000007957348","INN1","","",0.1152902,,"",
"","100000007957394","INN1","","",0.172444,,"",
"","100000007957268","INN1","","",0.1601442,,"",
"","100000007957618","INN1","","",0.070454,,"",
"","100000007944494","INN1","","",0.12881778,,"",
"","100000007944353","INN1","","",0.135893744,,"",
"","100000007944436","INN1","","",0.181498484,,"",
"","100000007944375","INN1","","",0.0608058,,"",
"","100000007944013","INN1","","",0.199956887,,"",
"","100000007944036","INN1","","",0.175439403,,"",
"","100000007943938","INN1","","",0.197529272,,"",
"","100000007943949","INN1","","",0.243325586,,"",
"","100000007943974","INN1","","",0.272663805,,"",
"","100000007944242","INN1","","",0.0933392,,"",
"","100000007944258","INN1","","",0.336660437,,"",
"","100000007941877","INN1","","",0.719454,,"",
"","100000007941903","INN1","","",0.768565,,"",
"","100000007941875","INN1","","",0.827156,,"",
"","100000007941901","INN1","","",0.794396,,"",
"","100000007941916","INN1","","",0.959673,,"",
"","100000007942674","INN1","","",0.920155,,"",
"","100000007942690","INN1","","",0.785043,,"",
"","100000007957470","INN1","","",0.1303544,,"",
"","100000007957523","INN1","","",0.1482488,,"",
"","100000007957431","INN1","","",0.157162,,"",
"","100000007958749","INN1","","",0.161601,,"",
"","100000007958800","INN1","","",0.122661,,"",
"","100000007957328","INN1","","",0.245397,,"",
"","100000007957579","INN1","","",0.1145268,,"",
"","100000007945472","INN1","","",0.237404022,,"",
"","100000007944000","INN1","","",0.24950554,,"",
"","100000007944037","INN1","","",0.318000647,,"",
"","100000007943939","INN1","","",0.39690585,,"",
"","100000007939419","INN1","","",0.167355,,"",
"","100000007944201","INN1","","",0.522509731,,"",
"","100000007944268","INN1","","",0.692909825,,"",
"","100000007944289","INN1","","",0.851692084,,"",
"","100000007940244","INN1","","",0.821335,,"",
"","100000007940366","INN1","","",0.4458182,,"",
"","100000007940245","INN1","","",0.456927,,"",
"","100000007959297","INN1","","",0.1104816,,"",
"","100000007959369","INN1","","",0.086846,,"",
"","100000007959411","INN1","","",0.0985518,,"",
"","100000007961769","INN1","","",1.276331,,"",
"","100000007984763","INN1","","",0.0220926,,"",
"","100000007984818","INN1","","",0.060340365,,"",
"","100000007984527","INN1","","",0.0426734,,"",
"","100000007984666","INN1","","",0.061908,,"",
"","100000007985284","INN1","","",0.0253824,,"",
"","100000007985285","INN1","","",0.0210132,,"",
"","100000007941698","INN1","","",0.266995,,"",
"","100000007941725","INN1","","",0.274356,,"",
"","100000007941766","INN1","","",0.3553286,,"",
"","100000007942728","INN1","","",1.073552,,"",
"","100000007942768","INN1","","",0.685481404,,"",
"","100000007943657","INN1","","",0.7972208,,"",
"","100000007943571","INN1","","",0.748490818,,"",
"","100000007957051","INN1","","",0.153356,,"",
"","100000007957067","INN1","","",0.1654508,,"",
"","100000007957095","INN1","","",0.1765246,,"",
"","100000007958522","INN1","","",0.055334927,,"",
"","100000007958622","INN1","","",0.1236345,,"",
"","100000007958694","INN1","","",0.044815563,,"",
"","100000007958376","INN1","","",0.055719164,,"",
"","100000007958437","INN1","","",0.131466355,,"",
"","100000007945486","INN1","","",0.316140788,,"",
"","100000007945506","INN1","","",0.263172429,,"",
"","100000007945418","INN1","","",0.347099088,,"",
"","100000007945432","INN1","","",0.495802385,,"",
"","100000007945017","INN1","","",0.49011517,,"",
"","100000007945031","INN1","","",1.059022237,,"",
"","100000007945050","INN1","","",0.58225921,,"",
"","100000007945064","INN1","","",0.576958041,,"",
"","100000007945083","INN1","","",0.666207013,,"",
"","100000007940291","INN1","","",0.465179,,"",
"","100000007940310","INN1","","",0.462538,,"",
"","100000007940338","INN1","","",0.660516,,"",
"","100000007940385","INN1","","",0.629281,,"",
"","100000007940282","INN1","","",0.680836241,,"",
"","100000007940328","INN1","","",0.853688938,,"",
"","100000007940346","INN1","","",0.8988802,,"",
"","100000007984733","INN1","","",0.0918842,,"",
"","100000007989940","INN1","","",8.3731478,,"",
"","100000007942976","INN1","","",0.061842184,,"",
"","100000007943048","INN1","","",0.045961852,,"",
"","100000007943852","INN1","","",0.10127338,,"",
"","100000007943872","INN1","","",0.124463208,,"",
"","100000007943905","INN1","","",0.110583829,,"",
"","100000007943812","INN1","","",0.1837264,,"",
"","100000007943631","INN1","","",0.323673398,,"",
"","100000007943614","INN1","","",2.6112846,,"",
"","100000007943587","INN1","","",0.656602616,,"",
"","100000007943541","INN1","","",0.772780514,,"",
"","100000007943588","INN1","","",1.036855044,,"",
"","100000007943624","INN1","","",1.207853732,,"",
"","100000007928993","NYS2","","",1.161,,"",
"","100000007929023","NYS2","","",1.251,,"",
"","100000007928967","NYS2","","",1.233,,"",
"","100000007929000","NYS2","","",1.287,,"",
"","100000007929549","NYS2","","",12.681,,"",
"","100000007929215","NYS2","","",7.74,,"",
"","100000007929231","NYS2","","",7.722,,"",
"","100000007929446","NYS2","","",2.97,,"",
"","100000007929462","NYS2","","",1.35,,"",
"","100000007929531","NYS2","","",1.404,,"",
"","100000007929426","NYS2","","",1.413,,"",
"","100000007929472","NYS2","","",1.422,,"",
"","100000007929484","NYS2","","",1.404,,"",
"","100000007929504","NYS2","","",1.62,,"",
"","100000007929520","NYS2","","",1.719,,"",
"","100000007925492","NYS2","","",0.612,,"",
"","100000007925407","NYS2","","",0.549,,"",
"","100000007925789","NYS2","","",0.37278,,"",
"","100000007925668","NYS2","","",1.08,,"",
"","100000007925713","NYS2","","",0.594,,"",
"","100000007925669","NYS2","","",0.585,,"",
"","100000007925688","NYS2","","",0.558,,"",
"","100000007925714","NYS2","","",0.432,,"",
"","100000007926457","NYS2","","",0.25479,,"",
"","100000007930130","NYS2","","",1.386,,"",
"","100000007930163","NYS2","","",12.456,,"",
"","100000007930060","NYS2","","",8.388,,"",
"","100000007930086","NYS2","","",8.361,,"",
"","100000007930112","NYS2","","",7.578,,"",
"","100000007953796","NYS2","","",0.27306,,"",
"","100000007953819","NYS2","","",0.648,,"",
"","100000007953723","NYS2","","",0.23697,,"",
"","100000007949493","NYS2","","",27.846,,"",
"","100000007949397","NYS2","","",28.053,,"",
"","100000007949415","NYS2","","",25.767,,"",
"","100000007949437","NYS2","","",47.727,,"",
"","100000007927638","NYS2","","",0.25614,,"",
"","100000007927559","NYS2","","",2.412,,"",
"","100000007927542","NYS2","","",1.98,,"",
"","100000007927599","NYS2","","",0.828,,"",
"","100000007927466","NYS2","","",1.827,,"",
"","100000007921530","NYS2","","",0.28557,,"",
"","100000007924506","NYS2","","",0.03465,,"",
"","100000007924525","NYS2","","",0.99,,"",
"","100000007924552","NYS2","","",0.29079,,"",
"","100000007924545","NYS2","","",0.54,,"",
"","100000007924573","NYS2","","",0.72,,"",
"","100000007924491","NYS2","","",1.314,,"",
"","100000007931466","NYS2","","",0.522,,"",
"","100000007931377","NYS2","","",0.27,,"",
"","100000007932135","NYS2","","",0.369,,"",
"","100000007929024","NYS2","","",0.927,,"",
"","100000007928839","NYS2","","",2.448,,"",
"","100000007933903","NYS2","","",0.423,,"",
"","100000007933936","NYS2","","",0.378,,"",
"","100000007928934","NYS2","","",2.466,,"",
"","100000007928813","NYS2","","",1.134,,"",
"","100000007928807","NYS2","","",1.17,,"",
"","100000007929662","NYS2","","",1.566,,"",
"","100000007929259","NYS2","","",6.786,,"",
"","100000007929285","NYS2","","",6.858,,"",
"","100000007929158","NYS2","","",8.361,,"",
"","100000007929179","NYS2","","",8.649,,"",
"","100000007929207","NYS2","","",12.258,,"",
"","100000007929222","NYS2","","",11.538,,"",
"","100000007929272","NYS2","","",10.242,,"",
"","100000007929764","NYS2","","",1.458,,"",
"","100000007929679","NYS2","","",0.837,,"",
"","100000007929427","NYS2","","",1.728,,"",
"","100000007930023","NYS2","","",1.431,,"",
"","100000007930050","NYS2","","",0.792,,"",
"","100000007929913","NYS2","","",0.72,,"",
"","100000007925651","NYS2","","",0.378,,"",
"","100000007925531","NYS2","","",0.18972,,"",
"","100000007925547","NYS2","","",0.783,,"",
"","100000007925571","NYS2","","",0.837,,"",
"","100000007925587","NYS2","","",0.45,,"",
"","100000007925614","NYS2","","",0.603,,"",
"","100000007925520","NYS2","","",0.99,,"",
"","100000007926257","NYS2","","",0.648,,"",
"","100000007926495","NYS2","","",0.792,,"",
"","100000007926068","NYS2","","",0.783,,"",
"","100000007926076","NYS2","","",0.45,,"",
"","100000007925974","NYS2","","",0.38007,,"",
"","100000007926029","NYS2","","",0.549,,"",
"","100000007930127","NYS2","","",7.938,,"",
"","100000007930154","NYS2","","",8.469,,"",
"","100000007930170","NYS2","","",8.595,,"",
"","100000007949486","NYS2","","",3.987,,"",
"","100000007949407","NYS2","","",3.735,,"",
"","100000007949464","NYS2","","",4.959,,"",
"","100000007949477","NYS2","","",4.716,,"",
"","100000007949386","NYS2","","",5.526,,"",
"","100000007949411","NYS2","","",9.036,,"",
"","100000007926743","NYS2","","",0.918,,"",
"","100000007926767","NYS2","","",1.575,,"",
"","100000007927540","NYS2","","",0.891,,"",
"","100000007927496","NYS2","","",1.575,,"",
"","100000007924214","NYS2","","",0.36531,,"",
"","100000007924227","NYS2","","",0.423,,"",
"","100000007924250","NYS2","","",0.711,,"",
"","100000007924261","NYS2","","",0.729,,"",
"","100000007924285","NYS2","","",0.792,,"",
"","100000007924220","NYS2","","",1.593,,"",
"","100000007924208","NYS2","","",1.341,,"",
"","100000007924231","NYS2","","",1.44,,"",
"","100000007924563","NYS2","","",1.134,,"",
"","100000007924530","NYS2","","",0.63,,"",
"","100000007924557","NYS2","","",1.035,,"",
"","100000007924521","NYS2","","",0.711,,"",
"","100000007932149","NYS2","","",0.819,,"",
"","100000007932167","NYS2","","",0.54,,"",
"","100000007932183","NYS2","","",0.621,,"",
"","100000007932217","NYS2","","",0.855,,"",
"","100000007933957","NYS2","","",0.621,,"",
"","100000007933969","NYS2","","",0.432,,"",
"","100000007933883","NYS2","","",0.468,,"",
"","100000007933877","NYS2","","",0.432,,"",
"","100000007933893","NYS2","","",0.36,,"",
"","100000007933927","NYS2","","",0.396,,"",
"","100000007933959","NYS2","","",0.315,,"",
"","100000007928836","NYS2","","",1.188,,"",
"","100000007928856","NYS2","","",1.251,,"",
"","100000007928896","NYS2","","",1.134,,"",
"","100000007933753","NYS2","","",0.27,,"",
"","100000007933771","NYS2","","",0.279,,"",
"","100000007933798","NYS2","","",0.279,,"",
"","100000007933817","NYS2","","",0.333,,"",
"","100000007933844","NYS2","","",0.522,,"",
"","100000007929607","NYS2","","",1.26,,"",
"","100000007929693","NYS2","","",0.765,,"",
"","100000007929687","NYS2","","",0.675,,"",
"","100000007929941","NYS2","","",0.783,,"",
"","100000007929968","NYS2","","",0.783,,"",
"","100000007929986","NYS2","","",0.783,,"",
"","100000007930211","NYS2","","",0.216,,"",
"","100000007930275","NYS2","","",0.396,,"",
"","100000007930297","NYS2","","",0.252,,"",
"","100000007930189","NYS2","","",0.16866,,"",
"","100000007930212","NYS2","","",1.35,,"",
"","100000007930229","NYS2","","",0.747,,"",
"","100000007926361","NYS2","","",0.13581,,"",
"","100000007926277","NYS2","","",0.441,,"",
"","100000007926192","NYS2","","",0.567,,"",
"","100000007927077","NYS2","","",0.828,,"",
"","100000007927006","NYS2","","",0.396,,"",
"","100000007927040","NYS2","","",0.423,,"",
"","100000007927072","NYS2","","",0.432,,"",
"","100000007927018","NYS2","","",0.711,,"",
"","100000007930635","NYS2","","",4.383,,"",
"","100000007930697","NYS2","","",3.645,,"",
"","100000007949446","NYS2","","",7.416,,"",
"","100000007949469","NYS2","","",8.856,,"",
"","100000007949480","NYS2","","",10.377,,"",
"","100000007949390","NYS2","","",8.883,,"",
"","100000007949685","NYS2","","",11.916,,"",
"","100000007949698","NYS2","","",158.949,,"",
"","100000007949721","NYS2","","",169.983,,"",
"","100000007927187","NYS2","","",1.485,,"",
"","100000007927128","NYS2","","",1.665,,"",
"","100000007927146","NYS2","","",1.791,,"",
"","100000007927162","NYS2","","",1.548,,"",
"","100000007927189","NYS2","","",0.99,,"",
"","100000007927196","NYS2","","",1.17,,"",
"","100000007927209","NYS2","","",0.855,,"",
"","100000007927106","NYS2","","",0.657,,"",
"","100000007928397","NYS2","","",3.708,,"",
"","100000007928484","NYS2","","",3.492,,"",
"","100000007929104","NYS2","","",34.884,,"",
"","100000007929116","NYS2","","",11.502,,"",
"","100000007929061","NYS2","","",13.608,,"",
"","100000007925964","NYS2","","",0.909,,"",
"","100000007925847","NYS2","","",0.675,,"",
"","100000007925837","NYS2","","",0.972,,"",
"","100000007932048","NYS2","","",0.693,,"",
"","100000007932067","NYS2","","",0.657,,"",
"","100000007932083","NYS2","","",0.747,,"",
"","100000007932104","NYS2","","",1.035,,"",
"","100000007932077","NYS2","","",0.657,,"",
"","100000007933886","NYS2","","",0.306,,"",
"","100000007933898","NYS2","","",0.378,,"",
"","100000007933917","NYS2","","",0.378,,"",
"","100000007934449","NYS2","","",0.585,,"",
"","100000007934469","NYS2","","",0.27,,"",
"","100000007934352","NYS2","","",0.639,,"",
"","100000007934398","NYS2","","",0.954,,"",
"","100000007934414","NYS2","","",0.747,,"",
"","100000007933861","NYS2","","",0.387,,"",
"","100000007929746","NYS2","","",1.017,,"",
"","100000007929760","NYS2","","",1.35,,"",
"","100000007929781","NYS2","","",1.224,,"",
"","100000007929720","NYS2","","",0.576,,"",
"","100000007929737","NYS2","","",0.864,,"",
"","100000007929754","NYS2","","",0.774,,"",
"","100000007929773","NYS2","","",2.547,,"",
"","100000007929961","NYS2","","",0.846,,"",
"","100000007929978","NYS2","","",0.774,,"",
"","100000007930005","NYS2","","",0.765,,"",
"","100000007930025","NYS2","","",0.765,,"",
"","100000007932289","NYS2","","",1.395,,"",
"","100000007932306","NYS2","","",0.369,,"",
"","100000007932330","NYS2","","",0.549,,"",
"","100000007934081","NYS2","","",1.296,,"",
"","100000007934106","NYS2","","",1.449,,"",
"","100000007929465","NYS2","","",2.061,,"",
"","100000007929486","NYS2","","",2.322,,"",
"","100000007926304","NYS2","","",0.441,,"",
"","100000007926321","NYS2","","",0.513,,"",
"","100000007926202","NYS2","","",0.387,,"",
"","100000007926219","NYS2","","",0.38205,,"",
"","100000007928132","NYS2","","",0.675,,"",
"","100000007927074","NYS2","","",0.405,,"",
"","100000007926938","NYS2","","",1.179,,"",
"","100000007949727","NYS2","","",8.865,,"",
"","100000007949639","NYS2","","",321.48,,"",
"","100000007949657","NYS2","","",15.39,,"",
"","100000007949676","NYS2","","",3.258,,"",
"","100000007949693","NYS2","","",15.93,,"",
"","100000007950546","NYS2","","",2.052,,"",
"","100000007950561","NYS2","","",10.341,,"",
"","100000007927122","NYS2","","",1.692,,"",
"","100000007927210","NYS2","","",1.773,,"",
"","100000007927107","NYS2","","",0.621,,"",
"","100000007928506","NYS2","","",1.602,,"",
"","100000007929076","NYS2","","",13.644,,"",
"","100000007932100","NYS2","","",0.486,,"",
"","100000007932002","NYS2","","",0.513,,"",
"","100000007932034","NYS2","","",0.666,,"",
"","100000007931956","NYS2","","",0.36,,"",
"","100000007931973","NYS2","","",0.45,,"",
"","100000007931928","NYS2","","",0.702,,"",
"","100000007934541","NYS2","","",0.396,,"",
"","100000007934460","NYS2","","",0.297,,"",
"","100000007934345","NYS2","","",0.504,,"",
"","100000007934399","NYS2","","",0.36,,"",
"","100000007934244","NYS2","","",0.603,,"",
"","100000007934510","NYS2","","",0.945,,"",
"","100000007931940","NYS2","","",0.279,,"",
"","100000007931964","NYS2","","",0.441,,"",
"","100000007931978","NYS2","","",2.295,,"",
"","100000007931884","NYS2","","",0.729,,"",
"","100000007931920","NYS2","","",0.639,,"",
"","100000007931942","NYS2","","",0.594,,"",
"","100000007931958","NYS2","","",0.666,,"",
"","100000007931994","NYS2","","",1.206,,"",
"","100000007933382","NYS2","","",1.665,,"",
"","100000007933362","NYS2","","",1.422,,"",
"","100000007928590","NYS2","","",10.08,,"",
"","100000007928153","NYS2","","",0.63,,"",
"","100000007928173","NYS2","","",1.08,,"",
"","100000007928197","NYS2","","",1.359,,"",
"","100000007928217","NYS2","","",1.71,,"",
"","100000007928116","NYS2","","",1.899,,"",
"","100000007928133","NYS2","","",2.502,,"",
"","100000007928154","NYS2","","",3.438,,"",
"","100000007928174","NYS2","","",11.682,,"",
"","100000007926883","NYS2","","",1.035,,"",
"","100000007926858","NYS2","","",1.215,,"",
"","100000007931643","NYS2","","",0.09261,,"",
"","100000007931688","NYS2","","",0.07605,,"",
"","100000007931733","NYS2","","",0.08388,,"",
"","100000007931359","NYS2","","",0.08919,,"",
"","100000007949632","NYS2","","",1.935,,"",
"","100000007949646","NYS2","","",2.943,,"",
"","100000007949669","NYS2","","",16.011,,"",
"","100000007949684","NYS2","","",11.331,,"",
"","100000007950588","NYS2","","",6.912,,"",
"","100000007950604","NYS2","","",2.835,,"",
"","100000007927219","NYS2","","",0.468,,"",
"","100000007928419","NYS2","","",5.553,,"",
"","100000007928646","NYS2","","",1.377,,"",
"","100000007928668","NYS2","","",1.593,,"",
"","100000007928698","NYS2","","",0.72,,"",
"","100000007928745","NYS2","","",0.711,,"",
"","100000007928766","NYS2","","",1.611,,"",
"","100000007928635","NYS2","","",1.899,,"",
"","100000007928658","NYS2","","",0.972,,"",
"","100000007927123","NYS2","","",0.441,,"",
"","100000007927139","NYS2","","",0.738,,"",
"","100000007927108","NYS2","","",1.35,,"",
"","100000007927124","NYS2","","",0.1854,,"",
"","100000007927148","NYS2","","",1.701,,"",
"","100000007927194","NYS2","","",0.621,,"",
"","100000007927392","NYS2","","",1.197,,"",
"","100000007927459","NYS2","","",0.567,,"",
"","100000007927364","NYS2","","",0.702,,"",
"","100000007927385","NYS2","","",0.531,,"",
"","100000007927408","NYS2","","",0.513,,"",
"","100000007927427","NYS2","","",0.396,,"",
"","100000007934490","NYS2","","",0.387,,"",
"","100000007934552","NYS2","","",0.657,,"",
"","100000007934132","NYS2","","",0.585,,"",
"","100000007934215","NYS2","","",1.17,,"",
"","100000007931901","NYS2","","",0.567,,"",
"","100000007931915","NYS2","","",0.738,,"",
"","100000007931936","NYS2","","",0.585,,"",
"","100000007931893","NYS2","","",0.387,,"",
"","100000007931909","NYS2","","",0.54,,"",
"","100000007930045","NYS2","","",0.765,,"",
"","100000007929924","NYS2","","",0.783,,"",
"","100000007930015","NYS2","","",0.729,,"",
"","100000007928158","NYS2","","",8.55,,"",
"","100000007928190","NYS2","","",154.116,,"",
"","100000007926942","NYS2","","",1.233,,"",
"","100000007931288","NYS2","","",0.07812,,"",
"","100000007931351","NYS2","","",0.19602,,"",
"","100000007931330","NYS2","","",1.062,,"",
"","100000007931346","NYS2","","",0.963,,"",
"","100000007931363","NYS2","","",1.278,,"",
"","100000007928708","NYS2","","",0.774,,"",
"","100000007928706","NYS2","","",1.791,,"",
"","100000007928733","NYS2","","",2.16,,"",
"","100000007928777","NYS2","","",0.873,,"",
"","100000007928707","NYS2","","",2.16,,"",
"","100000007928969","NYS2","","",2.079,,"",
"","100000007928982","NYS2","","",2.151,,"",
"","100000007928986","NYS2","","",1.908,,"",
"","100000007929001","NYS2","","",1.863,,"",
"","100000007927159","NYS2","","",0.648,,"",
"","100000007927175","NYS2","","",0.549,,"",
"","100000007927199","NYS2","","",2.421,,"",
"","100000007927215","NYS2","","",0.711,,"",
"","100000007927359","NYS2","","",0.432,,"",
"","100000007927300","NYS2","","",0.801,,"",
"","100000007934153","NYS2","","",0.504,,"",
"","100000007934165","NYS2","","",0.495,,"",
"","100000007934186","NYS2","","",0.54,,"",
"","100000007934198","NYS2","","",0.36,,"",
"","100000007934120","NYS2","","",0.441,,"",
"","100000007934133","NYS2","","",0.432,,"",
"","100000007934154","NYS2","","",0.531,,"",
"","100000007932985","NYS2","","",1.449,,"",
"","100000007932998","NYS2","","",1.206,,"",
"","100000007933020","NYS2","","",1.296,,"",
"","100000007932827","NYS2","","",1.575,,"",
"","100000007932843","NYS2","","",1.575,,"",
"","100000007933552","NYS2","","",0.261,,"",
"","100000007933460","NYS2","","",0.243,,"",
"","100000007930263","NYS2","","",0.225,,"",
"","100000007930284","NYS2","","",0.306,,"",
"","100000007930301","NYS2","","",0.324,,"",
"","100000007930201","NYS2","","",0.288,,"",
"","100000007930295","NYS2","","",0.16623,,"",
"","100000007930205","NYS2","","",0.15363,,"",
"","100000007930218","NYS2","","",0.15714,,"",
"","100000007930241","NYS2","","",0.18432,,"",
"","100000007930258","NYS2","","",0.1458,,"",
"","100000007930282","NYS2","","",0.15372,,"",
"","100000007930296","NYS2","","",0.14859,,"",
"","100000007925256","NYS2","","",0.33876,,"",
"","100000007925270","NYS2","","",0.32886,,"",
"","100000007925279","NYS2","","",0.14283,,"",
"","100000007925292","NYS2","","",0.23418,,"",
"","100000007925315","NYS2","","",0.31482,,"",
"","100000007925330","NYS2","","",0.3546,,"",
"","100000007925343","NYS2","","",0.41382,,"",
"","100000007924859","NYS2","","",1.701,,"",
"","100000007924926","NYS2","","",1.26,,"",
"","100000007924853","NYS2","","",1.836,,"",
"","100000007924875","NYS2","","",1.089,,"",
"","100000007924893","NYS2","","",1.386,,"",
"","100000007925092","NYS2","","",0.26595,,"",
"","100000007924958","NYS2","","",0.35937,,"",
"","100000007951016","NYS2","","",17.487,,"",
"","100000007950817","NYS2","","",30.528,,"",
"","100000007928735","NYS2","","",0.873,,"",
"","100000007928029","NYS2","","",0.873,,"",
"","100000007928047","NYS2","","",0.432,,"",
"","100000007928090","NYS2","","",1.035,,"",
"","100000007928063","NYS2","","",0.666,,"",
"","100000007929019","NYS2","","",1.899,,"",
"","100000007927701","NYS2","","",0.414,,"",
"","100000007927642","NYS2","","",0.936,,"",
"","100000007927664","NYS2","","",0.19089,,"",
"","100000007927886","NYS2","","",2.619,,"",
"","100000007927904","NYS2","","",29.376,,"",
"","100000007927969","NYS2","","",0.765,,"",
"","100000007927754","NYS2","","",4.779,,"",
"","100000007927767","NYS2","","",5.085,,"",
"","100000007927787","NYS2","","",6.066,,"",
"","100000007927777","NYS2","","",5.283,,"",
"","100000007927789","NYS2","","",6.876,,"",
"","100000007927810","NYS2","","",6.624,,"",
"","100000007932438","NYS2","","",0.279,,"",
"","100000007932459","NYS2","","",0.261,,"",
"","100000007932932","NYS2","","",1.116,,"",
"","100000007932945","NYS2","","",1.116,,"",
"","100000007928874","NYS2","","",2.565,,"",
"","100000007928890","NYS2","","",0.936,,"",
"","100000007928812","NYS2","","",2.376,,"",
"","100000007928854","NYS2","","",2.628,,"",
"","100000007928866","NYS2","","",1.089,,"",
"","100000007932873","NYS2","","",1.233,,"",
"","100000007932898","NYS2","","",1.278,,"",
"","100000007932865","NYS2","","",0.63,,"",
"","100000007932892","NYS2","","",1.647,,"",
"","100000007932912","NYS2","","",1.305,,"",
"","100000007932819","NYS2","","",1.503,,"",
"","100000007932838","NYS2","","",1.296,,"",
"","100000007929632","NYS2","","",1.962,,"",
"","100000007933480","NYS2","","",0.16866,,"",
"","100000007933440","NYS2","","",0.1404,,"",
"","100000007929305","NYS2","","",11.538,,"",
"","100000007929169","NYS2","","",12.159,,"",
"","100000007929197","NYS2","","",12.897,,"",
"","100000007929260","NYS2","","",0.972,,"",
"","100000007929297","NYS2","","",1.053,,"",
"","100000007924468","NYS2","","",0.31176,,"",
"","100000007924312","NYS2","","",0.34578,,"",
"","100000007924419","NYS2","","",0.23238,,"",
"","100000007924453","NYS2","","",0.2547,,"",
"","100000007925316","NYS2","","",0.25461,,"",
"","100000007925354","NYS2","","",0.38142,,"",
"","100000007925258","NYS2","","",0.32427,,"",
"","100000007925271","NYS2","","",0.39888,,"",
"","100000007925293","NYS2","","",0.747,,"",
"","100000007925269","NYS2","","",0.612,,"",
"","100000007925285","NYS2","","",1.809,,"",
"","100000007924823","NYS2","","",0.10575,,"",
"","100000007925581","NYS2","","",0.711,,"",
"","100000007925023","NYS2","","",0.20844,,"",
"","100000007925040","NYS2","","",0.32382,,"",
"","100000007924948","NYS2","","",0.864,,"",
"","100000007924974","NYS2","","",0.963,,"",
"","100000007925057","NYS2","","",0.38826,,"",
"","100000007924985","NYS2","","",0.819,,"",
"","100000007926054","NYS2","","",0.612,,"",
"","100000007927972","NYS2","","",0.657,,"",
"","100000007928056","NYS2","","",0.405,,"",
"","100000007928008","NYS2","","",0.34956,,"",
"","100000007928050","NYS2","","",0.25182,,"",
"","100000007928074","NYS2","","",1.287,,"",
"","100000007927860","NYS2","","",4.635,,"",
"","100000007927876","NYS2","","",0.27,,"",
"","100000007927918","NYS2","","",0.558,,"",
"","100000007927942","NYS2","","",6.3,,"",
"","100000007927844","NYS2","","",2.925,,"",
"","100000007927861","NYS2","","",3.168,,"",
"","100000007927887","NYS2","","",3.105,,"",
"","100000007927906","NYS2","","",4.914,,"",
"","100000007927732","NYS2","","",6.723,,"",
"","100000007927724","NYS2","","",7.218,,"",
"","100000007927744","NYS2","","",7.182,,"",
"","100000007927759","NYS2","","",7.281,,"",
"","100000007927792","NYS2","","",9.387,,"",
"","100000007927813","NYS2","","",9.693,,"",
"","100000007927733","NYS2","","",6.156,,"",
"","100000007927745","NYS2","","",6.21,,"",
"","100000007927752","NYS2","","",6.84,,"",
"","100000007926257","NAT1","","",0.6075,,"",
"","100000007933362","NAT1","","",1.1795,,"",
"","100000007934081","NAT1","","",1.1026,,"",
"","100000007934106","NAT1","","",1.2011,,"",
"","100000007922969","NAT1","","",1.2937,,"",
"","100000007931100","NAT1","","",0.7643,,"",
"","100000007930997","NAT1","","",0.5962,,"",
"","100000007931003","NAT1","","",0.8725,,"",
"","100000007930998","NAT1","","",0.7375,,"",
"","100000007931005","NAT1","","",1.4059,,"",
"","100000007930999","NAT1","","",1.2767,,"",
"","100000007931006","NAT1","","",2.6701,,"",
"","100000007931021","NAT1","","",0.7016,,"",
"","100000007931035","NAT1","","",0.3025,,"",
"","100000007931057","NAT1","","",2.2757,,"",
"","100000007930015","NAT1","","",0.6949,,"",
"","100000007930036","NAT1","","",1.0257,,"",
"","100000007929824","NAT1","","",0.7524,,"",
"","100000007918211","NAT1","","",10.0939,,"",
"","100000007919005","NAT1","","",23.3711,,"",
"","100000007918923","NAT1","","",64.093,,"",
"","100000007927300","NAT1","","",0.7483,,"",
"","100000007920830","INN1","","",1.340739,,"",
"","100000007920746","INN1","","",1.409418,,"",
"","100000007920753","INN1","","",1.55797,,"",
"","100000007920238","INN1","","",2.092919,,"",
"","100000007920291","INN1","","",2.232154,,"",
"","100000007920352","INN1","","",2.34061695,,"",
"","100000007928836","NAT1","","",1.11,,"",
"","100000007928856","NAT1","","",1.1603,,"",
"","100000007928896","NAT1","","",1.1501,,"",
"","100000007928920","NAT1","","",1.1861,,"",
"","100000007928799","NAT1","","",1.2078,,"",
"","100000007928829","NAT1","","",1.2243,,"",
"","100000007928851","NAT1","","",1.2431,,"",
"","100000007928871","NAT1","","",1.2462,,"",
"","100000007923055","NAT1","","",1.1839,,"",
"","100000007922584","NAT1","","",1.4983,,"",
"","100000007922605","NAT1","","",0.9145,,"",
"","100000007932271","NAT1","","",0.3865,,"",
"","100000007932312","NAT1","","",0.3001,,"",
"","100000007931073","NAT1","","",0.2921,,"",
"","100000007931094","NAT1","","",3.2183,,"",
"","100000007930989","NAT1","","",0.7805,,"",
"","100000007931014","NAT1","","",4.1288,,"",
"","100000007931049","NAT1","","",0.647,,"",
"","100000007930984","NAT1","","",6.1479,,"",
"","100000007930859","NAT1","","",0.7232,,"",
"","100000007930880","NAT1","","",9.1544,,"",
"","100000007930909","NAT1","","",0.8209,,"",
"","100000007929843","NAT1","","",2.1588,,"",
"","100000007931633","NAT1","","",0.1014,,"",
"","100000007931660","NAT1","","",0.0901,,"",
"","100000007931700","NAT1","","",0.1077,,"",
"","100000007931716","NAT1","","",0.1304,,"",
"","100000007931743","NAT1","","",0.1745,,"",
"","100000007920797","INN1","","",1.607671,,"",
"","100000007920831","INN1","","",1.617794,,"",
"","100000007921847","INN1","","",0.0782538,,"",
"","100000007921868","INN1","","",0.140874,,"",
"","100000007921838","INN1","","",0.128719,,"",
"","100000007921530","INN1","","",0.123367305,,"",
"","100000007921523","INN1","","",0.1195222,,"",
"","100000007928888","NAT1","","",1.2637,,"",
"","100000007928931","NAT1","","",1.2909,,"",
"","100000007928821","NAT1","","",1.2759,,"",
"","100000007928837","NAT1","","",1.3589,,"",
"","100000007928864","NAT1","","",1.3741,,"",
"","100000007928879","NAT1","","",1.412,,"",
"","100000007928904","NAT1","","",1.4828,,"",
"","100000007928808","NAT1","","",1.521,,"",
"","100000007922638","NAT1","","",1.2682,,"",
"","100000007924169","NAT1","","",1.6269,,"",
"","100000007923739","NAT1","","",0.956,,"",
"","100000007923769","NAT1","","",1.3852,,"",
"","100000007923668","NAT1","","",1.0585,,"",
"","100000007923684","NAT1","","",1.0572,,"",
"","100000007922578","NAT1","","",0.3996,,"",
"","100000007932219","NAT1","","",0.3754,,"",
"","100000007932265","NAT1","","",0.3249,,"",
"","100000007929887","NAT1","","",1.1614,,"",
"","100000007930926","NAT1","","",9.3132,,"",
"","100000007930945","NAT1","","",2.2843,,"",
"","100000007930964","NAT1","","",2.6948,,"",
"","100000007930835","NAT1","","",0.3365,,"",
"","100000007930860","NAT1","","",3.5788,,"",
"","100000007930890","NAT1","","",0.3989,,"",
"","100000007927320","NAT1","","",0.9631,,"",
"","100000007927263","NAT1","","",0.8187,,"",
"","100000007927281","NAT1","","",1.1713,,"",
"","100000007921119","INN1","","",23.65030601,,"",
"","100000007921516","INN1","","",0.082912418,,"",
"","100000007928830","NAT1","","",1.5516,,"",
"","100000007928857","NAT1","","",1.5651,,"",
"","100000007916433","NAT1","","",0.1901,,"",
"","100000007916453","NAT1","","",0.2272,,"",
"","100000007916756","NAT1","","",0.2904,,"",
"","100000007923731","NAT1","","",1.848,,"",
"","100000007923760","NAT1","","",1.9096,,"",
"","100000007923777","NAT1","","",1.1192,,"",
"","100000007923677","NAT1","","",0.8356,,"",
"","100000007923703","NAT1","","",0.8264,,"",
"","100000007923751","NAT1","","",0.3959,,"",
"","100000007928158","NAT1","","",8.8892,,"",
"","100000007928897","NAT1","","",1.0751,,"",
"","100000007922614","NAT1","","",2.2333,,"",
"","100000007922628","NAT1","","",1.4635,,"",
"","100000007922647","NAT1","","",1.2338,,"",
"","100000007922554","NAT1","","",1.3572,,"",
"","100000007922572","NAT1","","",1.8989,,"",
"","100000007922589","NAT1","","",1.272,,"",
"","100000007932289","NAT1","","",1.1641,,"",
"","100000007932306","NAT1","","",0.2927,,"",
"","100000007932330","NAT1","","",0.497,,"",
"","100000007930910","NAT1","","",5.6454,,"",
"","100000007930938","NAT1","","",0.5139,,"",
"","100000007930985","NAT1","","",6.3947,,"",
"","100000007930845","NAT1","","",0.6247,,"",
"","100000007930881","NAT1","","",11.7109,,"",
"","100000007930901","NAT1","","",0.604,,"",
"","100000007930927","NAT1","","",15.2324,,"",
"","100000007930946","NAT1","","",0.8412,,"",
"","100000007929903","NAT1","","",1.119,,"",
"","100000007929816","NAT1","","",1.6954,,"",
"","100000007929844","NAT1","","",1.9242,,"",
"","100000007929858","NAT1","","",2.1739,,"",
"","100000007921739","INN1","","",0.592305464,,"",
"","100000007918211","INN1","","",4.614198018,,"",
"","100000007918978","INN1","","",1.4123708,,"",
"","100000007918915","INN1","","",2.5306918,,"",
"","100000007918769","INN1","","",1.0429808,,"",
"","100000007918655","INN1","","",0.7098084,,"",
"","100000007918717","INN1","","",0.53273,,"",
"","100000007916696","NAT1","","",0.5389,,"",
"","100000007916776","NAT1","","",0.7013,,"",
"","100000007925242","NAT1","","",0.7094,,"",
"","100000007925276","NAT1","","",0.351,,"",
"","100000007925300","NAT1","","",0.3681,,"",
"","100000007929594","NAT1","","",95.3852,,"",
"","100000007922573","NAT1","","",1.2839,,"",
"","100000007922634","NAT1","","",0.8219,,"",
"","100000007922612","NAT1","","",2.0194,,"",
"","100000007923761","NAT1","","",1.8106,,"",
"","100000007928119","NAT1","","",10.0579,,"",
"","100000007921530","NAT1","","",0.2285,,"",
"","100000007921523","NAT1","","",0.2667,,"",
"","100000007929873","NAT1","","",1.0321,,"",
"","100000007929895","NAT1","","",0.992,,"",
"","100000007929782","NAT1","","",2.0834,,"",
"","100000007929826","NAT1","","",1.8689,,"",
"","100000007918360","INN1","","",0.951213,,"",
"","100000007918255","INN1","","",0.2627828,,"",
"","100000007918280","INN1","","",0.379187,,"",
"","100000007919005","INN1","","",9.1029508,,"",
"","100000007918923","INN1","","",23.6989408,,"",
"","100000007918893","INN1","","",1.1982996,,"",
"","100000007918647","INN1","","",0.817071,,"",
"","100000007918664","INN1","","",0.522968932,,"",
"","100000007918734","INN1","","",44.43526771,,"",
"","100000007916744","NAT1","","",0.0232,,"",
"","100000007917164","NAT1","","",0.7452,,"",
"","100000007925335","NAT1","","",0.388,,"",
"","100000007925350","NAT1","","",0.3692,,"",
"","100000007925255","NAT1","","",0.3986,,"",
"","100000007924848","NAT1","","",0.3985,,"",
"","100000007924870","NAT1","","",0.3786,,"",
"","100000007924888","NAT1","","",0.423,,"",
"","100000007924912","NAT1","","",0.4445,,"",
"","100000007924929","NAT1","","",0.5714,,"",
"","100000007924816","NAT1","","",0.2726,,"",
"","100000007929662","NAT1","","",1.6011,,"",
"","100000007923786","NAT1","","",1.5122,,"",
"","100000007923660","NAT1","","",1.4982,,"",
"","100000007923685","NAT1","","",0.6946,,"",
"","100000007928129","NAT1","","",7.4902,,"",
"","100000007928169","NAT1","","",15.1793,,"",
"","100000007928192","NAT1","","",14.3741,,"",
"","100000007928211","NAT1","","",23.9593,,"",
"","100000007922550","NAT1","","",2.5019,,"",
"","100000007922556","NAT1","","",1.384,,"",
"","100000007929845","NAT1","","",1.8396,,"",
"","100000007929859","NAT1","","",2.0179,,"",
"","100000007930862","NAT1","","",0.5342,,"",
"","100000007930892","NAT1","","",0.2254,,"",
"","100000007931671","NAT1","","",0.3524,,"",
"","100000007931699","NAT1","","",0.2299,,"",
"","100000007918412","INN1","","",0.753118,,"",
"","100000007927146","NAT1","","",2.1058,,"",
"","100000007927162","NAT1","","",1.9443,,"",
"","100000007927189","NAT1","","",0.8721,,"",
"","100000007927196","NAT1","","",1.0436,,"",
"","100000007927209","NAT1","","",0.8917,,"",
"","100000007927106","NAT1","","",0.8218,,"",
"","100000007917236","NAT1","","",2.962,,"",
"","100000007926037","NAT1","","",0.7359,,"",
"","100000007926055","NAT1","","",0.2723,,"",
"","100000007916837","NAT1","","",0.3612,,"",
"","100000007923674","NAT1","","",0.6771,,"",
"","100000007929607","NAT1","","",1.1711,,"",
"","100000007929632","NAT1","","",1.8269,,"",
"","100000007922858","NAT1","","",0.6365,,"",
"","100000007932438","NAT1","","",0.2469,,"",
"","100000007932459","NAT1","","",0.247,,"",
"","100000007928132","NAT1","","",0.506,,"",
"","100000007928153","NAT1","","",0.5572,,"",
"","100000007928173","NAT1","","",1.0058,,"",
"","100000007921516","NAT1","","",0.1666,,"",
"","100000007918146","INN1","","",0.1210518,,"",
"","100000007927122","NAT1","","",1.7319,,"",
"","100000007927172","NAT1","","",1.3855,,"",
"","100000007927181","NAT1","","",0.352,,"",
"","100000007927210","NAT1","","",2.1072,,"",
"","100000007927107","NAT1","","",0.7035,,"",
"","100000007917220","NAT1","","",6.3111,,"",
"","100000007917256","NAT1","","",7.8133,,"",
"","100000007917168","NAT1","","",28.1459,,"",
"","100000007918335","NAT1","","",0.1814,,"",
"","100000007918329","NAT1","","",0.2743,,"",
"","100000007926073","NAT1","","",0.3579,,"",
"","100000007925986","NAT1","","",0.5769,,"",
"","100000007916707","NAT1","","",0.4108,,"",
"","100000007916806","NAT1","","",0.044,,"",
"","100000007916819","NAT1","","",0.0629,,"",
"","100000007917221","NAT1","","",12.4803,,"",
"","100000007924859","NAT1","","",1.6278,,"",
"","100000007924926","NAT1","","",1.2176,,"",
"","100000007924853","NAT1","","",2.2719,,"",
"","100000007929621","NAT1","","",1.0414,,"",
"","100000007922932","NAT1","","",1.4511,,"",
"","100000007923766","NAT1","","",1.9462,,"",
"","100000007928197","NAT1","","",1.2074,,"",
"","100000007928217","NAT1","","",1.5401,,"",
"","100000007928116","NAT1","","",1.669,,"",
"","100000007928133","NAT1","","",2.3147,,"",
"","100000007928154","NAT1","","",3.0189,,"",
"","100000007928174","NAT1","","",11.712,,"",
"","100000007921847","NAT1","","",0.1482,,"",
"","100000007921868","NAT1","","",0.2545,,"",
"","100000007921838","NAT1","","",0.1768,,"",
"","100000007986187","NAT1","","",0.2514,,"",
"","100000007986344","NAT1","","",0.308,,"",
"","100000007924118","INN1","","",18.06221418,,"",
"","100000007923962","INN1","","",6.710870736,,"",
"","100000007923991","INN1","","",6.45988608,,"",
"","100000007924007","INN1","","",7.041812112,,"",
"","100000007924035","INN1","","",10.30025981,,"",
"","100000007923911","INN1","","",10.43553542,,"",
"","100000007923964","INN1","","",7.00267896,,"",
"","100000007923983","INN1","","",6.440319504,,"",
"","100000007924009","INN1","","",8.593614864,,"",
"","100000007924027","INN1","","",11.91076229,,"",
"","100000007923913","INN1","","",11.61895406,,"",
"","100000007923902","INN1","","",672.9207988,,"",
"","100000007987479","NAT1","","",3.6299,,"",
"","100000007987255","NAT1","","",0.1651,,"",
"","100000007920666","INN1","","",6.9109844,,"",
"","100000007920593","INN1","","",24.2500464,,"",
"","100000007920668","INN1","","",25.166565,,"",
"","100000007920689","INN1","","",13.8907788,,"",
"","100000007920690","INN1","","",430.7790165,,"",
"","100000007920685","INN1","","",8.76491136,,"",
"","100000007923725","INN1","","",11.17177182,,"",
"","100000007923734","INN1","","",13.04858455,,"",
"","100000007923772","INN1","","",5.067622424,,"",
"","100000007923781","INN1","","",6.101299328,,"",
"","100000007923662","INN1","","",6.63539008,,"",
"","100000007923708","INN1","","",10.24832431,,"",
"","100000007923726","INN1","","",14.1804583,,"",
"","100000007923755","INN1","","",8.908869835,,"",
"","100000007990440","NAT1","","",4.2925,,"",
"","100000007987454","NAT1","","",0.1542,,"",
"","100000007920673","INN1","","",117.2155003,,"",
"","100000007920612","INN1","","",23.54545541,,"",
"","100000007920677","INN1","","",16.62582197,,"",
"","100000007920702","INN1","","",5.787258624,,"",
"","100000007920609","INN1","","",7.83406096,,"",
"","100000007984763","NAT1","","",0.0495,,"",
"","100000007984818","NAT1","","",0.0796,,"",
"","100000007984527","NAT1","","",0.0894,,"",
"","100000007984666","NAT1","","",0.1026,,"",
"","100000007984733","NAT1","","",0.1593,,"",
"","100000007921461","INN1","","",7.216444032,,"",
"","100000007924923","INN1","","",37.37077976,,"",
"","100000007925339","INN1","","",0.428900519,,"",
"","100000007925246","INN1","","",0.489594824,,"",
"","100000007925261","INN1","","",0.553428028,,"",
"","100000007925317","INN1","","",0.415862738,,"",
"","100000007920810","INN1","","",7.6391208,,"",
"","100000007921113","INN1","","",9.52742376,,"",
"","100000007921001","INN1","","",9.83981448,,"",
"","100000007920990","INN1","","",14.36672442,,"",
"","100000007921002","INN1","","",12.04430245,,"",
"","100000007990640","NAT1","","",1.5187,,"",
"","100000007992569","NAT1","","",0.3024,,"",
"","100000007992666","NAT1","","",0.5149,,"",
"","100000007921538","INN1","","",19.83765174,,"",
"","100000007921558","INN1","","",20.6838995,,"",
"","100000007921574","INN1","","",22.88449994,,"",
"","100000007921592","INN1","","",24.15686112,,"",
"","100000007921498","INN1","","",27.14474351,,"",
"","100000007920615","INN1","","",10.7424432,,"",
"","100000007920601","INN1","","",9.82714611,,"",
"","100000007921866","INN1","","",55.61889149,,"",
"","100000007987613","NAT1","","",1.9639,,"",
"","100000007987681","NAT1","","",2.2615,,"",
"","100000007987793","NAT1","","",2.4948,,"",
"","100000007920619","INN1","","",15.717778,,"",
"","100000007920688","INN1","","",10.45114006,,"",
"","100000007921356","INN1","","",11.83925765,,"",
"","100000007921438","INN1","","",681.1074441,,"",
"","100000007921476","INN1","","",12.975165,,"",
"","100000007924905","INN1","","",34.7355044,,"",
"","100000007924883","INN1","","",5.082237826,,"",
"","100000007924891","INN1","","",8.510220976,,"",
"","100000007924881","INN1","","",14.04675555,,"",
"","100000007992722","NAT1","","",0.5013,,"",
"","100000007992755","NAT1","","",0.4826,,"",
"","100000007992522","NAT1","","",0.6766,,"",
"","100000007921598","INN1","","",94.43332555,,"",
"","100000007921511","INN1","","",229.6242082,,"",
"","100000007985284","NAT1","","",0.0465,,"",
"","100000007985285","NAT1","","",0.0578,,"",
"","100000007993852","NAT1","","",2.492,,"",
"","100000007920697","INN1","","",8.077362312,,"",
"","100000007920581","INN1","","",19.36250582,,"",
"","100000007920392","INN1","","",11.95039397,,"",
"","100000007920497","INN1","","",4.924987488,,"",
"","100000007921340","INN1","","",11.8124055,,"",
"","100000007921300","INN1","","",12.00641148,,"",
"","100000007921379","INN1","","",11.053175,,"",
"","100000007921403","INN1","","",4.37066824,,"",
"","100000007921439","INN1","","",13.31271315,,"",
"","100000007921462","INN1","","",10.27486044,,"",
"","100000007924897","INN1","","",17.95263286,,"",
"","100000007920888","INN1","","",12.15630944,,"",
"","100000007921191","INN1","","",6.957036864,,"",
"","100000007921241","INN1","","",6.266347424,,"",
"","100000007921273","INN1","","",10.91333724,,"",
"","100000007921013","INN1","","",0.446650416,,"",
"","100000007994439","NAT1","","",1.2152,,"",
"","100000007989940","NAT1","","",16.522,,"",
"","100000007920574","INN1","","",5.7910405,,"",
"","100000007920394","INN1","","",5.541287165,,"",
"","100000007922513","INN1","","",46.7480579,,"",
"","100000007920937","INN1","","",4.899848544,,"",
"","100000007920844","INN1","","",9.456053136,,"",
"","100000007920895","INN1","","",10.675152,,"",
"","100000007920909","INN1","","",9.7839035,,"",
"","100000007920927","INN1","","",10.96474448,,"",
"","100000007921208","INN1","","",12.68492932,,"",
"","100000007921229","INN1","","",11.86136372,,"",
"","100000007921266","INN1","","",20.9244451,,"",
"","100000007921151","INN1","","",13.83547656,,"",
"","100000007921170","INN1","","",13.00403996,,"",
"","100000007984029","NAT1","","",0.0672,,"",
"","100000007984082","NAT1","","",0.0589,,"",
"","100000007983856","NAT1","","",0.0952,,"",
"","100000007983836","NAT1","","",0.1196,,"",
"","100000007994490","NAT1","","",6.756,,"",
"","100000007994254","NAT1","","",7.5068,,"",
"","100000007989945","NAT1","","",0.6122,,"",
"","100000007989892","NAT1","","",0.3204,,"",
"","100000007988935","NAT1","","",0.1249,,"",
"","100000007989050","NAT1","","",0.1026,,"",
"","100000007989628","NAT1","","",0.1024,,"",
"","100000007921726","INN1","","",51.70049012,,"",
"","100000007921604","INN1","","",60.38782805,,"",
"","100000007921647","INN1","","",78.31519949,,"",
"","100000007921673","INN1","","",22.25546111,,"",
"","100000007921718","INN1","","",45.32237843,,"",
"","100000007920375","INN1","","",6.158404496,,"",
"","100000007983953","NAT1","","",0.1186,,"",
"","100000007984030","NAT1","","",0.1237,,"",
"","100000007988548","NAT1","","",0.3034,,"",
"","100000007952023","NAT1","","",0.3985,,"",
"","100000007952047","NAT1","","",0.4133,,"",
"","100000007952105","NAT1","","",0.1088,,"",
"","100000007952117","NAT1","","",0.5472,,"",
"","100000007921699","INN1","","",64.51577683,,"",
"","100000007986397","NAT1","","",0.2983,,"",
"","100000007986072","NAT1","","",0.4321,,"",
"","100000007988720","NAT1","","",0.4292,,"",
"","100000007988547","NAT1","","",0.5068,,"",
"","100000007988609","NAT1","","",0.5165,,"",
"","100000007988716","NAT1","","",0.6842,,"",
"","100000007953000","NAT1","","",1.3701,,"",
"","100000007953020","NAT1","","",1.1722,,"",
"","100000007953064","NAT1","","",1.6817,,"",
"","100000007953769","NAT1","","",1.3489,,"",
"","100000007953792","NAT1","","",2.3281,,"",
"","100000007953807","NAT1","","",2.0322,,"",
"","100000007994703","NAT1","","",3.3537,,"",
"","100000007994791","NAT1","","",4.7457,,"",
"","100000007989731","NAT1","","",0.2739,,"",
"","100000007950413","DTR1","","",0.76009,,"",
"","100000007951138","DTR1","","",3.14045,,"",
"","100000007951078","DTR1","","",3.63627,,"",
"","100000007951100","DTR1","","",4.19045,,"",
"","100000007951111","DTR1","","",7.01373,,"",
"","100000007950934","DTR1","","",0.72709,,"",
"","100000007950949","DTR1","","",1.02873,,"",
"","100000007950970","DTR1","","",0.90955,,"",
"","100000007938622","DTR1","","",0.13691,,"",
"","100000007940366","DTR1","","",0.24791,,"",
"","100000007940245","DTR1","","",0.279,,"",
"","100000007941059","DTR1","","",0.64309,,"",
"","100000007940550","DTR1","","",0.67064,,"",
"","100000007940433","DTR1","","",0.84382,,"",
"","100000007940506","DTR1","","",0.16773,,"",
"","100000007940560","DTR1","","",1.12091,,"",
"","100000007940412","DTR1","","",0.20345,,"",
"","100000007927928","B4U1","","",37.87657143,,"",
"","100000007927957","B4U1","","",59.25257143,,"",
"","100000007927134","B4U1","","",3.558428571,,"",
"","100000007951008","DTR1","","",1.24227,,"",
"","100000007939760","DTR1","","",0.09409,,"",
"","100000007940291","DTR1","","",0.30845,,"",
"","100000007940310","DTR1","","",0.35891,,"",
"","100000007940338","DTR1","","",0.492,,"",
"","100000007940385","DTR1","","",0.42791,,"",
"","100000007940282","DTR1","","",0.477,,"",
"","100000007940328","DTR1","","",0.57464,,"",
"","100000007940346","DTR1","","",0.61173,,"",
"","100000007940158","DTR1","","",0.03327,,"",
"","100000007940185","DTR1","","",0.03627,,"",
"","100000007940223","DTR1","","",0.03736,,"",
"","100000007940117","DTR1","","",0.03818,,"",
"","100000007940142","DTR1","","",0.04664,,"",
"","100000007940167","DTR1","","",0.05018,,"",
"","100000007940177","DTR1","","",0.10882,,"",
"","100000007939944","DTR1","","",0.25391,,"",
"","100000007940463","DTR1","","",1.05082,,"",
"","100000007940488","DTR1","","",1.38382,,"",
"","100000007940516","DTR1","","",1.50682,,"",
"","100000007940403","DTR1","","",1.61264,,"",
"","100000007940454","DTR1","","",0.20127,,"",
"","100000007940478","DTR1","","",0.204,,"",
"","100000007940507","DTR1","","",0.24027,,"",
"","100000007940529","DTR1","","",0.27082,,"",
"","100000007940561","DTR1","","",0.30545,,"",
"","100000007940432","DTR1","","",1.17818,,"",
"","100000007940423","DTR1","","",0.201,,"",
"","100000007940793","DTR1","","",1.39445,,"",
"","100000007940818","DTR1","","",0.20182,,"",
"","100000007940882","DTR1","","",0.23345,,"",
"","100000007940745","DTR1","","",0.26782,,"",
"","100000007940880","DTR1","","",0.30136,,"",
"","100000007927954","B4U1","","",18.68442857,,"",
"","100000007927768","B4U1","","",21.14357143,,"",
"","100000007927738","B4U1","","",26.368,,"",
"","100000007951338","DTR1","","",5.961,,"",
"","100000007952202","DTR1","","",5.01027,,"",
"","100000007952281","DTR1","","",5.78755,,"",
"","100000007952156","DTR1","","",6.12982,,"",
"","100000007952169","DTR1","","",7.55509,,"",
"","100000007939277","DTR1","","",0.14373,,"",
"","100000007939298","DTR1","","",0.14918,,"",
"","100000007939343","DTR1","","",0.18245,,"",
"","100000007939231","DTR1","","",0.25555,,"",
"","100000007939260","DTR1","","",0.23318,,"",
"","100000007939459","DTR1","","",0.11564,,"",
"","100000007939374","DTR1","","",0.13173,,"",
"","100000007939411","DTR1","","",0.13773,,"",
"","100000007939432","DTR1","","",0.10173,,"",
"","100000007939449","DTR1","","",0.16964,,"",
"","100000007940233","DTR1","","",0.03655,,"",
"","100000007940118","DTR1","","",0.03245,,"",
"","100000007940153","DTR1","","",0.03409,,"",
"","100000007940168","DTR1","","",0.04009,,"",
"","100000007940206","DTR1","","",0.04282,,"",
"","100000007939971","DTR1","","",0.40445,,"",
"","100000007940012","DTR1","","",0.11236,,"",
"","100000007940032","DTR1","","",0.09573,,"",
"","100000007940083","DTR1","","",0.10364,,"",
"","100000007939972","DTR1","","",0.13118,,"",
"","100000007940004","DTR1","","",0.14536,,"",
"","100000007940414","DTR1","","",0.32127,,"",
"","100000007940496","DTR1","","",0.51464,,"",
"","100000007940743","DTR1","","",0.32864,,"",
"","100000007940870","DTR1","","",0.36027,,"",
"","100000007940907","DTR1","","",0.33736,,"",
"","100000007935988","DTR1","","",0.01636,,"",
"","100000007927803","B4U1","","",48.31085714,,"",
"","100000007949354","DTR1","","",1.92573,,"",
"","100000007949378","DTR1","","",1.79809,,"",
"","100000007949322","DTR1","","",2.11691,,"",
"","100000007949333","DTR1","","",2.42373,,"",
"","100000007949355","DTR1","","",2.58818,,"",
"","100000007949313","DTR1","","",0.45791,,"",
"","100000007949326","DTR1","","",0.52964,,"",
"","100000007949365","DTR1","","",0.75,,"",
"","100000007949298","DTR1","","",0.73173,,"",
"","100000007949034","DTR1","","",0.11209,,"",
"","100000007949934","DTR1","","",0.768,,"",
"","100000007949957","DTR1","","",0.69055,,"",
"","100000007949993","DTR1","","",0.90464,,"",
"","100000007950065","DTR1","","",1.07973,,"",
"","100000007950106","DTR1","","",1.09855,,"",
"","100000007949575","DTR1","","",0.76991,,"",
"","100000007949613","DTR1","","",1.24636,,"",
"","100000007946257","DTR1","","",3.0144,,"",
"","100000007940608","DTR1","","",0.33055,,"",
"","100000007940629","DTR1","","",0.48709,,"",
"","100000007940661","DTR1","","",0.47182,,"",
"","100000007940682","DTR1","","",0.57627,,"",
"","100000007940714","DTR1","","",0.68645,,"",
"","100000007940601","DTR1","","",0.78082,,"",
"","100000007940651","DTR1","","",0.71618,,"",
"","100000007937478","DTR1","","",0.06164,,"",
"","100000007937495","DTR1","","",0.06164,,"",
"","100000007937519","DTR1","","",0.08509,,"",
"","100000007937404","DTR1","","",0.06845,,"",
"","100000007937430","DTR1","","",0.12245,,"",
"","100000007937345","DTR1","","",0.07118,,"",
"","100000007937357","DTR1","","",0.066,,"",
"","100000007936037","DTR1","","",0.01555,,"",
"","100000007935698","DTR1","","",0.02236,,"",
"","100000007949279","DTR1","","",3.34445,,"",
"","100000007949300","DTR1","","",3.24982,,"",
"","100000007949315","DTR1","","",5.09809,,"",
"","100000007949307","DTR1","","",0.13418,,"",
"","100000007949071","DTR1","","",0.15055,,"",
"","100000007949971","DTR1","","",0.111,,"",
"","100000007950020","DTR1","","",0.07282,,"",
"","100000007950067","DTR1","","",0.18218,,"",
"","100000007950096","DTR1","","",0.19991,,"",
"","100000007949923","DTR1","","",0.23155,,"",
"","100000007949959","DTR1","","",0.20127,,"",
"","100000007949920","DTR1","","",1.27664,,"",
"","100000007950018","DTR1","","",1.43755,,"",
"","100000007950066","DTR1","","",1.55973,,"",
"","100000007950093","DTR1","","",1.82045,,"",
"","100000007949921","DTR1","","",1.79455,,"",
"","100000007949945","DTR1","","",2.09455,,"",
"","100000007949557","DTR1","","",2.14009,,"",
"","100000007949623","DTR1","","",2.661,,"",
"","100000007949542","DTR1","","",2.742,,"",
"","100000007949606","DTR1","","",3.07527,,"",
"","100000007949514","DTR1","","",4.84827,,"",
"","100000007940579","DTR1","","",0.99655,,"",
"","100000007940602","DTR1","","",1.176,,"",
"","100000007940630","DTR1","","",1.39909,,"",
"","100000007940652","DTR1","","",1.55482,,"",
"","100000007940683","DTR1","","",1.93636,,"",
"","100000007940703","DTR1","","",1.70891,,"",
"","100000007937448","DTR1","","",0.08209,,"",
"","100000007937471","DTR1","","",0.11509,,"",
"","100000007937488","DTR1","","",0.15,,"",
"","100000007937099","DTR1","","",0.14973,,"",
"","100000007937159","DTR1","","",0.04009,,"",
"","100000007924883","B4U1","","",4.876142857,,"",
"","100000007925181","B4U1","","",21.28228571,,"",
"","100000007924949","B4U1","","",34.22142857,,"",
"","100000007924975","B4U1","","",50.22714286,,"",
"","100000007949327","DTR1","","",0.17536,,"",
"","100000007947919","DTR1","","",0.57,,"",
"","100000007925100","B4U1","","",13.78957143,,"",
"","100000007925120","B4U1","","",14.74114286,,"",
"","100000007925171","B4U1","","",19.11585714,,"",
"","100000007925034","B4U1","","",15.39885714,,"",
"","100000007925058","B4U1","","",16.65357143,,"",
"","100000007924961","B4U1","","",17.48885714,,"",
"","100000007924969","B4U1","","",19.21557143,,"",
"","100000007924987","B4U1","","",23.428,,"",
"","100000007925012","B4U1","","",20.51114286,,"",
"","100000007947535","DTR1","","",6.94636,,"",
"","100000007947900","DTR1","","",1.21473,,"",
"","100000007948420","DTR1","","",3.37173,,"",
"","100000007948347","DTR1","","",3.87764,,"",
"","100000007938556","DTR1","","",0.15818,,"",
"","100000007925035","B4U1","","",31.13485714,,"",
"","100000007927145","B4U1","","",5.153142857,,"",
"","100000007927160","B4U1","","",6.808428571,,"",
"","100000007927176","B4U1","","",9.828,,"",
"","100000007927177","B4U1","","",11.70971429,,"",
"","100000007947608","DTR1","","",8.06973,,"",
"","100000007950313","DTR1","","",16.84091,,"",
"","100000007950763","DTR1","","",6.49145,,"",
"","100000007950633","DTR1","","",7.66418,,"",
"","100000007950654","DTR1","","",6.98836,,"",
"","100000007951023","DTR1","","",1.25073,,"",
"","100000007938581","DTR1","","",0.05755,,"",
"","100000007938161","DTR1","","",0.14591,,"",
"","100000007938185","DTR1","","",0.17673,,"",
"","100000007938200","DTR1","","",0.19773,,"",
"","100000007938225","DTR1","","",0.15409,,"",
"","100000007939118","DTR1","","",0.50973,,"",
"","100000007927516","B4U1","","",38.24228571,,"",
"","100000007927536","B4U1","","",35.12228571,,"",
"","100000007927554","B4U1","","",35.09728571,,"",
"","100000007927136","B4U1","","",4.571857143,,"",
"","100000007927161","B4U1","","",1.390571429,,"",
"","100000007991818","INN1","","",7.671765936,,"",
"","100000007991910","INN1","","",4.8493836,,"",
"","100000007987812","INN1","","",45.78741451,,"",
"","100000007987876","INN1","","",30.90077942,,"",
"","100000007987926","INN1","","",47.5043927,,"",
"","100000007989900","INN1","","",40.67612251,,"",
"","100000007989933","INN1","","",18.68968829,,"",
"","100000007989947","INN1","","",23.75308063,,"",
"","100000007989971","INN1","","",35.75184228,,"",
"","100000007985274","INN1","","",15.97126205,,"",
"","100000007985291","INN1","","",15.82641978,,"",
"","100000007985316","INN1","","",2.705396465,,"",
"","100000007989903","INN1","","",16.75673395,,"",
"","100000007989915","INN1","","",15.72813979,,"",
"","100000007895943","INN1","","",53.71165288,,"",
"","100000007895951","INN1","","",1.790763532,,"",
"","100000007896901","INN1","","",3.424177,,"",
"","100000007896919","INN1","","",1.9462372,,"",
"","100000007896857","INN1","","",2.2541176,,"",
"","100000007896884","INN1","","",2.04163116,,"",
"","100000007894395","INN1","","",1.249560404,,"",
"","100000007894403","INN1","","",1.157152392,,"",
"","100000007894563","INN1","","",1.375965736,,"",
"","100000007897788","INN1","","",9.847245304,,"",
"","100000007897793","INN1","","",9.363595864,,"",
"","100000007897798","INN1","","",9.363595864,,"",
"","100000007897801","INN1","","",9.903356584,,"",
"","100000007897790","INN1","","",9.363595864,,"",
"","100000008033408","INN1","","",3.204349024,,"",
"","100000007837358","INN1","","",5.298314527,,"",
"","100000007837363","INN1","","",13.60099322,,"",
"","100000008032994","INN1","","",13.03355772,,"",
"","100000007893003","INN1","","",0.5522642,,"",
"","100000007893007","INN1","","",0.8575364,,"",
"","100000007891913","INN1","","",0.238014649,,"",
"","100000007891891","INN1","","",0.493605,,"",
"","100000007891901","INN1","","",0.516128645,,"",
"","100000007891905","INN1","","",0.56497591,,"",
"","100000007891912","INN1","","",0.5251638,,"",
"","100000007895163","INN1","","",57.20206634,,"",
"","100000007895167","INN1","","",95.53237227,,"",
"","100000007895172","INN1","","",14.33486225,,"",
"","100000007895173","INN1","","",36.01476993,,"",
"","100000007895180","INN1","","",42.98460436,,"",
"","100000007895174","INN1","","",4.099336204,,"",
"","100000007895181","INN1","","",5.470987464,,"",
"","100000007991195","INN1","","",4.539699216,,"",
"","100000007991264","INN1","","",3.938206608,,"",
"","100000007991127","INN1","","",5.780127168,,"",
"","100000007991133","INN1","","",5.780127168,,"",
"","100000007993339","INN1","","",4.3585,,"",
"","100000007990279","INN1","","",11.041312,,"",
"","100000007989999","INN1","","",11.42497872,,"",
"","100000007990019","INN1","","",15.06129443,,"",
"","100000007990768","INN1","","",3.181871808,,"",
"","100000007990816","INN1","","",4.014782496,,"",
"","100000007990890","INN1","","",4.490049729,,"",
"","100000007991472","INN1","","",6.57559512,,"",
"","100000007991882","INN1","","",6.052368816,,"",
"","100000007989930","INN1","","",17.52350414,,"",
"","100000007989943","INN1","","",14.40031824,,"",
"","100000007989935","INN1","","",5.23647936,,"",
"","100000007989948","INN1","","",5.51099872,,"",
"","100000007989839","INN1","","",7.895697312,,"",
"","100000007989928","INN1","","",10.0974055,,"",
"","100000007989942","INN1","","",8.96200585,,"",
"","100000007988768","INN1","","",9.276049152,,"",
"","100000007895935","INN1","","",1.790763532,,"",
"","100000307430424","INN1","","",7.8539,,"",
"","100000007897186","INN1","","",3.208267748,,"",
"","100000007897192","INN1","","",9.678370268,,"",
"","100000007897202","INN1","","",13.5770219,,"",
"","100000307430466","INN1","","",90.3025,,"",
"","100000307430467","INN1","","",94.0075,,"",
"","100000307430471","INN1","","",127.6516,,"",
"","100000007897795","INN1","","",9.363595864,,"",
"","100000007897975","INN1","","",9.363595864,,"",
"","100000007897856","INN1","","",25.37910489,,"",
"","100000007898218","INN1","","",9.705202128,,"",
"","100000007898212","INN1","","",149.4000593,,"",
"","100000007898181","INN1","","",74.69859885,,"",
"","100000008034791","INN1","","",1.170495,,"",
"","100000008033602","INN1","","",0.6805916,,"",
"","100000008033782","INN1","","",0.6441304,,"",
"","100000008034044","INN1","","",1.138014,,"",
"","100000007837355","INN1","","",9.923336184,,"",
"","100000007837361","INN1","","",5.406872736,,"",
"","100000007893015","INN1","","",0.8519624,,"",
"","100000007892996","INN1","","",1.488903,,"",
"","100000007893010","INN1","","",0.1620606,,"",
"","100000007892990","INN1","","",0.074504877,,"",
"","100000007892999","INN1","","",0.458883937,,"",
"","100000007895697","INN1","","",75.79401407,,"",
"","100000007895702","INN1","","",120.8645753,,"",
"","100000007895186","INN1","","",8.215720968,,"",
"","100000007993424","INN1","","",9.1841184,,"",
"","100000007993146","INN1","","",4.002166368,,"",
"","100000007993227","INN1","","",1.847036797,,"",
"","100000007995537","INN1","","",12.41984157,,"",
"","100000007995534","INN1","","",5.146780408,,"",
"","100000007995356","INN1","","",6.613362244,,"",
"","100000007995089","INN1","","",7.9482276,,"",
"","100000007991756","INN1","","",5.780127168,,"",
"","100000007991852","INN1","","",6.536461968,,"",
"","100000007994534","INN1","","",27.51021835,,"",
"","100000007988892","INN1","","",5.404794768,,"",
"","100000007988937","INN1","","",11.52025459,,"",
"","100000007989007","INN1","","",9.95291244,,"",
"","100000007988743","INN1","","",14.69954563,,"",
"","100000007988790","INN1","","",23.54970198,,"",
"","100000007988982","INN1","","",13.64922931,,"",
"","100000007991997","INN1","","",6.315186384,,"",
"","100000007992054","INN1","","",7.013142,,"",
"","100000008034833","INN1","","",1.7225482,,"",
"","100000008034834","INN1","","",1.7199284,,"",
"","100000008033411","INN1","","",1.213766,,"",
"","100000008033495","INN1","","",0.4108712,,"",
"","100000008033663","INN1","","",0.5517912,,"",
"","100000008033578","INN1","","",1.1138668,,"",
"","100000307430425","INN1","","",8.1317,,"",
"","100000307430426","INN1","","",11.1344,,"",
"","100000307430427","INN1","","",13.2128,,"",
"","100000307430428","INN1","","",16.0002,,"",
"","100000307430429","INN1","","",17.4024,,"",
"","100000307430430","INN1","","",19.9288,,"",
"","100000307430431","INN1","","",20.5406,,"",
"","100000307430434","INN1","","",9.6705,,"",
"","100000307430434","INN1","","",0.0967,,"",
"","100000307430472","INN1","","",6.4693,,"",
"","100000307430472","INN1","","",0.0647,,"",
"","100000307430473","INN1","","",12.5205,,"",
"","100000307430473","INN1","","",0.1252,,"",
"","100000307430474","INN1","","",14.9938,,"",
"","100000307430475","INN1","","",18.2819,,"",
"","100000007898192","INN1","","",27.83522238,,"",
"","100000007898201","INN1","","",44.11225238,,"",
"","100000008034692","INN1","","",9.682628863,,"",
"","100000008034510","INN1","","",2.28244891,,"",
"","100000008034695","INN1","","",2.289669627,,"",
"","100000008033525","INN1","","",1.931234891,,"",
"","100000008033603","INN1","","",1.721207926,,"",
"","100000008033973","INN1","","",1.798975216,,"",
"","100000008034259","INN1","","",1.697036152,,"",
"","100000008034443","INN1","","",2.43244372,,"",
"","100000008034719","INN1","","",2.605000829,,"",
"","100000008033461","INN1","","",1.792572307,,"",
"","100000008033719","INN1","","",1.835252285,,"",
"","100000007893006","INN1","","",0.5110824,,"",
"","100000007893009","INN1","","",36.5725685,,"",
"","100000007895905","INN1","","",18.14519092,,"",
"","100000007895917","INN1","","",13.4860845,,"",
"","100000007993877","INN1","","",50.70034123,,"",
"","100000007993275","INN1","","",1.866237415,,"",
"","100000007993341","INN1","","",1.833611975,,"",
"","100000007993403","INN1","","",1.826701167,,"",
"","100000007993122","INN1","","",0.6724952,,"",
"","100000007993276","INN1","","",0.8069,,"",
"","100000007993317","INN1","","",0.965612,,"",
"","100000007993381","INN1","","",1.182812,,"",
"","100000007993448","INN1","","",1.581764,,"",
"","100000007995413","INN1","","",9.408233056,,"",
"","100000007995460","INN1","","",24.01299821,,"",
"","100000007995112","INN1","","",29.56449024,,"",
"","100000007995158","INN1","","",25.2473112,,"",
"","100000007994989","INN1","","",30.03494947,,"",
"","100000007995045","INN1","","",26.6448515,,"",
"","100000007994250","INN1","","",2.014160619,,"",
"","100000007993987","INN1","","",4.074546102,,"",
"","100000008033754","INN1","","",1.4034,,"",
"","100000008033496","INN1","","",1.407559,,"",
"","100000008033664","INN1","","",2.71519,,"",
"","100000008033840","INN1","","",2.4320568,,"",
"","100000008033579","INN1","","",2.6641134,,"",
"","100000008033755","INN1","","",2.1475286,,"",
"","100000008033929","INN1","","",2.3889178,,"",
"","100000008033497","INN1","","",0.903410349,,"",
"","100000008034021","INN1","","",0.91126189,,"",
"","100000008033665","INN1","","",1.163464508,,"",
"","100000008036069","INN1","","",81.04648942,,"",
"","100000307430437","INN1","","",12.8236,,"",
"","100000307430437","INN1","","",0.1282,,"",
"","100000008035575","INN1","","",28.77033016,,"",
"","100000008035847","INN1","","",20.82876302,,"",
"","100000008034598","INN1","","",0.714443463,,"",
"","100000008034693","INN1","","",0.804742433,,"",
"","100000008033436","INN1","","",0.962488617,,"",
"","100000008033524","INN1","","",0.977865362,,"",
"","100000008033893","INN1","","",2.067895,,"",
"","100000008033974","INN1","","",2.3016354,,"",
"","100000007890730","INN1","","",7.729521468,,"",
"","100000007837658","INN1","","",6.429906842,,"",
"","100000007896665","INN1","","",9.997083504,,"",
"","100000007896631","INN1","","",32.14029724,,"",
"","100000007896634","INN1","","",32.18573061,,"",
"","100000007896650","INN1","","",24.36497496,,"",
"","100000007988916","INN1","","",24.6731,,"",
"","100000007988983","INN1","","",7.35336264,,"",
"","100000007989030","INN1","","",7.929525888,,"",
"","100000007989075","INN1","","",17.1993,,"",
"","100000007988744","INN1","","",8.565384096,,"",
"","100000007988769","INN1","","",20.97683464,,"",
"","100000007989558","INN1","","",8.545057632,,"",
"","100000307430358","INN1","","",0.0066,,"",
"","100000008009408","INN1","","",3.9507136,,"",
"","100000008009455","INN1","","",1.089505983,,"",
"","100000008008297","INN1","","",1.07855565,,"",
"","100000008009076","INN1","","",1.347688,,"",
"","100000008008517","INN1","","",1.347688,,"",
"","100000008035251","INN1","","",326.5078854,,"",
"","100000008035519","INN1","","",74.22567909,,"",
"","100000008035017","INN1","","",15.78895456,,"",
"","100000008035594","INN1","","",10.61458924,,"",
"","100000008035507","INN1","","",28.04669748,,"",
"","100000008032351","INN1","","",36.58604963,,"",
"","100000008032580","INN1","","",25.21975306,,"",
"","100000008032760","INN1","","",16.86349378,,"",
"","100000007837639","INN1","","",14.40371482,,"",
"","100000007890666","INN1","","",9.511803,,"",
"","100000007891005","INN1","","",7.502121,,"",
"","100000007891009","INN1","","",8.258853083,,"",
"","100000007893990","INN1","","",66.7268426,,"",
"","100000007897421","INN1","","",8.541782472,,"",
"","100000007897823","INN1","","",11.81747986,,"",
"","100000007897830","INN1","","",212.7977711,,"",
"","100000007897805","INN1","","",116.8623975,,"",
"","100000007897812","INN1","","",97.42345241,,"",
"","100000007989683","INN1","","",10.00541592,,"",
"","100000007989734","INN1","","",10.42118101,,"",
"","100000007989486","INN1","","",6.82612488,,"",
"","100000007989581","INN1","","",10.95920323,,"",
"","100000007989681","INN1","","",8.321373216,,"",
"","100000007989760","INN1","","",3.801240576,,"",
"","100000007987158","INN1","","",32.80280285,,"",
"","100000007987208","INN1","","",47.8389793,,"",
"","100000008008706","INN1","","",1.347688,,"",
"","100000008008999","INN1","","",0.7925148,,"",
"","100000008009483","INN1","","",0.6302794,,"",
"","100000008008227","INN1","","",0.560492831,,"",
"","100000007997142","INN1","","",1.399361098,,"",
"","100000007997060","INN1","","",20.51780617,,"",
"","100000007985625","INN1","","",25.76351308,,"",
"","100000007985626","INN1","","",12.84683069,,"",
"","100000007996655","INN1","","",4.525814304,,"",
"","100000008035775","INN1","","",21.09316941,,"",
"","100000008036139","INN1","","",87.64034285,,"",
"","100000007892234","INN1","","",1.4660546,,"",
"","100000007892238","INN1","","",1.1341118,,"",
"","100000007892248","INN1","","",0.44652,,"",
"","100000008032938","INN1","","",11.17644457,,"",
"","100000008033342","INN1","","",34.46044179,,"",
"","100000007893042","INN1","","",0.543846344,,"",
"","100000007893331","INN1","","",0.17866996,,"",
"","100000007893343","INN1","","",0.1540636,,"",
"","100000007893376","INN1","","",0.1332562,,"",
"","100000007893295","INN1","","",0.3879574,,"",
"","100000007923196","INN1","","",0.460205,,"",
"","100000007923212","INN1","","",0.466281,,"",
"","100000007923230","INN1","","",0.1096658,,"",
"","100000007923240","INN1","","",0.445085505,,"",
"","100000007923125","INN1","","",0.298194636,,"",
"","100000007923148","INN1","","",0.1549292,,"",
"","100000007896596","INN1","","",1.051991852,,"",
"","100000307430451","INN1","","",14.192,,"",
"","100000307430451","INN1","","",0.1419,,"",
"","100000307430452","INN1","","",17.1474,,"",
"","100000307430452","INN1","","",0.1715,,"",
"","100000307430453","INN1","","",19.0274,,"",
"","100000307430453","INN1","","",0.1903,,"",
"","100000307430454","INN1","","",22.6105,,"",
"","100000307430454","INN1","","",0.2261,,"",
"","100000307430455","INN1","","",24.5819,,"",
"","100000008035980","INN1","","",79.19869906,,"",
"","100000008035155","INN1","","",160.7586374,,"",
"","100000008035610","INN1","","",170.0694684,,"",
"","100000007891011","INN1","","",5.910813867,,"",
"","100000007987134","INN1","","",25.97667797,,"",
"","100000007985972","INN1","","",110.5458196,,"",
"","100000007985810","INN1","","",42.67147397,,"",
"","100000007985865","INN1","","",49.14809914,,"",
"","100000007986702","INN1","","",59.02872206,,"",
"","100000007986230","INN1","","",15.91996637,,"",
"","100000007986280","INN1","","",15.91996637,,"",
"","100000007985752","INN1","","",29.00635531,,"",
"","100000007985427","INN1","","",5.311286208,,"",
"","100000007984692","INN1","","",10.56646728,,"",
"","100000007984534","INN1","","",16.40482027,,"",
"","100000007984629","INN1","","",16.71450466,,"",
"","100000007984829","INN1","","",44.119404,,"",
"","100000007985357","INN1","","",2.920744656,,"",
"","100000007892206","INN1","","",1.2890162,,"",
"","100000007893321","INN1","","",0.2372538,,"",
"","100000007894472","INN1","","",1.420299268,,"",
"","100000007894498","INN1","","",1.020894832,,"",
"","100000007894515","INN1","","",0.872400676,,"",
"","100000007894445","INN1","","",1.511933952,,"",
"","100000007894463","INN1","","",1.263248576,,"",
"","100000007897111","INN1","","",31.12957461,,"",
"","100000307430455","INN1","","",0.2458,,"",
"","100000307430456","INN1","","",25.5793,,"",
"","100000307430456","INN1","","",0.2558,,"",
"","100000307430457","INN1","","",27.3887,,"",
"","100000307430461","INN1","","",113.7835,,"",
"","100000307430462","INN1","","",129.1675,,"",
"","100000307430463","INN1","","",136.8896,,"",
"","100000307430464","INN1","","",143.844,,"",
"","100000008036070","INN1","","",113.5810549,,"",
"","100000008035058","INN1","","",116.2442717,,"",
"","100000008035343","INN1","","",90.93950329,,"",
"","100000008035981","INN1","","",92.11593005,,"",
"","100000008034951","INN1","","",134.148134,,"",
"","100000008035434","INN1","","",124.78189,,"",
"","100000007985788","INN1","","",57.28334386,,"",
"","100000007989158","INN1","","",9.718333776,,"",
"","100000007986516","INN1","","",28.27713353,,"",
"","100000007986703","INN1","","",1.981743812,,"",
"","100000007986828","INN1","","",6.382591776,,"",
"","100000007986498","INN1","","",7.209958686,,"",
"","100000007986377","INN1","","",9.383293152,,"",
"","100000007986414","INN1","","",10.45884614,,"",
"","100000007986261","INN1","","",1.478389248,,"",
"","100000007986324","INN1","","",1.605431232,,"",
"","100000007986360","INN1","","",1.477435248,,"",
"","100000007986236","INN1","","",1.605431232,,"",
"","100000007986306","INN1","","",7.424579664,,"",
"","100000007988614","INN1","","",11.70727171,,"",
"","100000007987354","INN1","","",15.16708843,,"",
"","100000007987406","INN1","","",25.17250435,,"",
"","100000007988140","INN1","","",14.30680968,,"",
"","100000007988208","INN1","","",23.34570366,,"",
"","100000007987854","INN1","","",7.218860832,,"",
"","100000007987729","INN1","","",4.602374,,"",
"","100000007987903","INN1","","",5.193165128,,"",
"","100000007984487","INN1","","",9.051628608,,"",
"","100000007989968","INN1","","",14.00758229,,"",
"","100000007989939","INN1","","",7.432228016,,"",
"","100000007985283","INN1","","",20.0232,,"",
"","100000007985307","INN1","","",19.20665822,,"",
"","100000007985325","INN1","","",4.513534325,,"",
"","100000007985349","INN1","","",5.745346848,,"",
"","100000007985230","INN1","","",13.27821552,,"",
"","100000007984873","INN1","","",15.0139242,,"",
"","100000007984936","INN1","","",15.54112267,,"",
"","100000007895679","INN1","","",143.833451,,"",
"","100000007895685","INN1","","",143.833451,,"",
"","100000007897188","INN1","","",32.92526736,,"",
"","100000007897193","INN1","","",39.91335472,,"",
"","100000007897203","INN1","","",31.84885444,,"",
"","100000007894437","INN1","","",1.510117536,,"",
"","100000007894441","INN1","","",1.437286392,,"",
"","100000007894419","INN1","","",1.325842128,,"",
"","100000008034189","INN1","","",0.5455602,,"",
"","100000008034374","INN1","","",0.5189378,,"",
"","100000008034644","INN1","","",0.3376312,,"",
"","100000008034836","INN1","","",0.798267,,"",
"","100000307430465","INN1","","",169.4451,,"",
"","100000008036331","INN1","","",16.02085008,,"",
"","100000008035964","INN1","","",10.73214294,,"",
"","100000008035777","INN1","","",42.87208692,,"",
"","100000007894440","INN1","","",1.317131008,,"",
"","100000007894430","INN1","","",1.968937388,,"",
"","100000007894434","INN1","","",1.81235078,,"",
"","100000007894654","INN1","","",1.730191044,,"",
"","100000007989266","INN1","","",8.27205528,,"",
"","100000007989443","INN1","","",4.0930488,,"",
"","100000007989118","INN1","","",3.87950688,,"",
"","100000007991426","INN1","","",11.85206256,,"",
"","100000007990680","INN1","","",11.98733818,,"",
"","100000007990769","INN1","","",5.547018672,,"",
"","100000007990940","INN1","","",7.245789088,,"",
"","100000007990612","INN1","","",6.943979232,,"",
"","100000007927994","EQU1","","",13.9075,,"",
"","100000007927986","EQU1","","",15.93255,,"",
"","100000007954580","EQU1","","",25.2242,,"",
"","100000007956815","EQU1","","",6.81975,,"",
"","100000007956704","EQU1","","",10.151,,"",
"","100000007956743","EQU1","","",6.1206,,"",
"","100000007956787","EQU1","","",6.93975,,"",
"","100000007920665","EQU1","","",13.4631,,"",
"","100000007918932","EQU1","","",6.2325,,"",
"","100000007918956","EQU1","","",5.84185,,"",
"","100000007918567","EQU1","","",9.922,,"",
"","100000007918599","EQU1","","",13.3332,,"",
"","100000007918617","EQU1","","",10.74175,,"",
"","100000007918552","EQU1","","",10.7182,,"",
"","100000007918568","EQU1","","",9.6866,,"",
"","100000007918605","EQU1","","",10.65125,,"",
"","100000007918593","EQU1","","",12.70205,,"",
"","100000007918626","EQU1","","",11.3966,,"",
"","100000007920133","EQU1","","",15.4831,,"",
"","100000007920162","EQU1","","",14.15225,,"",
"","100000007920092","EQU1","","",15.7751,,"",
"","100000007920109","EQU1","","",15.21115,,"",
"","100000007920140","EQU1","","",13.33005,,"",
"","100000007917747","EQU1","","",17.9323,,"",
"","100000007917769","EQU1","","",26.0455,,"",
"","100000007917679","EQU1","","",16.23475,,"",
"","100000007917695","EQU1","","",30.0729,,"",
"","100000007917726","EQU1","","",21.91955,,"",
"","100000007918452","EQU1","","",13.9182,,"",
"","100000007918474","EQU1","","",44.6515,,"",
"","100000007919469","EQU1","","",15.45115,,"",
"","100000007919478","EQU1","","",13.4559,,"",
"","100000007919494","EQU1","","",11.64065,,"",
"","100000007919524","EQU1","","",13.32915,,"",
"","100000007919461","EQU1","","",21.50335,,"",
"","100000007919802","EQU1","","",8.0411,,"",
"","100000007919854","EQU1","","",12.75525,,"",
"","100000007893009","EQU1","","",50.7575,,"",
"","100000007892997","EQU1","","",2.8083,,"",
"","100000007892945","EQU1","","",0.80725,,"",
"","100000007892956","EQU1","","",1.47165,,"",
"","100000307430510","EQU1","","",37.76666818,,"",
"","300001331400343","EQU1","","",19.46195,,"",
"","100000007909326","EQU1","","",58.96845,,"",
"","100000307438630","EQU1","","",35.18176818,,"",
"","100000307438631","EQU1","","",36.99045909,,"",
"","100000307438632","EQU1","","",39.73852273,,"",
"","100000307438633","EQU1","","",44.11797273,,"",
"","100000007896631","EQU1","","",47.5335,,"",
"","100000007896634","EQU1","","",47.56365,,"",
"","100000007896650","EQU1","","",37.99215,,"",
"","100000007896703","EQU1","","",19.08445,,"",
"","100000007896635","EQU1","","",38.9764,,"",
"","100000007908693","EQU1","","",52.77975,,"",
"","100000007908497","EQU1","","",75.56305,,"",
"","100000007908596","EQU1","","",109.67095,,"",
"","100000307430424","EQU1","","",13.69413637,,"",
"","100000307430425","EQU1","","",14.41369546,,"",
"","100000307430426","EQU1","","",19.93799091,,"",
"","100000307430427","EQU1","","",23.63777273,,"",
"","100000307430428","EQU1","","",28.44981818,,"",
"","100000307430429","EQU1","","",30.45186818,,"",
"","100000307430430","EQU1","","",36.23954546,,"",
"","100000008039031","EQU1","","",8.6467,,"",
"","100000008037863","EQU1","","",6.7653,,"",
"","100000008038083","EQU1","","",9.14045,,"",
"","100000008028469","EQU1","","",25.4312,,"",
"","100000008028997","EQU1","","",22.0126,,"",
"","100000008027735","EQU1","","",14.80215,,"",
"","100000008037365","EQU1","","",260.0554,,"",
"","100000008036408","EQU1","","",124.7483,,"",
"","100000008036646","EQU1","","",154.52385,,"",
"","100000008036733","EQU1","","",571.4286,,"",
"","100000008036906","EQU1","","",205.8772,,"",
"","100000008037275","EQU1","","",92.7652,,"",
"","100000008037547","EQU1","","",120.8254,,"",
"","100000008036647","EQU1","","",75.58815,,"",
"","100000008036817","EQU1","","",206.6085,,"",
"","100000008037096","EQU1","","",215.3691,,"",
"","100000008037276","EQU1","","",221.5586,,"",
"","100000008023561","EQU1","","",1.58955,,"",
"","100000008022734","EQU1","","",1.0497,,"",
"","100000008023129","EQU1","","",0.9948,,"",
"","100000008034692","EQU1","","",28.40895,,"",
"","100000007837355","EQU1","","",17.9039,,"",
"","100000007837361","EQU1","","",10.2246,,"",
"","100000008030051","EQU1","","",3.88475,,"",
"","100000008034719","EQU1","","",5.61925,,"",
"","100000008033461","EQU1","","",4.25545,,"",
"","100000007957529","EQU1","","",18.9664,,"",
"","100000007957480","EQU1","","",27.9367,,"",
"","100000007955259","EQU1","","",0.54845,,"",
"","100000007957976","EQU1","","",19.54185,,"",
"","100000007957998","EQU1","","",34.2414,,"",
"","100000007958014","EQU1","","",111.3665,,"",
"","100000007958031","EQU1","","",11.5913,,"",
"","100000007958053","EQU1","","",139.1758,,"",
"","100000007943387","EQU1","","",29.3086,,"",
"","100000007943396","EQU1","","",52.8941,,"",
"","100000007928365","EQU1","","",24.78625,,"",
"","100000007931765","EQU1","","",8.90735,,"",
"","100000007931785","EQU1","","",8.3324,,"",
"","100000007929756","EQU1","","",1.5853,,"",
"","100000007932381","EQU1","","",0.4921,,"",
"","100000007932394","EQU1","","",0.29105,,"",
"","100000007932414","EQU1","","",0.613,,"",
"","100000007932426","EQU1","","",0.506,,"",
"","100000007932448","EQU1","","",0.6164,,"",
"","100000007932365","EQU1","","",0.1179,,"",
"","100000007927988","EQU1","","",16.9461,,"",
"","100000007928031","EQU1","","",37.9419,,"",
"","100000007927682","EQU1","","",36.6986,,"",
"","100000007958871","EQU1","","",15.99985,,"",
"","100000007918969","EQU1","","",6.4118,,"",
"","100000007918934","EQU1","","",6.54705,,"",
"","100000007918950","EQU1","","",6.06305,,"",
"","100000007918979","EQU1","","",4.79855,,"",
"","100000007919295","EQU1","","",11.11445,,"",
"","100000007919332","EQU1","","",14.9571,,"",
"","100000007919206","EQU1","","",13.63515,,"",
"","100000007919218","EQU1","","",16.1021,,"",
"","100000007917548","EQU1","","",22.05325,,"",
"","100000007917568","EQU1","","",46.3082,,"",
"","100000007917564","EQU1","","",16.94265,,"",
"","100000007917681","EQU1","","",15.8172,,"",
"","100000007919532","EQU1","","",17.06625,,"",
"","100000007919565","EQU1","","",15.61385,,"",
"","100000007919575","EQU1","","",17.39165,,"",
"","100000007919580","EQU1","","",18.71055,,"",
"","100000007919890","EQU1","","",354.6024,,"",
"","100000007919725","EQU1","","",12.57835,,"",
"","100000007919735","EQU1","","",11.4764,,"",
"","100000007919762","EQU1","","",9.0655,,"",
"","100000007919792","EQU1","","",12.88195,,"",
"","100000007893064","EQU1","","",1.32035,,"",
"","100000007893044","EQU1","","",1.59895,,"",
"","100000007902855","EQU1","","",55.5126,,"",
"","100000007895679","EQU1","","",255.24825,,"",
"","100000007895685","EQU1","","",155.33985,,"",
"","100000007909005","EQU1","","",103.07435,,"",
"","100000007909233","EQU1","","",111.01335,,"",
"","100000007909064","EQU1","","",70.95605,,"",
"","100000007909125","EQU1","","",69.9157,,"",
"","100000007904515","EQU1","","",19.1791,,"",
"","100000007904328","EQU1","","",2.9275,,"",
"","100000007896856","EQU1","","",81.8469,,"",
"","100000007896874","EQU1","","",84.3803,,"",
"","100000007896883","EQU1","","",103.5761,,"",
"","100000007896901","EQU1","","",7.7448,,"",
"","100000007908808","EQU1","","",117.6276,,"",
"","100000007905776","EQU1","","",5.1919,,"",
"","100000007893990","EQU1","","",102.3109,,"",
"","100000307430450","EQU1","","",22.11733637,,"",
"","100000307430451","EQU1","","",25.76188182,,"",
"","100000307430452","EQU1","","",29.84750455,,"",
"","100000307430453","EQU1","","",33.12824091,,"",
"","100000307430454","EQU1","","",37.36401364,,"",
"","100000307430455","EQU1","","",40.41753637,,"",
"","100000307430456","EQU1","","",42.78986818,,"",
"","100000307430457","EQU1","","",45.92492273,,"",
"","100000008036001","EQU1","","",64.4005,,"",
"","100000008029081","EQU1","","",25.5258,,"",
"","100000007837628","EQU1","","",6.3577,,"",
"","100000007837631","EQU1","","",14.89045,,"",
"","100000007837648","EQU1","","",59.0301,,"",
"","100000008037572","EQU1","","",57.6103,,"",
"","100000008036432","EQU1","","",41.5893,,"",
"","100000008036584","EQU1","","",28.2985,,"",
"","100000008022679","EQU1","","",1.1164,,"",
"","100000008023061","EQU1","","",0.98095,,"",
"","100000008023424","EQU1","","",0.89395,,"",
"","100000008022440","EQU1","","",1.045,,"",
"","100000008022600","EQU1","","",0.95305,,"",
"","100000008022838","EQU1","","",0.94625,,"",
"","100000007837316","EQU1","","",42.5533,,"",
"","100000008033719","EQU1","","",4.48375,,"",
"","100000008033893","EQU1","","",5.3235,,"",
"","100000008033974","EQU1","","",5.85185,,"",
"","100000008034168","EQU1","","",4.0573,,"",
"","100000008034260","EQU1","","",4.35855,,"",
"","100000008034444","EQU1","","",2.27485,,"",
"","100000008034621","EQU1","","",3.0946,,"",
"","100000008034720","EQU1","","",2.0312,,"",
"","100000008033625","EQU1","","",2.36435,,"",
"","100000008034447","EQU1","","",2.4972,,"",
"","100000007944249","EQU1","","",0.82595,,"",
"","100000007944260","EQU1","","",0.7951,,"",
"","100000007944280","EQU1","","",1.12335,,"",
"","100000007957524","EQU1","","",14.31805,,"",
"","100000007957442","EQU1","","",84.57645,,"",
"","100000007957481","EQU1","","",36.6204,,"",
"","100000007957485","EQU1","","",32.5026,,"",
"","100000007955279","EQU1","","",0.94325,,"",
"","100000007955187","EQU1","","",1.22445,,"",
"","100000007955223","EQU1","","",1.6394,,"",
"","100000007955070","EQU1","","",0.6612,,"",
"","100000007957991","EQU1","","",13.0128,,"",
"","100000007958060","EQU1","","",593.44165,,"",
"","100000007956469","EQU1","","",283.8313,,"",
"","100000007956385","EQU1","","",55.6955,,"",
"","100000007943680","EQU1","","",1.31,,"",
"","100000007929638","EQU1","","",4.3612,,"",
"","100000007933376","EQU1","","",0.36015,,"",
"","100000007932304","EQU1","","",0.36965,,"",
"","100000007932322","EQU1","","",0.86475,,"",
"","100000007929799","EQU1","","",4.49665,,"",
"","100000007934285","EQU1","","",392.3943,,"",
"","100000007934213","EQU1","","",482.76905,,"",
"","100000007932995","EQU1","","",0.22645,,"",
"","100000007933016","EQU1","","",0.2577,,"",
"","100000007933031","EQU1","","",0.2291,,"",
"","100000007932943","EQU1","","",0.27655,,"",
"","100000007932938","EQU1","","",0.20675,,"",
"","100000007953745","EQU1","","",57.9256,,"",
"","100000007919398","EQU1","","",120.1979,,"",
"","100000007919454","EQU1","","",41.15485,,"",
"","100000007919346","EQU1","","",43.0125,,"",
"","100000007919373","EQU1","","",39.4595,,"",
"","100000007920649","EQU1","","",9.9553,,"",
"","100000007920666","EQU1","","",12.48025,,"",
"","100000007920593","EQU1","","",30.60355,,"",
"","100000007920668","EQU1","","",30.3119,,"",
"","100000007920689","EQU1","","",22.6587,,"",
"","100000007920690","EQU1","","",542.69865,,"",
"","100000007918818","EQU1","","",16.5348,,"",
"","100000007918864","EQU1","","",80.1783,,"",
"","100000007918784","EQU1","","",11.8918,,"",
"","100000007918803","EQU1","","",13.59815,,"",
"","100000007920163","EQU1","","",31.1825,,"",
"","100000007920104","EQU1","","",20.35205,,"",
"","100000007919651","EQU1","","",13.1868,,"",
"","100000007919932","EQU1","","",4.7321,,"",
"","100000007919939","EQU1","","",6.41285,,"",
"","100000007919958","EQU1","","",6.6342,,"",
"","100000007917672","EQU1","","",10.2718,,"",
"","100000007918124","EQU1","","",7.9556,,"",
"","100000007918152","EQU1","","",7.847,,"",
"","100000007918058","EQU1","","",40.2498,,"",
"","100000007919044","EQU1","","",3.28815,,"",
"","100000007919108","EQU1","","",49.9878,,"",
"","100000307430485","EQU1","","",19.18374546,,"",
"","100000307430486","EQU1","","",22.45663182,,"",
"","100000007907524","EQU1","","",94.45375,,"",
"","100000007895163","EQU1","","",68.3925,,"",
"","100000007895167","EQU1","","",102.4696,,"",
"","100000007895172","EQU1","","",29.70825,,"",
"","100000007895173","EQU1","","",50.7155,,"",
"","100000007895180","EQU1","","",54.7968,,"",
"","100000307438613","EQU1","","",19.91745909,,"",
"","100000007896596","EQU1","","",1.8799,,"",
"","100000007896612","EQU1","","",55.1716,,"",
"","100000007896576","EQU1","","",16.84485,,"",
"","100000007904863","EQU1","","",32.39995,,"",
"","100000307438712","EQU1","","",34.1027,,"",
"","100000307438713","EQU1","","",33.40935,,"",
"","100000307438714","EQU1","","",36.74702728,,"",
"","100000007898182","EQU1","","",44.43565,,"",
"","100000007898194","EQU1","","",2.8859,,"",
"","100000307430403","EQU1","","",27.84858637,,"",
"","100000007900071","EQU1","","",104.04035,,"",
"","100000007900083","EQU1","","",251.97755,,"",
"","100000007900087","EQU1","","",104.3785,,"",
"","100000007900058","EQU1","","",207.24295,,"",
"","100000007893042","EQU1","","",1.4567,,"",
"","100000007893331","EQU1","","",0.37665,,"",
"","100000007893343","EQU1","","",0.62735,,"",
"","100000007893376","EQU1","","",0.36805,,"",
"","100000007893295","EQU1","","",1.0407,,"",
"","100000008030322","EQU1","","",43.94815,,"",
"","100000008030544","EQU1","","",78.4725,,"",
"","100000008030473","EQU1","","",45.83005,,"",
"","100000008030614","EQU1","","",22.15365,,"",
"","100000008030474","EQU1","","",18.2379,,"",
"","100000008025377","EQU1","","",17.8415,,"",
"","100000008025613","EQU1","","",16.8148,,"",
"","100000008025785","EQU1","","",17.47985,,"",
"","100000008036050","EQU1","","",58.17815,,"",
"","100000008036233","EQU1","","",38.16455,,"",
"","100000008035966","EQU1","","",106.35115,,"",
"","100000008036234","EQU1","","",30.8469,,"",
"","100000008036051","EQU1","","",85.2152,,"",
"","100000008036333","EQU1","","",23.1677,,"",
"","100000008037624","EQU1","","",139.14035,,"",
"","100000008036375","EQU1","","",162.06105,,"",
"","100000008036458","EQU1","","",138.20885,,"",
"","100000008037714","EQU1","","",425.28685,,"",
"","100000008036540","EQU1","","",138.6492,,"",
"","100000007837358","EQU1","","",11.9047,,"",
"","100000007837363","EQU1","","",19.41,,"",
"","100000008027903","EQU1","","",14.73045,,"",
"","100000008033408","EQU1","","",8.0481,,"",
"","100000008033838","EQU1","","",8.4585,,"",
"","100000008029846","EQU1","","",0.85355,,"",
"","100000008030323","EQU1","","",21.7235,,"",
"","100000008023033","EQU1","","",2.2821,,"",
"","100000008023169","EQU1","","",0.8849,,"",
"","100000008023244","EQU1","","",1.0433,,"",
"","100000008023392","EQU1","","",0.9608,,"",
"","100000008023466","EQU1","","",0.96865,,"",
"","100000008023626","EQU1","","",0.9663,,"",
"","100000008022885","EQU1","","",0.9907,,"",
"","100000008022957","EQU1","","",1.0512,,"",
"","100000008023101","EQU1","","",1.26695,,"",
"","100000008023245","EQU1","","",1.3003,,"",
"","100000008023317","EQU1","","",1.22165,,"",
"","100000008035058","EQU1","","",195.3575,,"",
"","100000008025909","EQU1","","",5.05145,,"",
"","100000007956609","EQU1","","",15.01395,,"",
"","100000007956675","EQU1","","",32.6356,,"",
"","100000007955332","EQU1","","",0.1818,,"",
"","100000007955354","EQU1","","",18.4608,,"",
"","100000007957363","EQU1","","",11.7864,,"",
"","100000007956970","EQU1","","",27.87755,,"",
"","100000007957171","EQU1","","",9.7698,,"",
"","100000008619497","EQU1","","",12.9251,,"",
"","100000007957695","EQU1","","",12.7957,,"",
"","100000007957757","EQU1","","",12.322,,"",
"","100000007957784","EQU1","","",8.8578,,"",
"","100000007957712","EQU1","","",20.3731,,"",
"","100000007943861","EQU1","","",0.4444,,"",
"","100000007931426","EQU1","","",0.4331,,"",
"","100000007932133","EQU1","","",40.8569,,"",
"","100000007932146","EQU1","","",0.5126,,"",
"","100000007932165","EQU1","","",47.07545,,"",
"","100000007932180","EQU1","","",0.5675,,"",
"","100000007932200","EQU1","","",119.49005,,"",
"","100000007932214","EQU1","","",0.57985,,"",
"","100000007931193","EQU1","","",0.11435,,"",
"","100000007931214","EQU1","","",0.1125,,"",
"","100000007933303","EQU1","","",0.2875,,"",
"","100000007933354","EQU1","","",0.52735,,"",
"","100000007933377","EQU1","","",0.64385,,"",
"","100000007933271","EQU1","","",0.64015,,"",
"","100000007933293","EQU1","","",1.4502,,"",
"","100000007931267","EQU1","","",0.33935,,"",
"","100000007931318","EQU1","","",0.4994,,"",
"","100000007931350","EQU1","","",0.47405,,"",
"","100000007931280","EQU1","","",0.4961,,"",
"","100000007931313","EQU1","","",0.8634,,"",
"","100000007932984","EQU1","","",0.32245,,"",
"","100000007932930","EQU1","","",0.2295,,"",
"","100000007953806","EQU1","","",84.27045,,"",
"","100000007953828","EQU1","","",353.2381,,"",
"","100000007953761","EQU1","","",0.22755,,"",
"","100000007953796","EQU1","","",0.3149,,"",
"","100000007953819","EQU1","","",0.76955,,"",
"","100000007953723","EQU1","","",0.28585,,"",
"","100000007920747","EQU1","","",16.93085,,"",
"","100000007918962","EQU1","","",6.1292,,"",
"","100000007918882","EQU1","","",18.76845,,"",
"","100000007918892","EQU1","","",12.92165,,"",
"","100000007918770","EQU1","","",12.4296,,"",
"","100000007918804","EQU1","","",12.55605,,"",
"","100000007918811","EQU1","","",10.4846,,"",
"","100000007919665","EQU1","","",20.9972,,"",
"","100000007917675","EQU1","","",14.07145,,"",
"","100000007917729","EQU1","","",14.4503,,"",
"","100000007918115","EQU1","","",10.68095,,"",
"","100000007918133","EQU1","","",41.66535,,"",
"","100000007919509","EQU1","","",14.26475,,"",
"","100000007919515","EQU1","","",17.2814,,"",
"","100000007919045","EQU1","","",44.7004,,"",
"","100000007919071","EQU1","","",36.5282,,"",
"","100000007919103","EQU1","","",1.74515,,"",
"","100000007919109","EQU1","","",31.99165,,"",
"","100000307430487","EQU1","","",23.40917728,,"",
"","100000307430488","EQU1","","",30.26075909,,"",
"","100000307430489","EQU1","","",36.88193182,,"",
"","100000307430496","EQU1","","",23.07614091,,"",
"","100000307430497","EQU1","","",25.44696364,,"",
"","100000007895174","EQU1","","",7.1463,,"",
"","100000007895181","EQU1","","",8.2146,,"",
"","100000007895186","EQU1","","",14.1011,,"",
"","100000007895168","EQU1","","",16.777,,"",
"","100000007910706","EQU1","","",6.8323,,"",
"","100000007910788","EQU1","","",14.78415,,"",
"","100000007910838","EQU1","","",7.9831,,"",
"","100000307438614","EQU1","","",24.70419091,,"",
"","100000307438615","EQU1","","",33.55826818,,"",
"","100000307438617","EQU1","","",42.16341364,,"",
"","100000007905587","EQU1","","",4.8411,,"",
"","100000007905375","EQU1","","",0.5401,,"",
"","100000007896580","EQU1","","",15.71345,,"",
"","100000007896584","EQU1","","",26.62385,,"",
"","100000007896588","EQU1","","",26.7742,,"",
"","100000007896567","EQU1","","",16.47705,,"",
"","100000007896579","EQU1","","",25.27755,,"",
"","100000007896583","EQU1","","",12.21265,,"",
"","100000007896587","EQU1","","",12.43855,,"",
"","100000007896591","EQU1","","",13.22305,,"",
"","100000007896569","EQU1","","",17.5221,,"",
"","100000007910197","EQU1","","",15.76825,,"",
"","100000007910020","EQU1","","",14.4053,,"",
"","100000007907118","EQU1","","",90.41825,,"",
"","100000007906853","EQU1","","",22.95145,,"",
"","100000007907025","EQU1","","",15.0681,,"",
"","100000007907096","EQU1","","",14.7333,,"",
"","100000007906827","EQU1","","",49.33695,,"",
"","100000007893321","EQU1","","",0.65535,,"",
"","100000307430431","EQU1","","",40.04703637,,"",
"","100000008026248","EQU1","","",46.27145,,"",
"","100000008025138","EQU1","","",23.21115,,"",
"","100000008026074","EQU1","","",54.1405,,"",
"","100000008026499","EQU1","","",24.80795,,"",
"","100000008037072","EQU1","","",83.38115,,"",
"","100000008037528","EQU1","","",137.49995,,"",
"","100000008036376","EQU1","","",68.65365,,"",
"","100000008036792","EQU1","","",138.769,,"",
"","100000008032418","EQU1","","",35.5529,,"",
"","100000008032500","EQU1","","",25.03225,,"",
"","100000008024644","EQU1","","",34.1018,,"",
"","100000008023040","EQU1","","",0.6571,,"",
"","100000008023258","EQU1","","",0.9539,,"",
"","100000008032649","EQU1","","",28.48165,,"",
"","100000008034598","EQU1","","",1.59475,,"",
"","100000008034693","EQU1","","",1.82655,,"",
"","100000008033436","EQU1","","",2.3604,,"",
"","100000008033524","EQU1","","",2.4095,,"",
"","100000008023467","EQU1","","",1.3452,,"",
"","100000008022958","EQU1","","",3.92405,,"",
"","100000008023318","EQU1","","",4.02435,,"",
"","100000008021533","EQU1","","",4.03435,,"",
"","100000008021696","EQU1","","",4.10325,,"",
"","100000008021987","EQU1","","",3.85535,,"",
"","100000008025275","EQU1","","",11.09445,,"",
"","100000008025507","EQU1","","",16.11335,,"",
"","100000007957437","EQU1","","",116.51355,,"",
"","100000007957465","EQU1","","",20.4195,,"",
"","100000007955000","EQU1","","",0.5476,,"",
"","100000007955014","EQU1","","",0.62315,,"",
"","100000007957247","EQU1","","",8.4166,,"",
"","100000007957127","EQU1","","",26.8744,,"",
"","100000007957219","EQU1","","",80.62035,,"",
"","100000007956907","EQU1","","",12.53945,,"",
"","100000007956923","EQU1","","",6.3082,,"",
"","100000007956827","EQU1","","",12.23025,,"",
"","100000007957688","EQU1","","",155.29345,,"",
"","100000007932141","EQU1","","",0.6635,,"",
"","100000007933242","EQU1","","",0.45075,,"",
"","100000007931118","EQU1","","",0.1569,,"",
"","100000007931136","EQU1","","",0.1984,,"",
"","100000007930748","EQU1","","",0.2388,,"",
"","100000007931855","EQU1","","",7.14705,,"",
"","100000007931872","EQU1","","",11.2416,,"",
"","100000007931758","EQU1","","",7.57915,,"",
"","100000007933347","EQU1","","",1.14525,,"",
"","100000007930941","EQU1","","",0.4256,,"",
"","100000007930960","EQU1","","",0.43725,,"",
"","100000007934103","EQU1","","",0.46895,,"",
"","100000007934015","EQU1","","",0.8232,,"",
"","100000007934055","EQU1","","",0.91925,,"",
"","100000007929798","EQU1","","",0.7724,,"",
"","100000007929820","EQU1","","",0.712,,"",
"","100000007929862","EQU1","","",0.4899,,"",
"","100000007929878","EQU1","","",0.4062,,"",
"","100000007933110","EQU1","","",0.1855,,"",
"","100000007932782","EQU1","","",0.1135,,"",
"","100000007927928","EQU1","","",60.2981,,"",
"","100000007927957","EQU1","","",81.6095,,"",
"","100000007927954","EQU1","","",29.11795,,"",
"","100000007956380","EQU1","","",6.2866,,"",
"","100000007958349","EQU1","","",2.4308,,"",
"","100000007958101","EQU1","","",2.85695,,"",
"","100000007958237","EQU1","","",2.81685,,"",
"","100000007958082","EQU1","","",3.582,,"",
"","100000007918953","EQU1","","",13.93575,,"",
"","100000007918930","EQU1","","",51.71875,,"",
"","100000007919024","EQU1","","",24.56005,,"",
"","100000007919417","EQU1","","",28.2263,,"",
"","100000007919434","EQU1","","",28.29575,,"",
"","100000007919442","EQU1","","",44.4888,,"",
"","100000007919458","EQU1","","",40.0802,,"",
"","100000007919341","EQU1","","",32.9626,,"",
"","100000007917545","EQU1","","",9.04295,,"",
"","100000007917607","EQU1","","",8.4546,,"",
"","100000007917638","EQU1","","",19.0142,,"",
"","100000007917561","EQU1","","",8.0744,,"",
"","100000007919529","EQU1","","",9.27965,,"",
"","100000007919664","EQU1","","",55.53545,,"",
"","100000007919682","EQU1","","",13.52815,,"",
"","100000007919712","EQU1","","",11.5473,,"",
"","100000007919628","EQU1","","",14.49475,,"",
"","100000007919828","EQU1","","",23.9446,,"",
"","100000007919845","EQU1","","",12.03005,,"",
"","100000007919865","EQU1","","",26.6391,,"",
"","100000007918371","EQU1","","",27.6662,,"",
"","100000307474602","EQU1","","",20.40447728,,"",
"","100000307474603","EQU1","","",39.53212273,,"",
"","100000307474604","EQU1","","",41.89863182,,"",
"","100000007918373","EQU1","","",32.37015,,"",
"","100000007918394","EQU1","","",26.5391,,"",
"","100000007918405","EQU1","","",27.56765,,"",
"","100000007893983","EQU1","","",1.5531,,"",
"","100000007893991","EQU1","","",1.792,,"",
"","100000007893974","EQU1","","",1.9385,,"",
"","100000007893978","EQU1","","",2.23835,,"",
"","100000007893981","EQU1","","",2.275,,"",
"","100000007894395","EQU1","","",2.81745,,"",
"","100000007894403","EQU1","","",2.39945,,"",
"","100000007894563","EQU1","","",2.3923,,"",
"","100000007894472","EQU1","","",2.27,,"",
"","100000007894498","EQU1","","",1.9659,,"",
"","100000307438739","EQU1","","",12.63159546,,"",
"","100000007907822","EQU1","","",44.1891,,"",
"","100000007895986","EQU1","","",2.68475,,"",
"","100000007896049","EQU1","","",1.7367,,"",
"","100000007896111","EQU1","","",3.3282,,"",
"","100000007895999","EQU1","","",1.9274,,"",
"","100000007909705","EQU1","","",156.3129,,"",
"","100000007909741","EQU1","","",127.2393,,"",
"","100000007909914","EQU1","","",193.92945,,"",
"","100000007905176","EQU1","","",2.1367,,"",
"","100000007905218","EQU1","","",2.4671,,"",
"","100000007904903","EQU1","","",2.92695,,"",
"","100000007897412","EQU1","","",12.9692,,"",
"","100000007897421","EQU1","","",10.47155,,"",
"","100000007897823","EQU1","","",15.54765,,"",
"","100000307438702","EQU1","","",20.59449091,,"",
"","100000307438704","EQU1","","",24.41476818,,"",
"","100000007910002","EQU1","","",32.99475,,"",
"","100000007897795","EQU1","","",13.08085,,"",
"","100000007906265","EQU1","","",22.54195,,"",
"","100000007906170","EQU1","","",24.24015,,"",
"","100000007906290","EQU1","","",31.0479,,"",
"","100000007906313","EQU1","","",31.81505,,"",
"","100000007908263","EQU1","","",28.66115,,"",
"","100000007892613","EQU1","","",0.99285,,"",
"","100000008026033","EQU1","","",10.2036,,"",
"","100000008026216","EQU1","","",9.8519,,"",
"","100000008026299","EQU1","","",4.51875,,"",
"","100000008026467","EQU1","","",5.1371,,"",
"","100000008025290","EQU1","","",10.59365,,"",
"","100000008038217","EQU1","","",98.57475,,"",
"","100000008038377","EQU1","","",171.6285,,"",
"","100000008038626","EQU1","","",52.92475,,"",
"","100000008038812","EQU1","","",42.9595,,"",
"","100000008037917","EQU1","","",70.7532,,"",
"","100000008038141","EQU1","","",45.80075,,"",
"","100000008038293","EQU1","","",61.44825,,"",
"","100000008035507","EQU1","","",54.3446,,"",
"","100000008035775","EQU1","","",40.6652,,"",
"","100000008034836","EQU1","","",1.843,,"",
"","100000008033634","EQU1","","",1.2159,,"",
"","100000008033994","EQU1","","",0.98335,,"",
"","100000008034282","EQU1","","",0.67965,,"",
"","100000008022778","EQU1","","",1.8321,,"",
"","100000008022937","EQU1","","",1.79185,,"",
"","100000008023148","EQU1","","",1.6758,,"",
"","100000008023298","EQU1","","",1.7072,,"",
"","100000008032351","EQU1","","",66.5189,,"",
"","100000008033840","EQU1","","",6.22205,,"",
"","100000008033579","EQU1","","",6.93355,,"",
"","100000008033755","EQU1","","",5.57055,,"",
"","100000008033929","EQU1","","",6.4233,,"",
"","100000008033497","EQU1","","",1.89665,,"",
"","100000008034021","EQU1","","",1.78545,,"",
"","100000008033665","EQU1","","",2.27395,,"",
"","100000008036069","EQU1","","",159.26,,"",
"","100000008035251","EQU1","","",467.64645,,"",
"","100000007956503","EQU1","","",101.0684,,"",
"","100000007956419","EQU1","","",42.3849,,"",
"","100000007944068","EQU1","","",25.85545,,"",
"","100000007944095","EQU1","","",2.58665,,"",
"","100000007944115","EQU1","","",85.5738,,"",
"","100000007957260","EQU1","","",66.175,,"",
"","100000007957295","EQU1","","",93.91565,,"",
"","100000007955866","EQU1","","",10.8631,,"",
"","100000007955734","EQU1","","",840.12395,,"",
"","100000007955743","EQU1","","",10.4616,,"",
"","100000007955736","EQU1","","",594.14275,,"",
"","100000007943006","EQU1","","",11.0085,,"",
"","100000007943068","EQU1","","",1.23355,,"",
"","100000007933933","EQU1","","",0.98245,,"",
"","100000007929899","EQU1","","",0.69455,,"",
"","100000007929791","EQU1","","",0.5217,,"",
"","100000007929814","EQU1","","",0.4825,,"",
"","100000007929829","EQU1","","",0.67455,,"",
"","100000007929850","EQU1","","",0.634,,"",
"","100000007934302","EQU1","","",0.79805,,"",
"","100000007927768","EQU1","","",34.20205,,"",
"","100000007927738","EQU1","","",40.67985,,"",
"","100000007932928","EQU1","","",0.10615,,"",
"","100000007932982","EQU1","","",0.32715,,"",
"","100000007919435","EQU1","","",16.1361,,"",
"","100000007919351","EQU1","","",42.61905,,"",
"","100000007919360","EQU1","","",43.93605,,"",
"","100000007919384","EQU1","","",2.8313,,"",
"","100000007920592","EQU1","","",12.3274,,"",
"","100000007917577","EQU1","","",29.283,,"",
"","100000007918570","EQU1","","",9.9879,,"",
"","100000007918794","EQU1","","",10.0694,,"",
"","100000007919590","EQU1","","",371.938,,"",
"","100000007919614","EQU1","","",25.62365,,"",
"","100000307474605","EQU1","","",25.06472273,,"",
"","100000007919995","EQU1","","",4.7641,,"",
"","100000007920054","EQU1","","",6.3382,,"",
"","100000007918523","EQU1","","",50.2064,,"",
"","100000007918434","EQU1","","",25.31165,,"",
"","100000007918489","EQU1","","",11.69115,,"",
"","100000007918469","EQU1","","",30.59965,,"",
"","100000007918480","EQU1","","",33.4052,,"",
"","100000007918496","EQU1","","",71.13655,,"",
"","100000007918325","EQU1","","",10.19305,,"",
"","100000007918348","EQU1","","",9.97275,,"",
"","100000007918406","EQU1","","",13.4015,,"",
"","100000007919043","EQU1","","",25.026,,"",
"","100000007919102","EQU1","","",10.77145,,"",
"","100000007894515","EQU1","","",1.7534,,"",
"","100000007894445","EQU1","","",2.568,,"",
"","100000007894463","EQU1","","",2.27895,,"",
"","100000007894437","EQU1","","",2.26665,,"",
"","100000007894441","EQU1","","",1.91415,,"",
"","100000007894419","EQU1","","",2.5478,,"",
"","100000007894432","EQU1","","",1.96635,,"",
"","100000007907457","EQU1","","",55.0586,,"",
"","100000007907480","EQU1","","",11.92845,,"",
"","100000007907481","EQU1","","",45.6595,,"",
"","100000007907523","EQU1","","",15.8331,,"",
"","100000007907620","EQU1","","",12.8644,,"",
"","100000307438770","EQU1","","",6.929759091,,"",
"","100000307438771","EQU1","","",10.66725909,,"",
"","100000307438772","EQU1","","",14.39879546,,"",
"","100000307438773","EQU1","","",16.49565455,,"",
"","100000307438774","EQU1","","",18.62048637,,"",
"","100000307438775","EQU1","","",20.61358182,,"",
"","100000307438777","EQU1","","",25.58889546,,"",
"","100000007895943","EQU1","","",69.2987,,"",
"","100000007909656","EQU1","","",140.08,,"",
"","100000007909687","EQU1","","",172.06755,,"",
"","100000007908736","EQU1","","",72.38905,,"",
"","100000007908806","EQU1","","",119.8471,,"",
"","100000007908847","EQU1","","",85.22075,,"",
"","100000007908543","EQU1","","",123.1105,,"",
"","100000007908544","EQU1","","",83.62285,,"",
"","100000007896294","EQU1","","",3.694,,"",
"","100000007904669","EQU1","","",0.97135,,"",
"","100000007904746","EQU1","","",1.29615,,"",
"","100000007904796","EQU1","","",1.9471,,"",
"","100000007904883","EQU1","","",20.9641,,"",
"","100000007904554","EQU1","","",408.9413,,"",
"","100000007904718","EQU1","","",15.5022,,"",
"","100000007904771","EQU1","","",44.1709,,"",
"","100000307438706","EQU1","","",25.73528182,,"",
"","100000307438708","EQU1","","",27.70626818,,"",
"","100000307438710","EQU1","","",30.36691818,,"",
"","100000007897975","EQU1","","",13.6181,,"",
"","100000007897856","EQU1","","",38.1826,,"",
"","100000007898218","EQU1","","",12.84315,,"",
"","100000007898212","EQU1","","",211.76755,,"",
"","100000007898181","EQU1","","",197.53995,,"",
"","100000007898192","EQU1","","",35.1711,,"",
"","100000007898201","EQU1","","",68.0115,,"",
"","100000007908397","EQU1","","",33.65445,,"",
"","100000007908305","EQU1","","",9.8802,,"",
"","100000007893058","EQU1","","",42.6044,,"",
"","100000007893065","EQU1","","",48.1499,,"",
"","100000007893003","EQU1","","",1.28245,,"",
"","100000007893007","EQU1","","",2.488,,"",
"","100000008025682","EQU1","","",8.6524,,"",
"","100000008025853","EQU1","","",7.79185,,"",
"","100000008026128","EQU1","","",8.16445,,"",
"","100000008026300","EQU1","","",7.766,,"",
"","100000008025212","EQU1","","",8.9287,,"",
"","100000008036139","EQU1","","",111.2802,,"",
"","100000008036331","EQU1","","",31.996,,"",
"","100000008035964","EQU1","","",23.4181,,"",
"","100000008035777","EQU1","","",75.22625,,"",
"","100000008039101","EQU1","","",478.5798,,"",
"","100000008036620","EQU1","","",59.88405,,"",
"","100000008036790","EQU1","","",53.2917,,"",
"","100000008037070","EQU1","","",76.65975,,"",
"","100000008033813","EQU1","","",2.33075,,"",
"","100000008034084","EQU1","","",3.1821,,"",
"","100000008033576","EQU1","","",9.4315,,"",
"","100000008031002","EQU1","","",10.5173,,"",
"","100000008030168","EQU1","","",10.36955,,"",
"","100000008030399","EQU1","","",11.73345,,"",
"","100000008030476","EQU1","","",40.23375,,"",
"","100000008030169","EQU1","","",0.81605,,"",
"","100000008032580","EQU1","","",43.5623,,"",
"","100000008032760","EQU1","","",32.48465,,"",
"","100000008032938","EQU1","","",23.6703,,"",
"","100000008033342","EQU1","","",70.2366,,"",
"","100000008032217","EQU1","","",44.29155,,"",
"","100000008023032","EQU1","","",2.23465,,"",
"","100000008023243","EQU1","","",2.0958,,"",
"","100000008023391","EQU1","","",2.25485,,"",
"","100000008023625","EQU1","","",2.2337,,"",
"","100000008022803","EQU1","","",2.16345,,"",
"","100000008035519","EQU1","","",135.33325,,"",
"","100000008035980","EQU1","","",150.52855,,"",
"","100000008035155","EQU1","","",255.5409,,"",
"","100000008035610","EQU1","","",245.6401,,"",
"","100000008036070","EQU1","","",186.10055,,"",
"","100000007956428","EQU1","","",43.6474,,"",
"","100000007956445","EQU1","","",83.8856,,"",
"","100000007956491","EQU1","","",273.89845,,"",
"","100000007956376","EQU1","","",88.69575,,"",
"","100000007956389","EQU1","","",245.4439,,"",
"","100000007956718","EQU1","","",9.3134,,"",
"","100000007955763","EQU1","","",8.975,,"",
"","100000007955772","EQU1","","",8.35875,,"",
"","100000007955728","EQU1","","",21.6364,,"",
"","100000007957938","EQU1","","",105.45015,,"",
"","100000007931206","EQU1","","",0.21565,,"",
"","100000007916015","NSR1","","",0.1916,,"",
"","100000007915968","NSR1","","",0.2293,,"",
"","100000007915985","NSR1","","",0.2706,,"",
"","100000007916022","NSR1","","",0.2926,,"",
"","100000007916043","NSR1","","",0.3596,,"",
"","100000007916067","NSR1","","",0.4051,,"",
"","100000007916085","NSR1","","",0.4271,,"",
"","100000007916069","NSR1","","",1.1253,,"",
"","100000007916000","NSR1","","",0.18,,"",
"","100000007916025","NSR1","","",0.2586,,"",
"","100000007916052","NSR1","","",0.344,,"",
"","100000007916308","NSR1","","",0.33,,"",
"","100000007916226","NSR1","","",0.6521,,"",
"","100000007918374","NSR1","","",0.0866,,"",
"","100000007930157","NSR1","","",0.8438,,"",
"","100000007930697","NSR1","","",2.0894,,"",
"","100000007929748","NSR1","","",0.7633,,"",
"","100000007929677","NSR1","","",0.8978,,"",
"","100000007929697","NSR1","","",0.7633,,"",
"","100000007929710","NSR1","","",0.7764,,"",
"","100000007929734","NSR1","","",0.8396,,"",
"","100000007929764","NSR1","","",1.3844,,"",
"","100000007914197","NSR1","","",0.515,,"",
"","100000007914229","NSR1","","",0.498,,"",
"","100000007928506","NSR1","","",1.1566,,"",
"","100000007908717","NSR1","","",0.3779,,"",
"","100000007908789","NSR1","","",0.07,,"",
"","100000007908554","NSR1","","",0.1664,,"",
"","100000007908673","NSR1","","",0.133,,"",
"","100000007891667","NSR1","","",0.3687,,"",
"","100000007837614","NSR1","","",0.292,,"",
"","100000007837597","NSR1","","",0.365,,"",
"","100000007929961","NSR1","","",0.61,,"",
"","100000007930005","NSR1","","",0.61,,"",
"","100000007929594","NSR1","","",46.8697,,"",
"","100000007929607","NSR1","","",0.8367,,"",
"","100000007929621","NSR1","","",0.7843,,"",
"","100000007915957","NSR1","","",0.45,,"",
"","100000007915977","NSR1","","",0.4726,,"",
"","100000007916011","NSR1","","",0.4949,,"",
"","100000007916079","NSR1","","",0.31,,"",
"","100000007915943","NSR1","","",0.3227,,"",
"","100000007915969","NSR1","","",0.3596,,"",
"","100000007916023","NSR1","","",0.4764,,"",
"","100000007916298","NSR1","","",0.771,,"",
"","100000007916276","NSR1","","",0.542,,"",
"","100000007917295","NSR1","","",1.674,,"",
"","100000007917320","NSR1","","",1.97,,"",
"","100000007915098","NSR1","","",0.3058,,"",
"","100000007929679","NSR1","","",0.61,,"",
"","100000007929687","NSR1","","",0.61,,"",
"","100000007929941","NSR1","","",0.658,,"",
"","100000007929968","NSR1","","",0.6853,,"",
"","100000007929986","NSR1","","",0.6631,,"",
"","100000007914053","NSR1","","",1.0747,,"",
"","100000007898493","NSR1","","",3.0559,,"",
"","100000008024040","NSR1","","",0.96,,"",
"","100000007891894","NSR1","","",0.0658,,"",
"","100000007891900","NSR1","","",0.062,,"",
"","100000007891904","NSR1","","",0.09,,"",
"","100000007891908","NSR1","","",0.09,,"",
"","100000007891938","NSR1","","",0.0547,,"",
"","100000007890812","NSR1","","",0.0455,,"",
"","100000007890849","NSR1","","",0.068,,"",
"","100000007893337","NSR1","","",3.9712,,"",
"","100000007893357","NSR1","","",0.29,,"",
"","100000007893375","NSR1","","",0.0624,,"",
"","100000007893316","NSR1","","",0.1275,,"",
"","100000007930025","NSR1","","",0.66,,"",
"","100000007930023","NSR1","","",1.286,,"",
"","100000007929569","NSR1","","",0.9893,,"",
"","100000007929590","NSR1","","",0.7221,,"",
"","100000007929446","NSR1","","",1.99,,"",
"","100000007929413","NSR1","","",0.857,,"",
"","100000007929319","NSR1","","",1.0469,,"",
"","100000007929332","NSR1","","",0.4434,,"",
"","100000007929353","NSR1","","",0.3482,,"",
"","100000007929388","NSR1","","",0.7227,,"",
"","100000007929407","NSR1","","",0.375,,"",
"","100000007917328","NSR1","","",2.0311,,"",
"","100000007917303","NSR1","","",0.9304,,"",
"","100000007917347","NSR1","","",1.0986,,"",
"","100000007917283","NSR1","","",0.767,,"",
"","100000007917335","NSR1","","",1.1774,,"",
"","100000007917267","NSR1","","",1.2822,,"",
"","100000007917326","NSR1","","",1.4264,,"",
"","100000007918033","NSR1","","",0.0768,,"",
"","100000007975131","NSR1","","",0.1805,,"",
"","100000007988276","NSR1","","",0.3048,,"",
"","100000007988320","NSR1","","",0.365,,"",
"","100000007988010","NSR1","","",0.3334,,"",
"","100000007930192","NSR1","","",2.66,,"",
"","100000007930262","NSR1","","",3.5055,,"",
"","100000007915543","NSR1","","",0.129,,"",
"","100000007915459","NSR1","","",0.331,,"",
"","100000007915763","NSR1","","",0.137,,"",
"","100000007913996","NSR1","","",1.9907,,"",
"","100000007898486","NSR1","","",0.4627,,"",
"","100000007898485","NSR1","","",0.1531,,"",
"","100000007898489","NSR1","","",1.2754,,"",
"","100000007898491","NSR1","","",0.255,,"",
"","100000007898498","NSR1","","",0.1767,,"",
"","100000007898499","NSR1","","",0.9657,,"",
"","100000007898505","NSR1","","",0.3551,,"",
"","100000007898490","NSR1","","",0.9476,,"",
"","100000007893274","NSR1","","",0.0926,,"",
"","100000007893137","NSR1","","",0.223,,"",
"","100000007893411","NSR1","","",0.5,,"",
"","100000007893420","NSR1","","",0.29,,"",
"","100000007893428","NSR1","","",0.9,,"",
"","100000007893433","NSR1","","",0.1275,,"",
"","100000007893410","NSR1","","",0.0926,,"",
"","100000007893414","NSR1","","",0.5784,,"",
"","100000007929924","NSR1","","",0.62,,"",
"","100000007919892","NSR1","","",0.1242,,"",
"","100000007929805","NSR1","","",1.04,,"",
"","100000007929828","NSR1","","",0.89,,"",
"","100000007929863","NSR1","","",1.0414,,"",
"","100000007929786","NSR1","","",0.8268,,"",
"","100000007929821","NSR1","","",0.91,,"",
"","100000007929822","NSR1","","",1.0522,,"",
"","100000007929853","NSR1","","",0.8388,,"",
"","100000007917384","NSR1","","",1.1462,,"",
"","100000007917353","NSR1","","",1.32,,"",
"","100000007917908","NSR1","","",0.1228,,"",
"","100000007917952","NSR1","","",0.1093,,"",
"","100000007917980","NSR1","","",0.2098,,"",
"","100000007975117","NSR1","","",0.2062,,"",
"","100000007975133","NSR1","","",0.0845,,"",
"","100000007975171","NSR1","","",0.0767,,"",
"","100000007975212","NSR1","","",0.144,,"",
"","100000007975097","NSR1","","",0.18,,"",
"","100000007975118","NSR1","","",0.1747,,"",
"","100000007975172","NSR1","","",0.2185,,"",
"","100000007975187","NSR1","","",0.242,,"",
"","100000007975084","NSR1","","",0.4008,,"",
"","100000007975086","NSR1","","",0.1165,,"",
"","100000007988166","NSR1","","",0.2028,,"",
"","100000007969980","NSR1","","",0.0287,,"",
"","100000007970014","NSR1","","",0.0357,,"",
"","100000007915732","NSR1","","",0.151,,"",
"","100000007915785","NSR1","","",0.4133,,"",
"","100000007898797","NSR1","","",0.0448,,"",
"","100000007898727","NSR1","","",0.1826,,"",
"","100000007898730","NSR1","","",0.053,,"",
"","100000007898739","NSR1","","",0.5332,,"",
"","100000007898725","NSR1","","",0.0844,,"",
"","100000007898732","NSR1","","",0.0646,,"",
"","100000007898738","NSR1","","",0.4066,,"",
"","100000007898718","NSR1","","",0.1266,,"",
"","100000007898724","NSR1","","",1.9125,,"",
"","100000008036327","NSR1","","",0.7323,,"",
"","100000008036137","NSR1","","",2.2243,,"",
"","100000008036328","NSR1","","",1.3723,,"",
"","100000007893431","NSR1","","",2.818,,"",
"","100000007893429","NSR1","","",0.9731,,"",
"","100000007893422","NSR1","","",0.6164,,"",
"","100000007919746","NSR1","","",0.1286,,"",
"","100000007919836","NSR1","","",0.0784,,"",
"","100000007919870","NSR1","","",0.0942,,"",
"","100000007920762","NSR1","","",0.1098,,"",
"","100000007920815","NSR1","","",0.0814,,"",
"","100000007920834","NSR1","","",0.0664,,"",
"","100000007920728","NSR1","","",0.2863,,"",
"","100000007920748","NSR1","","",0.119,,"",
"","100000007929885","NSR1","","",0.93,,"",
"","100000007928940","NSR1","","",2.7316,,"",
"","100000007929039","NSR1","","",1.8742,,"",
"","100000007928972","NSR1","","",1.1346,,"",
"","100000007928988","NSR1","","",1.1434,,"",
"","100000007975100","NSR1","","",0.2095,,"",
"","100000007975123","NSR1","","",0.2672,,"",
"","100000007975159","NSR1","","",0.2332,,"",
"","100000007975208","NSR1","","",0.3056,,"",
"","100000007977121","NSR1","","",0.326,,"",
"","100000007977184","NSR1","","",0.3462,,"",
"","100000007977282","NSR1","","",0.411,,"",
"","100000007977374","NSR1","","",0.176,,"",
"","100000007977438","NSR1","","",0.5697,,"",
"","100000007970051","NSR1","","",0.03,,"",
"","100000007970106","NSR1","","",0.065,,"",
"","100000007970127","NSR1","","",0.0625,,"",
"","100000007970094","NSR1","","",0.0278,,"",
"","100000007926202","NSR1","","",0.2654,,"",
"","100000007927069","NSR1","","",0.63,,"",
"","100000007927082","NSR1","","",0.41,,"",
"","100000007927101","NSR1","","",0.64,,"",
"","100000007898726","NSR1","","",0.0424,,"",
"","100000007904514","NSR1","","",0.2006,,"",
"","100000007904417","NSR1","","",0.0137,,"",
"","100000007904309","NSR1","","",0.015,,"",
"","100000007904347","NSR1","","",0.0175,,"",
"","100000008035421","NSR1","","",0.1761,,"",
"","100000008035962","NSR1","","",0.0503,,"",
"","100000008035868","NSR1","","",0.4113,,"",
"","100000008036048","NSR1","","",0.0817,,"",
"","100000008035597","NSR1","","",0.0824,,"",
"","100000008035774","NSR1","","",0.324,,"",
"","100000008036049","NSR1","","",0.1111,,"",
"","100000007920764","NSR1","","",0.0764,,"",
"","100000007928948","NSR1","","",1.1616,,"",
"","100000007928993","NSR1","","",1.166,,"",
"","100000007982884","NSR1","","",0.0876,,"",
"","100000007982820","NSR1","","",0.1256,,"",
"","100000007982848","NSR1","","",0.1698,,"",
"","100000007969546","NSR1","","",0.0335,,"",
"","100000007969621","NSR1","","",0.0385,,"",
"","100000007969707","NSR1","","",0.0422,,"",
"","100000007969763","NSR1","","",0.0617,,"",
"","100000007969857","NSR1","","",0.0555,,"",
"","100000007969526","NSR1","","",0.058,,"",
"","100000007969593","NSR1","","",0.0767,,"",
"","100000007969736","NSR1","","",0.1012,,"",
"","100000007913354","NSR1","","",0.0256,,"",
"","100000007913372","NSR1","","",0.0284,,"",
"","100000007913394","NSR1","","",0.046,,"",
"","100000007913364","NSR1","","",0.0866,,"",
"","100000007913291","NSR1","","",0.394,,"",
"","100000007913308","NSR1","","",0.0667,,"",
"","100000007927024","NSR1","","",0.679,,"",
"","100000007927042","NSR1","","",0.5,,"",
"","100000007927055","NSR1","","",0.28,,"",
"","100000007927075","NSR1","","",0.58,,"",
"","100000007927088","NSR1","","",0.61,,"",
"","100000007927025","NSR1","","",0.58,,"",
"","100000007927039","NSR1","","",0.7041,,"",
"","100000007927056","NSR1","","",0.7,,"",
"","100000007928601","NSR1","","",7.2846,,"",
"","100000007904391","NSR1","","",0.042,,"",
"","100000007904433","NSR1","","",0.068,,"",
"","100000007905197","NSR1","","",0.0861,,"",
"","100000007905261","NSR1","","",0.21,,"",
"","100000007904928","NSR1","","",0.2014,,"",
"","100000007904998","NSR1","","",0.215,,"",
"","100000007905132","NSR1","","",0.025,,"",
"","100000008036330","NSR1","","",0.5743,,"",
"","100000008035422","NSR1","","",0.2453,,"",
"","100000008034882","NSR1","","",1.1936,,"",
"","100000008034883","NSR1","","",2.6826,,"",
"","100000008035455","NSR1","","",1.8456,,"",
"","100000008035093","NSR1","","",1.6986,,"",
"","100000007906444","NSR1","","",0.3856,,"",
"","100000008032758","NSR1","","",0.9018,,"",
"","100000008033023","NSR1","","",2.5278,,"",
"","100000008033186","NSR1","","",1.4876,,"",
"","100000008033340","NSR1","","",0.791,,"",
"","100000007915090","NSR1","","",0.0634,,"",
"","100000007915106","NSR1","","",0.0634,,"",
"","100000007918401","NSR1","","",0.131,,"",
"","100000007918279","NSR1","","",1.9292,,"",
"","100000007921059","NSR1","","",20.4056,,"",
"","100000007929023","NSR1","","",1.2396,,"",
"","100000007914404","NSR1","","",0.1869,,"",
"","100000007914461","NSR1","","",0.29,,"",
"","100000007982986","NSR1","","",0.1618,,"",
"","100000007982247","NSR1","","",0.1176,,"",
"","100000007913350","NSR1","","",0.1615,,"",
"","100000007913365","NSR1","","",0.104,,"",
"","100000007927194","NSR1","","",0.5622,,"",
"","100000007927175","NSR1","","",0.4631,,"",
"","100000007927293","NSR1","","",0.1636,,"",
"","100000007928008","NSR1","","",0.28,,"",
"","100000007928564","NSR1","","",2.3764,,"",
"","100000007928153","NSR1","","",0.52,,"",
"","100000007916508","NSR1","","",0.1809,,"",
"","100000007916521","NSR1","","",0.2499,,"",
"","100000007916467","NSR1","","",0.3879,,"",
"","100000007916490","NSR1","","",0.7084,,"",
"","100000007905025","NSR1","","",0.0159,,"",
"","100000007905079","NSR1","","",0.0193,,"",
"","100000007905158","NSR1","","",0.0251,,"",
"","100000007906261","NSR1","","",0.0334,,"",
"","100000007906334","NSR1","","",0.1516,,"",
"","100000007905994","NSR1","","",0.0132,,"",
"","100000007906062","NSR1","","",0.062,,"",
"","100000007906145","NSR1","","",0.0188,,"",
"","100000007906105","NSR1","","",0.135,,"",
"","100000007908294","NSR1","","",0.9052,,"",
"","100000007908337","NSR1","","",0.5822,,"",
"","100000007908407","NSR1","","",0.7954,,"",
"","100000008032416","NSR1","","",2.2194,,"",
"","100000008032579","NSR1","","",0.3574,,"",
"","100000008033024","NSR1","","",1.2498,,"",
"","100000008033263","NSR1","","",0.237,,"",
"","100000008032349","NSR1","","",0.3336,,"",
"","100000008033269","NSR1","","",0.5734,,"",
"","100000008032356","NSR1","","",0.5477,,"",
"","100000008032766","NSR1","","",1.174,,"",
"","100000008033190","NSR1","","",1.7576,,"",
"","100000007915141","NSR1","","",0.0701,,"",
"","100000007915161","NSR1","","",0.1274,,"",
"","100000007915175","NSR1","","",0.128,,"",
"","100000007915084","NSR1","","",0.1027,,"",
"","100000007915101","NSR1","","",0.0907,,"",
"","100000007915120","NSR1","","",0.1727,,"",
"","100000007915133","NSR1","","",0.1746,,"",
"","100000007915155","NSR1","","",0.1839,,"",
"","100000007918255","NSR1","","",0.4348,,"",
"","100000007918280","NSR1","","",0.6096,,"",
"","100000007918211","NSR1","","",9.761,,"",
"","100000007913784","NSR1","","",0.0636,,"",
"","100000007913810","NSR1","","",0.041,,"",
"","100000007913827","NSR1","","",0.3064,,"",
"","100000007913863","NSR1","","",0.0853,,"",
"","100000007913719","NSR1","","",0.7099,,"",
"","100000007913326","NSR1","","",0.226,,"",
"","100000007914415","NSR1","","",0.2066,,"",
"","100000007914431","NSR1","","",0.3717,,"",
"","100000007985395","NSR1","","",0.0367,,"",
"","100000007985277","NSR1","","",0.0477,,"",
"","100000007984939","NSR1","","",0.0405,,"",
"","100000007984991","NSR1","","",0.0343,,"",
"","100000007985131","NSR1","","",0.0797,,"",
"","100000007929746","NSR1","","",0.8466,,"",
"","100000007929760","NSR1","","",0.9638,,"",
"","100000007929781","NSR1","","",0.8762,,"",
"","100000007928173","NSR1","","",0.8854,,"",
"","100000007928197","NSR1","","",1.0686,,"",
"","100000007928217","NSR1","","",1.6506,,"",
"","100000007928116","NSR1","","",1.7522,,"",
"","100000007928133","NSR1","","",2.537,,"",
"","100000007928154","NSR1","","",3.2942,,"",
"","100000007916433","NSR1","","",0.124,,"",
"","100000007916453","NSR1","","",0.171,,"",
"","100000007916756","NSR1","","",0.2183,,"",
"","100000007908152","NSR1","","",0.6884,,"",
"","100000007908231","NSR1","","",0.9672,,"",
"","100000007908317","NSR1","","",0.6918,,"",
"","100000007908359","NSR1","","",0.9114,,"",
"","100000007908181","NSR1","","",0.3204,,"",
"","100000007908232","NSR1","","",0.116,,"",
"","100000007908295","NSR1","","",0.2118,,"",
"","100000007908360","NSR1","","",0.1414,,"",
"","100000008032505","NSR1","","",0.0744,,"",
"","100000007909625","NSR1","","",1.2716,,"",
"","100000007909323","NSR1","","",0.2036,,"",
"","100000007909427","NSR1","","",0.3195,,"",
"","100000007909499","NSR1","","",0.2541,,"",
"","100000007909605","NSR1","","",0.1149,,"",
"","100000007909521","NSR1","","",0.472,,"",
"","100000007915079","NSR1","","",0.1926,,"",
"","100000007928967","NSR1","","",1.1764,,"",
"","100000007929000","NSR1","","",1.221,,"",
"","100000007929024","NSR1","","",0.7424,,"",
"","100000007922043","FHS1","","",1.0357,,"",
"","100000007922105","FHS1","","",0.933,,"",
"","100000007922151","FHS1","","",0.4479,,"",
"","100000007922125","FHS1","","",0.6132,,"",
"","100000007920815","FHS1","","",0.083,,"",
"","100000007920834","FHS1","","",0.0677,,"",
"","100000007920728","FHS1","","",0.2332,,"",
"","100000007920748","FHS1","","",0.1213,,"",
"","100000007920764","FHS1","","",0.0779,,"",
"","100000007920797","FHS1","","",2.4077,,"",
"","100000007920831","FHS1","","",2.4077,,"",
"","100000307430485","FHS1","","",15.265,,"",
"","100000307430485","FHS1","","",13.7377,,"",
"","100000307430486","FHS1","","",18.08,,"",
"","100000307430486","FHS1","","",16.2722,,"",
"","100000307430487","FHS1","","",20.6875,,"",
"","100000307430487","FHS1","","",18.6198,,"",
"","100000307430488","FHS1","","",25.18,,"",
"","100000307430488","FHS1","","",22.6613,,"",
"","100000307430489","FHS1","","",27.105,,"",
"","100000307430489","FHS1","","",24.3934,,"",
"","100000007921530","FHS1","","",0.2028,,"",
"","100000007921523","FHS1","","",0.2183,,"",
"","100000007923794","FHS1","","",1.2751,,"",
"","100000007923821","FHS1","","",1.5323,,"",
"","100000007923851","FHS1","","",0.7415,,"",
"","100000008023426","FHS1","","",0.5315,,"",
"","100000008022441","FHS1","","",0.5315,,"",
"","100000008022601","FHS1","","",0.5315,,"",
"","100000008022839","FHS1","","",0.5315,,"",
"","100000008022992","FHS1","","",0.5315,,"",
"","100000008022778","FHS1","","",1.2734,,"",
"","100000008022937","FHS1","","",1.2734,,"",
"","100000008023148","FHS1","","",1.2734,,"",
"","100000008023298","FHS1","","",1.2734,,"",
"","100000007891471","FHS1","","",125.4717,,"",
"","100000008032351","FHS1","","",54.3581,,"",
"","100000008032580","FHS1","","",36.3338,,"",
"","100000008032760","FHS1","","",25.8236,,"",
"","100000008032938","FHS1","","",21.5751,,"",
"","100000007922115","FHS1","","",0.5089,,"",
"","100000007922134","FHS1","","",0.5851,,"",
"","100000007922161","FHS1","","",0.3472,,"",
"","100000007922081","FHS1","","",0.7121,,"",
"","100000007922126","FHS1","","",0.3604,,"",
"","100000007921223","FHS1","","",6.6726,,"",
"","100000007920730","FHS1","","",2.1974,,"",
"","100000007920743","FHS1","","",2.4077,,"",
"","100000007920783","FHS1","","",2.4545,,"",
"","100000007904175","FHS1","","",122.2642,,"",
"","100000007922584","FHS1","","",1.3619,,"",
"","100000007922605","FHS1","","",0.9145,,"",
"","100000007922638","FHS1","","",1.1334,,"",
"","100000008023204","FHS1","","",0.5315,,"",
"","100000008024035","FHS1","","",45.0943,,"",
"","100000008022779","FHS1","","",0.6313,,"",
"","100000008023030","FHS1","","",0.6313,,"",
"","100000008023167","FHS1","","",0.6313,,"",
"","100000008023169","FHS1","","",0.5558,,"",
"","100000008023244","FHS1","","",0.5558,,"",
"","100000008023392","FHS1","","",0.5558,,"",
"","100000008023466","FHS1","","",0.5558,,"",
"","100000008023626","FHS1","","",0.5558,,"",
"","100000008022885","FHS1","","",0.5558,,"",
"","100000008022957","FHS1","","",0.5558,,"",
"","100000008032649","FHS1","","",24.7942,,"",
"","100000008026518","FHS1","","",5.9451,,"",
"","100000008026751","FHS1","","",5.9451,,"",
"","100000008033342","FHS1","","",54.7853,,"",
"","100000008032217","FHS1","","",36.5772,,"",
"","100000008032418","FHS1","","",26.0038,,"",
"","100000008032500","FHS1","","",21.5751,,"",
"","100000007922150","FHS1","","",0.927,,"",
"","100000007922167","FHS1","","",1.4411,,"",
"","100000007923575","FHS1","","",1.0487,,"",
"","100000007922397","FHS1","","",1.3717,,"",
"","100000007923163","FHS1","","",0.1811,,"",
"","100000007923187","FHS1","","",0.8053,,"",
"","100000007923196","FHS1","","",0.9245,,"",
"","100000007923212","FHS1","","",0.8679,,"",
"","100000007923230","FHS1","","",0.2,,"",
"","100000007923240","FHS1","","",0.7487,,"",
"","100000007923125","FHS1","","",0.4513,,"",
"","100000007920822","FHS1","","",2.7121,,"",
"","100000007922578","FHS1","","",0.3836,,"",
"","100000007922614","FHS1","","",1.5987,,"",
"","100000007922628","FHS1","","",1.294,,"",
"","100000007922647","FHS1","","",1.2192,,"",
"","100000007922554","FHS1","","",1.34,,"",
"","100000007922572","FHS1","","",1.8489,,"",
"","100000007922589","FHS1","","",1.2717,,"",
"","100000007922607","FHS1","","",1.7421,,"",
"","100000007921763","FHS1","","",0.4515,,"",
"","100000007922550","FHS1","","",2.0387,,"",
"","100000007922556","FHS1","","",1.3475,,"",
"","100000008024709","FHS1","","",2.8025,,"",
"","100000008023950","FHS1","","",7.9811,,"",
"","100000008025042","FHS1","","",1.2732,,"",
"","100000008024944","FHS1","","",1.3349,,"",
"","100000008023389","FHS1","","",0.6313,,"",
"","100000008023101","FHS1","","",0.7289,,"",
"","100000008023245","FHS1","","",0.7289,,"",
"","100000008023317","FHS1","","",0.7289,,"",
"","100000008023467","FHS1","","",0.7289,,"",
"","100000008022958","FHS1","","",2.3485,,"",
"","100000008023318","FHS1","","",2.3485,,"",
"","100000008026930","FHS1","","",3.577,,"",
"","100000008027442","FHS1","","",5.9451,,"",
"","100000008027735","FHS1","","",7.5445,,"",
"","100000008032440","FHS1","","",37.2964,,"",
"","100000007923012","FHS1","","",1.1747,,"",
"","100000007923628","FHS1","","",1.3306,,"",
"","100000007923569","FHS1","","",1.2547,,"",
"","100000007923588","FHS1","","",2.8194,,"",
"","100000007923602","FHS1","","",2.2034,,"",
"","100000007923213","FHS1","","",0.8125,,"",
"","100000007923241","FHS1","","",1.0602,,"",
"","100000007923149","FHS1","","",0.93,,"",
"","100000007923188","FHS1","","",0.5717,,"",
"","100000007922226","FHS1","","",0.3851,,"",
"","100000007922238","FHS1","","",1.3768,,"",
"","100000007922261","FHS1","","",0.8926,,"",
"","100000007922182","FHS1","","",0.2345,,"",
"","100000007922858","FHS1","","",0.6281,,"",
"","100000007921739","FHS1","","",1.2736,,"",
"","100000008034356","FHS1","","",2.0377,,"",
"","100000008034535","FHS1","","",2.1132,,"",
"","100000008034626","FHS1","","",2.151,,"",
"","100000008034817","FHS1","","",3.3774,,"",
"","100000008033468","FHS1","","",4.8679,,"",
"","100000008033897","FHS1","","",0.7798,,"",
"","100000008038120","FHS1","","",5.6858,,"",
"","100000008037916","FHS1","","",6.0292,,"",
"","100000008038063","FHS1","","",6.6779,,"",
"","100000008038462","FHS1","","",6.2198,,"",
"","100000008038716","FHS1","","",6.7543,,"",
"","100000008038905","FHS1","","",7.2123,,"",
"","100000008021533","FHS1","","",2.3485,,"",
"","100000008021696","FHS1","","",2.3485,,"",
"","100000008021987","FHS1","","",2.3485,,"",
"","100000008022198","FHS1","","",2.3485,,"",
"","100000008021009","FHS1","","",2.3485,,"",
"","100000008027941","FHS1","","",7.4813,,"",
"","100000008027664","FHS1","","",8.3728,,"",
"","100000007923205","FHS1","","",0.8475,,"",
"","100000007923147","FHS1","","",0.5275,,"",
"","100000007923247","FHS1","","",1.5151,,"",
"","100000007924720","FHS1","","",1.2226,,"",
"","100000007922245","FHS1","","",0.4319,,"",
"","100000007922228","FHS1","","",1.2257,,"",
"","100000007893390","FHS1","","",0.9934,,"",
"","100000007924123","FHS1","","",1.5185,,"",
"","100000007924169","FHS1","","",1.6417,,"",
"","100000007923739","FHS1","","",0.93,,"",
"","100000007923769","FHS1","","",1.3487,,"",
"","100000007923668","FHS1","","",0.9543,,"",
"","100000007923684","FHS1","","",1.0292,,"",
"","100000008034552","FHS1","","",6.1609,,"",
"","100000008037842","FHS1","","",9.8453,,"",
"","100000008037988","FHS1","","",10.3087,,"",
"","100000008037989","FHS1","","",47.6664,,"",
"","100000008038217","FHS1","","",95.3328,,"",
"","100000008035980","FHS1","","",126.7892,,"",
"","100000008035155","FHS1","","",228.3742,,"",
"","100000008035610","FHS1","","",228.3742,,"",
"","100000008038838","FHS1","","",83.0189,,"",
"","100000008038404","FHS1","","",101.8868,,"",
"","100000008038747","FHS1","","",150.9434,,"",
"","100000008039101","FHS1","","",196.2264,,"",
"","100000008036376","FHS1","","",51.4238,,"",
"","100000008036792","FHS1","","",109.5042,,"",
"","100000007922969","FHS1","","",1.1943,,"",
"","100000007923055","FHS1","","",1.1526,,"",
"","100000007924133","FHS1","","",1.7211,,"",
"","100000007923891","FHS1","","",1.0494,,"",
"","100000007923805","FHS1","","",1.1438,,"",
"","100000007924743","FHS1","","",1.3011,,"",
"","100000007924757","FHS1","","",0.7509,,"",
"","100000007922202","FHS1","","",0.8058,,"",
"","100000007922223","FHS1","","",0.3428,,"",
"","100000007923401","FHS1","","",2.5343,,"",
"","100000007923500","FHS1","","",2.2708,,"",
"","100000007923517","FHS1","","",1.9392,,"",
"","100000007923394","FHS1","","",2.8647,,"",
"","100000007923731","FHS1","","",1.6519,,"",
"","100000007923760","FHS1","","",1.4545,,"",
"","100000007923674","FHS1","","",0.6123,,"",
"","100000007922769","FHS1","","",1.06,,"",
"","100000007922791","FHS1","","",1.4692,,"",
"","100000007922686","FHS1","","",1.1964,,"",
"","100000007922470","FHS1","","",0.8089,,"",
"","100000008034642","FHS1","","",4.6333,,"",
"","100000008034832","FHS1","","",3.8868,,"",
"","100000008034743","FHS1","","",4.525,,"",
"","100000008034833","FHS1","","",3.2333,,"",
"","100000008036070","FHS1","","",165.8692,,"",
"","100000008035058","FHS1","","",165.8692,,"",
"","100000008035343","FHS1","","",187.6826,,"",
"","100000008035981","FHS1","","",187.6826,,"",
"","100000008034951","FHS1","","",229.4268,,"",
"","100000008036620","FHS1","","",44.0566,,"",
"","100000008037255","FHS1","","",41.4898,,"",
"","100000007924057","FHS1","","",1.477,,"",
"","100000007924097","FHS1","","",0.8019,,"",
"","100000007924122","FHS1","","",0.8113,,"",
"","100000007923455","FHS1","","",1.1294,,"",
"","100000007923376","FHS1","","",2.1311,,"",
"","100000007923286","FHS1","","",1.7104,,"",
"","100000007923095","FHS1","","",0.456,,"",
"","100000007923294","FHS1","","",1.71,,"",
"","100000007923310","FHS1","","",1.9328,,"",
"","100000007897402","FHS1","","",12.6266,,"",
"","100000007897409","FHS1","","",4.386,,"",
"","100000007897412","FHS1","","",9.9057,,"",
"","100000007897421","FHS1","","",8.6992,,"",
"","100000007897823","FHS1","","",12.0817,,"",
"","100000007897830","FHS1","","",221.5179,,"",
"","100000007923766","FHS1","","",1.7674,,"",
"","100000007922780","FHS1","","",1.8679,,"",
"","100000007924758","FHS1","","",1.0698,,"",
"","100000007923555","FHS1","","",1.2089,,"",
"","100000007923578","FHS1","","",1.1321,,"",
"","100000007923611","FHS1","","",1.0542,,"",
"","100000007892252","FHS1","","",2.5342,,"",
"","100000007892234","FHS1","","",2.8611,,"",
"","100000007892238","FHS1","","",2.5345,,"",
"","100000007892248","FHS1","","",1.1758,,"",
"","100000008035434","FHS1","","",229.4268,,"",
"","100000008035015","FHS1","","",16.8623,,"",
"","100000008035484","FHS1","","",131.5683,,"",
"","100000008035845","FHS1","","",69.9313,,"",
"","100000008034914","FHS1","","",48.9964,,"",
"","100000008035573","FHS1","","",31.8949,,"",
"","100000008036207","FHS1","","",24.83,,"",
"","100000008036732","FHS1","","",159.4042,,"",
"","100000008037000","FHS1","","",125.9134,,"",
"","100000008037569","FHS1","","",1.994,,"",
"","100000008036836","FHS1","","",2.0364,,"",
"","100000008037199","FHS1","","",1.5142,,"",
"","100000008037473","FHS1","","",1.3351,,"",
"","100000008037661","FHS1","","",1.933,,"",
"","100000008037201","FHS1","","",1.5215,,"",
"","100000008037384","FHS1","","",1.0089,,"",
"","100000008028469","FHS1","","",12.9187,,"",
"","100000008028997","FHS1","","",13.5558,,"",
"","100000007924065","FHS1","","",0.8126,,"",
"","100000007920725","FHS1","","",1.9404,,"",
"","100000007920759","FHS1","","",2.104,,"",
"","100000007920804","FHS1","","",2.1275,,"",
"","100000007923261","FHS1","","",0.8177,,"",
"","100000007924101","FHS1","","",1.0292,,"",
"","100000007924144","FHS1","","",1.2453,,"",
"","100000007897805","FHS1","","",123.957,,"",
"","100000007897812","FHS1","","",135.4283,,"",
"","100000007897821","FHS1","","",12.2279,,"",
"","100000007897831","FHS1","","",19.4204,,"",
"","100000007924723","FHS1","","",0.9604,,"",
"","100000007892206","FHS1","","",2.5062,,"",
"","100000008023351","FHS1","","",0.5315,,"",
"","100000008023599","FHS1","","",0.5315,,"",
"","100000008035306","FHS1","","",19.15,,"",
"","100000008035777","FHS1","","",69.9313,,"",
"","100000008036050","FHS1","","",48.9964,,"",
"","100000008036233","FHS1","","",31.8949,,"",
"","100000008036234","FHS1","","",24.8345,,"",
"","100000008036333","FHS1","","",19.15,,"",
"","100000008037115","FHS1","","",72.4398,,"",
"","100000008037572","FHS1","","",45.2828,,"",
"","100000008036432","FHS1","","",32.9906,,"",
"","100000008036584","FHS1","","",20.3804,,"",
"","100000008036839","FHS1","","",18.4091,,"",
"","100000007927536","AMP1","","",50.8723449,,"",
"","100000007927554","AMP1","","",50.60156896,,"",
"","100000007928459","AMP1","","",69.13929394,,"",
"","100000007928537","AMP1","","",47.01174473,,"",
"","100000007957295","AMP1","","",46.79685335,,"",
"","100000007957217","AMP1","","",148.2834855,,"",
"","100000007957117","AMP1","","",5.618853239,,"",
"","100000007957171","AMP1","","",6.106203665,,"",
"","100000007957976","AMP1","","",18.58372602,,"",
"","100000007957998","AMP1","","",31.80849462,,"",
"","100000007958014","AMP1","","",109.0669349,,"",
"","100000007958031","AMP1","","",16.19474137,,"",
"","100000007958053","AMP1","","",121.4377261,,"",
"","100000007958002","AMP1","","",23.33585145,,"",
"","100000007932727","B4U1","","",0.121428571,,"",
"","100000007927136","AMP1","","",5.531977658,,"",
"","100000007927161","AMP1","","",2.162893999,,"",
"","100000007927179","AMP1","","",3.188323626,,"",
"","100000008017285","B4U1","","",8.733571429,,"",
"","100000007928004","AMP1","","",30.02428711,,"",
"","100000007930265","AMP1","","",2.431162825,,"",
"","100000007930281","AMP1","","",48.62498604,,"",
"","100000007930267","AMP1","","",56.9853935,,"",
"","100000007930288","AMP1","","",3.100906969,,"",
"","100000007926706","AMP1","","",101.5349095,,"",
"","100000007956970","AMP1","","",17.8372222,,"",
"","100000007957363","AMP1","","",12.79246128,,"",
"","100000007956867","AMP1","","",185.0103834,,"",
"","100000007956907","AMP1","","",5.998441494,,"",
"","100000007957247","AMP1","","",5.568285968,,"",
"","100000007957127","AMP1","","",16.18566253,,"",
"","100000007956469","AMP1","","",205.7740209,,"",
"","100000007956419","AMP1","","",35.71681583,,"",
"","100000007957643","AMP1","","",9.948509489,,"",
"","100000007932763","B4U1","","",0.091857143,,"",
"","100000007929538","AMP1","","",1.950186027,,"",
"","100000007929588","AMP1","","",1.635720766,,"",
"","100000007927441","AMP1","","",24.97967634,,"",
"","100000008011647","B4U1","","",2.360571429,,"",
"","100000008011936","B4U1","","",2.314285714,,"",
"","100000008012145","B4U1","","",2.314285714,,"",
"","100000008011009","B4U1","","",10.95428571,,"",
"","100000007930191","AMP1","","",6.74842096,,"",
"","100000007956923","AMP1","","",5.083767939,,"",
"","100000007956827","AMP1","","",8.061261621,,"",
"","100000007956385","AMP1","","",27.29829253,,"",
"","100000007956428","AMP1","","",36.65522027,,"",
"","100000007956445","AMP1","","",71.70125623,,"",
"","100000007956491","AMP1","","",385.5460845,,"",
"","100000007956376","AMP1","","",97.24997209,,"",
"","100000007956389","AMP1","","",197.3808581,,"",
"","100000007955964","AMP1","","",25.66493953,,"",
"","100000007930022","AMP1","","",0.28881936,,"",
"","100000007929666","AMP1","","",5.274233205,,"",
"","100000007929578","AMP1","","",4.86566999,,"",
"","100000008025510","B4U1","","",1.326857143,,"",
"","100000007928424","AMP1","","",33.36766102,,"",
"","100000007928481","AMP1","","",40.72872188,,"",
"","100000007927499","AMP1","","",10.63992137,,"",
"","100000007927529","AMP1","","",17.41416451,,"",
"","100000007927200","AMP1","","",20.36873209,,"",
"","100000007927223","AMP1","","",7.931840512,,"",
"","100000007927111","AMP1","","",9.319169114,,"",
"","100000007927133","AMP1","","",9.910075967,,"",
"","100000007927134","AMP1","","",5.667732183,,"",
"","100000007929763","AMP1","","",0.411217693,,"",
"","100000007956718","AMP1","","",10.6111535,,"",
"","100000007956611","AMP1","","",31.91040721,,"",
"","100000007929868","AMP1","","",0.215993485,,"",
"","100000007929798","AMP1","","",0.387398375,,"",
"","100000007929820","AMP1","","",0.288335145,,"",
"","100000007929862","AMP1","","",0.217838471,,"",
"","100000007929584","AMP1","","",3.1491348,,"",
"","100000007929631","AMP1","","",2.100712545,,"",
"","100000007929650","AMP1","","",3.069278272,,"",
"","100000008017286","B4U1","","",1.544428571,,"",
"","100000008017010","B4U1","","",2.255714286,,"",
"","100000008017500","B4U1","","",5.648142857,,"",
"","100000008017806","B4U1","","",5.817571429,,"",
"","100000007930357","AMP1","","",0.21816662,,"",
"","100000007930365","AMP1","","",0.400559373,,"",
"","100000007929909","AMP1","","",0.407109111,,"",
"","100000007957515","AMP1","","",399.5992655,,"",
"","100000007957531","AMP1","","",48.2138293,,"",
"","100000007957411","AMP1","","",5.221578854,,"",
"","100000007929878","AMP1","","",0.164774608,,"",
"","100000007927804","AMP1","","",33.25809199,,"",
"","100000007927798","AMP1","","",40.44518684,,"",
"","100000008016707","B4U1","","",22.50842857,,"",
"","100000008011387","B4U1","","",2.314285714,,"",
"","100000008011552","B4U1","","",2.314285714,,"",
"","100000008012350","B4U1","","",0.529142857,,"",
"","100000007927409","AMP1","","",10.77931145,,"",
"","100000007929638","AMP1","","",2.032330578,,"",
"","100000007931959","B4U1","","",0.041428571,,"",
"","100000007931983","B4U1","","",0.024571429,,"",
"","100000007932334","B4U1","","",0.157285714,,"",
"","100000007932465","B4U1","","",0.031428571,,"",
"","100000007927994","AMP1","","",13.62893276,,"",
"","100000007927986","AMP1","","",14.51329537,,"",
"","100000007927988","AMP1","","",16.48727847,,"",
"","100000007926662","AMP1","","",22.54059664,,"",
"","100000008011672","B4U1","","",2.613714286,,"",
"","100000008011960","B4U1","","",3.487428571,,"",
"","100000007927085","AMP1","","",380.3239637,,"",
"","100000007927366","AMP1","","",12.37347326,,"",
"","100000007927438","AMP1","","",65.09052312,,"",
"","100000007927336","AMP1","","",18.52320004,,"",
"","100000007927928","AMP1","","",58.74670415,,"",
"","100000007927957","AMP1","","",91.97153363,,"",
"","100000007927954","AMP1","","",28.37876033,,"",
"","100000007932016","B4U1","","",0.024857143,,"",
"","100000007932036","B4U1","","",0.042857143,,"",
"","100000007932070","B4U1","","",0.021428571,,"",
"","100000007931976","B4U1","","",0.042,,"",
"","100000007932694","B4U1","","",0.080428571,,"",
"","100000007932601","B4U1","","",0.032142857,,"",
"","100000007932576","B4U1","","",0.072,,"",
"","100000007932308","B4U1","","",0.053428571,,"",
"","100000007932442","B4U1","","",0.056571429,,"",
"","100000007928031","AMP1","","",36.80759899,,"",
"","100000007927682","AMP1","","",32.18551908,,"",
"","100000007926878","AMP1","","",24.29639445,,"",
"","100000008017359","B4U1","","",4.726571429,,"",
"","100000007927768","AMP1","","",26.62153219,,"",
"","100000007927738","AMP1","","",35.92482677,,"",
"","100000007927803","AMP1","","",70.57183652,,"",
"","100000007932653","B4U1","","",0.041714286,,"",
"","100000007932583","B4U1","","",0.042142857,,"",
"","100000007957279","AMP1","","",78.52708027,,"",
"","100000007916096","SEE1","","",0.14575,,"",
"","100000007916111","SEE1","","",0.203,,"",
"","100000007917941","SEE1","","",0.40512,,"",
"","100000007917994","SEE1","","",0.51522,,"",
"","100000007918028","SEE1","","",0.87388,,"",
"","100000007918046","SEE1","","",0.60892,,"",
"","100000007917917","SEE1","","",0.93362,,"",
"","100000007917963","SEE1","","",0.74404,,"",
"","100000007916439","SEE1","","",0.7,,"",
"","100000007916451","SEE1","","",0.74,,"",
"","100000007917267","SEE1","","",2.63487,,"",
"","100000007917284","SEE1","","",5.439735,,"",
"","100000007917308","SEE1","","",1.77807,,"",
"","100000007917326","SEE1","","",2.115015,,"",
"","100000007917286","SEE1","","",2.514225,,"",
"","100000007917304","SEE1","","",2.246475,,"",
"","100000007917330","SEE1","","",2.436,,"",
"","100000007920746","SEE1","","",4.07184,,"",
"","100000007920753","SEE1","","",4.1718,,"",
"","100000007920797","SEE1","","",4.21,,"",
"","100000007920352","SEE1","","",5.930582,,"",
"","100000007914919","SEE1","","",1.402669,,"",
"","100000007914853","SEE1","","",0.976185,,"",
"","100000007914927","SEE1","","",0.246635,,"",
"","100000007910811","SEE1","","",0.3763,,"",
"","100000007910802","SEE1","","",0.09702,,"",
"","100000007910347","SEE1","","",0.28728,,"",
"","100000007910547","SEE1","","",0.114639,,"",
"","100000007910656","SEE1","","",0.183396,,"",
"","100000007910398","SEE1","","",0.1938,,"",
"","100000007912612","SEE1","","",0.468753,,"",
"","100000007912763","SEE1","","",2.967174,,"",
"","100000007912545","SEE1","","",1.31422,,"",
"","100000007912577","SEE1","","",0.368832,,"",
"","100000007912650","SEE1","","",1.199124,,"",
"","100000007912702","SEE1","","",3.2166,,"",
"","100000007912514","SEE1","","",2.435488,,"",
"","100000007911854","SEE1","","",0.592432,,"",
"","100000007912015","SEE1","","",0.413354,,"",
"","100000007916132","SEE1","","",0.3005,,"",
"","100000007916145","SEE1","","",0.3553,,"",
"","100000007916166","SEE1","","",0.644488,,"",
"","100000007917221","SEE1","","",17.0359,,"",
"","100000007917243","SEE1","","",26.61274,,"",
"","100000007917161","SEE1","","",25.5815,,"",
"","100000007917924","SEE1","","",1.4516,,"",
"","100000007917945","SEE1","","",1.31094,,"",
"","100000007922406","SEE1","","",1.6996,,"",
"","100000007922226","SEE1","","",2.387736,,"",
"","100000007922238","SEE1","","",2.8058,,"",
"","100000007922261","SEE1","","",1.509508,,"",
"","100000007922182","SEE1","","",0.401665,,"",
"","100000007913580","SEE1","","",0.242424,,"",
"","100000007913598","SEE1","","",0.2575,,"",
"","100000007913634","SEE1","","",0.2808,,"",
"","100000007920831","SEE1","","",4.59,,"",
"","100000007914880","SEE1","","",0.287844,,"",
"","100000007914820","SEE1","","",0.354084,,"",
"","100000007915764","SEE1","","",1.884468,,"",
"","100000007915785","SEE1","","",0.85491,,"",
"","100000007910372","SEE1","","",0.13335,,"",
"","100000007912718","SEE1","","",0.1311,,"",
"","100000007911526","SEE1","","",4.369632,,"",
"","100000007911578","SEE1","","",2.627009,,"",
"","100000007913037","SEE1","","",4.4526,,"",
"","100000007913096","SEE1","","",0.1778,,"",
"","100000007913130","SEE1","","",0.045017,,"",
"","100000007913030","SEE1","","",0.433953,,"",
"","100000007912391","SEE1","","",0.645762,,"",
"","100000007913732","SEE1","","",0.078033333,,"",
"","100000007913765","SEE1","","",0.7685,,"",
"","100000007913784","SEE1","","",0.130333333,,"",
"","100000007913810","SEE1","","",0.0934,,"",
"","100000007913827","SEE1","","",0.68835,,"",
"","100000007918033","SEE1","","",0.10916,,"",
"","100000007917908","SEE1","","",0.18154,,"",
"","100000007918043","SEE1","","",1.56792,,"",
"","100000007917905","SEE1","","",2.63776,,"",
"","100000007917558","SEE1","","",3.35562,,"",
"","100000007917574","SEE1","","",4.80506,,"",
"","100000007922245","SEE1","","",0.69487,,"",
"","100000007923401","SEE1","","",4.457152,,"",
"","100000007918655","SEE1","","",1.624041,,"",
"","100000007918717","SEE1","","",1.875175,,"",
"","100000007918647","SEE1","","",2.398038,,"",
"","100000007915767","SEE1","","",0.5095,,"",
"","100000007915789","SEE1","","",2.5518,,"",
"","100000007915802","SEE1","","",0.565,,"",
"","100000007915727","SEE1","","",2.261298,,"",
"","100000007915748","SEE1","","",1.57236,,"",
"","100000007913048","SEE1","","",0.0887,,"",
"","100000007913074","SEE1","","",0.06554,,"",
"","100000007913097","SEE1","","",0.409098,,"",
"","100000007913114","SEE1","","",0.1319,,"",
"","100000007913139","SEE1","","",0.715256,,"",
"","100000007913031","SEE1","","",0.237433,,"",
"","100000007913049","SEE1","","",0.9681,,"",
"","100000007912941","SEE1","","",8.3691,,"",
"","100000007912911","SEE1","","",0.3398,,"",
"","100000007912935","SEE1","","",0.080568,,"",
"","100000007913863","SEE1","","",0.151166667,,"",
"","100000007913719","SEE1","","",1.6417,,"",
"","100000007917952","SEE1","","",0.20922,,"",
"","100000007917980","SEE1","","",0.40488,,"",
"","100000007917900","SEE1","","",0.3543,,"",
"","100000007917916","SEE1","","",0.47192,,"",
"","100000007918120","SEE1","","",1.41162,,"",
"","100000007918128","SEE1","","",0.243705,,"",
"","100000007918412","SEE1","","",2.40513,,"",
"","100000007918335","SEE1","","",0.33684,,"",
"","100000007923500","SEE1","","",2.48,,"",
"","100000007923517","SEE1","","",2.510186,,"",
"","100000007923394","SEE1","","",3.778384,,"",
"","100000007923455","SEE1","","",1.612154,,"",
"","100000007915749","SEE1","","",0.75816,,"",
"","100000007915804","SEE1","","",0.636,,"",
"","100000007913018","SEE1","","",0.3483,,"",
"","100000007912918","SEE1","","",0.050727,,"",
"","100000007912933","SEE1","","",0.121212,,"",
"","100000007912955","SEE1","","",0.57,,"",
"","100000007912969","SEE1","","",0.22086,,"",
"","100000007912999","SEE1","","",1.219805,,"",
"","100000007913014","SEE1","","",0.2306,,"",
"","100000007912912","SEE1","","",0.053737,,"",
"","100000007913326","SEE1","","",0.6,,"",
"","100000007913310","SEE1","","",0.23268,,"",
"","100000007913332","SEE1","","",0.547128,,"",
"","100000007914374","SEE1","","",0.5556,,"",
"","100000007914281","SEE1","","",0.2422,,"",
"","100000007914298","SEE1","","",0.286632,,"",
"","100000007914320","SEE1","","",0.265039,,"",
"","100000007918146","SEE1","","",0.391755,,"",
"","100000007918121","SEE1","","",0.184485,,"",
"","100000007918106","SEE1","","",0.470085,,"",
"","100000007918129","SEE1","","",0.61047,,"",
"","100000007918329","SEE1","","",0.437535,,"",
"","100000007918401","SEE1","","",0.29442,,"",
"","100000007923376","SEE1","","",2.522632,,"",
"","100000007923286","SEE1","","",2.739949,,"",
"","100000007916015","SEE1","","",0.477792,,"",
"","100000007915968","SEE1","","",0.722952,,"",
"","100000007915985","SEE1","","",1.0614,,"",
"","100000007916022","SEE1","","",0.879968,,"",
"","100000007913504","SEE1","","",0.1795,,"",
"","100000007913534","SEE1","","",0.216216,,"",
"","100000007913557","SEE1","","",0.225128,,"",
"","100000007913415","SEE1","","",0.2287,,"",
"","100000007914336","SEE1","","",0.53,,"",
"","100000007914368","SEE1","","",0.3314,,"",
"","100000007914275","SEE1","","",0.35,,"",
"","100000007914290","SEE1","","",0.36,,"",
"","100000007914314","SEE1","","",0.501579,,"",
"","100000007914325","SEE1","","",0.4601,,"",
"","100000007914339","SEE1","","",0.4571,,"",
"","100000007913932","SEE1","","",0.487268,,"",
"","100000007913948","SEE1","","",0.544608,,"",
"","100000007918402","SEE1","","",1.185765,,"",
"","100000007918993","SEE1","","",33.717285,,"",
"","100000007924491","SEE1","","",1.64934,,"",
"","100000007924563","SEE1","","",2.247107,,"",
"","100000007924530","SEE1","","",0.933317,,"",
"","100000007924557","SEE1","","",1.87944,,"",
"","100000007916079","SEE1","","",0.5971,,"",
"","100000007915943","SEE1","","",0.834258,,"",
"","100000007915969","SEE1","","",0.924519,,"",
"","100000007916023","SEE1","","",1.16226,,"",
"","100000007916050","SEE1","","",1.041705,,"",
"","100000007916068","SEE1","","",1.088244,,"",
"","100000007915944","SEE1","","",1.074154,,"",
"","100000007915970","SEE1","","",1.258446,,"",
"","100000007916199","SEE1","","",1.817288,,"",
"","100000007916220","SEE1","","",1.9125,,"",
"","100000007916234","SEE1","","",2.414732,,"",
"","100000007916259","SEE1","","",3.571564,,"",
"","100000007916272","SEE1","","",3.62,,"",
"","100000007916292","SEE1","","",4.538106,,"",
"","100000007916305","SEE1","","",0.7555,,"",
"","100000007916214","SEE1","","",7.446,,"",
"","100000007916293","SEE1","","",8.2625,,"",
"","100000007916200","SEE1","","",7.73,,"",
"","100000007916043","SEE1","","",0.807208,,"",
"","100000007916067","SEE1","","",0.962624,,"",
"","100000007916085","SEE1","","",1.115261,,"",
"","100000007915957","SEE1","","",1.102314,,"",
"","100000007915977","SEE1","","",1.390186,,"",
"","100000007916011","SEE1","","",1.205783,,"",
"","100000007916059","SEE1","","",1.24344,,"",
"","100000007914603","SEE1","","",92.03139,,"",
"","100000007914332","SEE1","","",0.1454,,"",
"","100000007914352","SEE1","","",0.1578,,"",
"","100000007913969","SEE1","","",0.772956,,"",
"","100000007914148","SEE1","","",3.8817,,"",
"","100000007914053","SEE1","","",2.008497,,"",
"","100000007924521","SEE1","","",1.5708,,"",
"","100000007924564","SEE1","","",1.228964,,"",
"","100000007924484","SEE1","","",0.811944,,"",
"","100000007915999","SEE1","","",1.06005,,"",
"","100000007916069","SEE1","","",2.771621,,"",
"","100000007916000","SEE1","","",0.459137,,"",
"","100000007916025","SEE1","","",0.648432,,"",
"","100000007916052","SEE1","","",0.87612,,"",
"","100000007916308","SEE1","","",0.760877,,"",
"","100000007916226","SEE1","","",2.1237,,"",
"","100000007916261","SEE1","","",8.44,,"",
"","100000007916279","SEE1","","",37.60692,,"",
"","100000007916215","SEE1","","",4.25,,"",
"","100000007915428","SEE1","","",0.338227,,"",
"","100000007915098","SEE1","","",0.6032,,"",
"","100000007913996","SEE1","","",2.903356,,"",
"","100000007916885","SEE1","","",5.039106,,"",
"","100000007919746","SEE1","","",0.324765,,"",
"","100000007916508","SEE1","","",0.3881,,"",
"","100000007916521","SEE1","","",0.53,,"",
"","100000007916467","SEE1","","",0.826732,,"",
"","100000007917328","SEE1","","",6.26262,,"",
"","100000007917303","SEE1","","",1.86186,,"",
"","100000007925316","SEE1","","",0.525905,,"",
"","100000007925354","SEE1","","",0.650382,,"",
"","100000007925258","SEE1","","",0.629588,,"",
"","100000007925271","SEE1","","",0.56375,,"",
"","100000007925293","SEE1","","",1.121365,,"",
"","100000007925269","SEE1","","",0.835272,,"",
"","100000007925285","SEE1","","",5.237271,,"",
"","100000007917231","SEE1","","",0.748545,,"",
"","100000007917242","SEE1","","",0.874755,,"",
"","100000007918893","SEE1","","",3.33207,,"",
"","100000007919836","SEE1","","",0.218085,,"",
"","100000007919870","SEE1","","",0.21147,,"",
"","100000007919894","SEE1","","",0.15939,,"",
"","100000007920762","SEE1","","",0.31059,,"",
"","100000007920815","SEE1","","",0.19614,,"",
"","100000007920730","SEE1","","",4.158,,"",
"","100000007920743","SEE1","","",4.5576,,"",
"","100000007910885","SEE1","","",0.1353,,"",
"","100000007933376","NYS2","","",0.432,,"",
"","100000007933314","NYS2","","",0.414,,"",
"","100000007933327","NYS2","","",0.702,,"",
"","100000007933384","NYS2","","",1.287,,"",
"","100000007934094","NYS2","","",1.152,,"",
"","100000007934024","NYS2","","",0.297,,"",
"","100000007934049","NYS2","","",0.279,,"",
"","100000007930745","NYS2","","",0.11763,,"",
"","100000007931017","NYS2","","",0.63468,,"",
"","100000007931039","NYS2","","",0.78732,,"",
"","100000007930978","NYS2","","",0.40176,,"",
"","100000007999986","NYS2","","",6.462,,"",
"","100000008003428","NYS2","","",9.846,,"",
"","100000008030270","NYS2","","",1.773,,"",
"","100000008013212","NYS2","","",1.161,,"",
"","100000008012486","NYS2","","",0.59652,,"",
"","100000008012812","NYS2","","",0.828,,"",
"","100000008030903","NYS2","","",1.17,,"",
"","100000008031092","NYS2","","",1.485,,"",
"","100000008031586","NYS2","","",2.142,,"",
"","100000008030904","NYS2","","",0.828,,"",
"","100000008005184","NYS2","","",59.544,,"",
"","100000007936352","NYS2","","",132.318,,"",
"","100000007932165","NYS2","","",41.805,,"",
"","100000007932180","NYS2","","",0.46665,,"",
"","100000007932200","NYS2","","",53.676,,"",
"","100000007932214","NYS2","","",0.45135,,"",
"","100000007932141","NYS2","","",0.50202,,"",
"","100000007932930","NYS2","","",0.225,,"",
"","100000007933279","NYS2","","",2.196,,"",
"","100000007934064","NYS2","","",0.297,,"",
"","100000007934088","NYS2","","",0.351,,"",
"","100000007934103","NYS2","","",0.441,,"",
"","100000007934015","NYS2","","",0.684,,"",
"","100000007934055","NYS2","","",0.981,,"",
"","100000007933688","NYS2","","",0.396,,"",
"","100000007933705","NYS2","","",0.324,,"",
"","100000007933719","NYS2","","",0.45,,"",
"","100000007933635","NYS2","","",0.684,,"",
"","100000007930992","NYS2","","",1.116,,"",
"","100000007930851","NYS2","","",0.43011,,"",
"","100000007930903","NYS2","","",0.5373,,"",
"","100000007930932","NYS2","","",0.56376,,"",
"","100000007999840","NYS2","","",35.199,,"",
"","100000007998686","NYS2","","",83.592,,"",
"","100000007999196","NYS2","","",81.675,,"",
"","100000008030051","NYS2","","",3.177,,"",
"","100000007936154","NYS2","","",71.136,,"",
"","100000007936356","NYS2","","",7.695,,"",
"","100000007936392","NYS2","","",4.239,,"",
"","100000007936226","NYS2","","",7.875,,"",
"","100000007936256","NYS2","","",56.97,,"",
"","100000007936630","NYS2","","",100.926,,"",
"","100000007936599","NYS2","","",61.839,,"",
"","100000007936542","NYS2","","",34.713,,"",
"","100000007932195","NYS2","","",0.26037,,"",
"","100000007932215","NYS2","","",28.89,,"",
"","100000007932124","NYS2","","",0.28026,,"",
"","100000007931806","NYS2","","",0.37926,,"",
"","100000007932025","NYS2","","",0.37809,,"",
"","100000007929638","NYS2","","",4.338,,"",
"","100000007929538","NYS2","","",4.185,,"",
"","100000007929588","NYS2","","",3.663,,"",
"","100000007933968","NYS2","","",3.492,,"",
"","100000007933882","NYS2","","",2.187,,"",
"","100000007933915","NYS2","","",0.801,,"",
"","100000007933788","NYS2","","",145.044,,"",
"","100000008029806","NYS2","","",8.352,,"",
"","100000008030052","NYS2","","",2.331,,"",
"","100000008029824","NYS2","","",106.281,,"",
"","100000008011083","NYS2","","",11.808,,"",
"","100000008011228","NYS2","","",48.186,,"",
"","100000008011650","NYS2","","",3.618,,"",
"","100000008011198","NYS2","","",1.404,,"",
"","100000007938541","NYS2","","",137.52,,"",
"","100000007938558","NYS2","","",158.877,,"",
"","100000007938131","NYS2","","",139.302,,"",
"","100000007929798","NYS2","","",0.792,,"",
"","100000007929820","NYS2","","",0.558,,"",
"","100000007929862","NYS2","","",0.44046,,"",
"","100000007929878","NYS2","","",0.3528,,"",
"","100000007929899","NYS2","","",0.46809,,"",
"","100000008016394","NYS2","","",179.505,,"",
"","100000008011841","NYS2","","",2.988,,"",
"","100000008012248","NYS2","","",3.249,,"",
"","100000008011084","NYS2","","",4.239,,"",
"","100000008011229","NYS2","","",4.068,,"",
"","100000008011464","NYS2","","",2.277,,"",
"","100000307493554","NYS2","","",2.9576,,"",
"","100000307493555","NYS2","","",2.8158,,"",
"","100000007938631","NYS2","","",161.298,,"",
"","100000007938654","NYS2","","",152.703,,"",
"","100000007938549","NYS2","","",151.182,,"",
"","100000007931987","NYS2","","",1.467,,"",
"","100000007929791","NYS2","","",0.38169,,"",
"","100000007929814","NYS2","","",0.45738,,"",
"","100000007929829","NYS2","","",0.60075,,"",
"","100000007929850","NYS2","","",0.6453,,"",
"","100000007931426","NYS2","","",0.40446,,"",
"","100000007932133","NYS2","","",36.603,,"",
"","100000007932146","NYS2","","",0.4815,,"",
"","100000008010987","NYS2","","",91.251,,"",
"","100000008011200","NYS2","","",161.208,,"",
"","100000008011579","NYS2","","",3.663,,"",
"","100000008007692","NYS2","","",9.117,,"",
"","100000008007434","NYS2","","",8.748,,"",
"","100000008010890","NYS2","","",9.144,,"",
"","100000008006914","NYS2","","",1.737,,"",
"","100000007938885","NYS2","","",191.655,,"",
"","100000007939681","NYS2","","",151.803,,"",
"","100000007939707","NYS2","","",86.139,,"",
"","100000007935024","NYS2","","",80.874,,"",
"","100000007935046","NYS2","","",1.125,,"",
"","100000007934701","NYS2","","",144.198,,"",
"","100000007934862","NYS2","","",104.022,,"",
"","100000007934904","NYS2","","",234.891,,"",
"","100000007934935","NYS2","","",171.963,,"",
"","100000007934959","NYS2","","",146.502,,"",
"","100000007934863","NYS2","","",280.746,,"",
"","100000007934895","NYS2","","",165.321,,"",
"","100000007934930","NYS2","","",140.337,,"",
"","100000007932278","NYS2","","",0.21249,,"",
"","100000007932296","NYS2","","",0.21825,,"",
"","100000007932237","NYS2","","",0.522,,"",
"","100000007932381","NYS2","","",0.54,,"",
"","100000007932394","NYS2","","",0.288,,"",
"","100000007932414","NYS2","","",0.738,,"",
"","100000007932426","NYS2","","",0.504,,"",
"","100000007933139","NYS2","","",0.315,,"",
"","100000007933053","NYS2","","",0.432,,"",
"","100000007933075","NYS2","","",0.333,,"",
"","100000007930265","NYS2","","",4.32,,"",
"","100000007929756","NYS2","","",1.422,,"",
"","100000007929763","NYS2","","",0.801,,"",
"","100000008007160","NYS2","","",2.358,,"",
"","100000008007613","NYS2","","",5.769,,"",
"","100000008008010","NYS2","","",5.85,,"",
"","100000008006694","NYS2","","",5.193,,"",
"","100000008006983","NYS2","","",6.507,,"",
"","100000008007178","NYS2","","",3.195,,"",
"","100000008006916","NYS2","","",346.608,,"",
"","100000008008033","NYS2","","",25.956,,"",
"","100000007938891","NYS2","","",159.57,,"",
"","100000007939738","NYS2","","",159.633,,"",
"","100000007939758","NYS2","","",109.899,,"",
"","100000007939225","NYS2","","",116.748,,"",
"","100000007935050","NYS2","","",172.611,,"",
"","100000007935071","NYS2","","",231.507,,"",
"","100000007935065","NYS2","","",82.764,,"",
"","100000007934970","NYS2","","",80.451,,"",
"","100000007934870","NYS2","","",128.718,,"",
"","100000007934718","NYS2","","",90.378,,"",
"","100000007934819","NYS2","","",14.004,,"",
"","100000007934836","NYS2","","",11.655,,"",
"","100000007932263","NYS2","","",0.405,,"",
"","100000007932304","NYS2","","",0.441,,"",
"","100000007932322","NYS2","","",0.774,,"",
"","100000007932448","NYS2","","",0.63,,"",
"","100000007932365","NYS2","","",0.11313,,"",
"","100000007932382","NYS2","","",0.0729,,"",
"","100000007932401","NYS2","","",0.06291,,"",
"","100000007932427","NYS2","","",0.07056,,"",
"","100000007932449","NYS2","","",0.11781,,"",
"","100000007932353","NYS2","","",0.08316,,"",
"","100000007932374","NYS2","","",0.10395,,"",
"","100000007933114","NYS2","","",0.126,,"",
"","100000007933133","NYS2","","",0.06381,,"",
"","100000007933154","NYS2","","",0.05319,,"",
"","100000007933110","NYS2","","",0.16218,,"",
"","100000007932782","NYS2","","",0.12213,,"",
"","100000007930281","NYS2","","",74.466,,"",
"","100000008000265","NYS2","","",36.999,,"",
"","100000008000838","NYS2","","",183.492,,"",
"","100000007999892","NYS2","","",50.4,,"",
"","100000008000761","NYS2","","",6.804,,"",
"","100000007929909","NYS2","","",0.711,,"",
"","100000008013213","NYS2","","",0.882,,"",
"","100000008013446","NYS2","","",2.754,,"",
"","100000008013603","NYS2","","",1.206,,"",
"","100000008030323","NYS2","","",14.625,,"",
"","100000007934741","RCS1","","",0.59,,"",
"","100000007934716","RCS1","","",0.41,,"",
"","100000007938924","NYS2","","",250.398,,"",
"","100000007939342","NYS2","","",90.576,,"",
"","100000007939275","NYS2","","",118.269,,"",
"","100000007939387","NYS2","","",157.437,,"",
"","100000007939477","NYS2","","",170.307,,"",
"","100000007932812","NYS2","","",0.13131,,"",
"","100000007932996","NYS2","","",0.08919,,"",
"","100000007932724","NYS2","","",0.16344,,"",
"","100000007933303","NYS2","","",0.279,,"",
"","100000007930776","NYS2","","",18.27,,"",
"","100000007930762","NYS2","","",0.14247,,"",
"","100000007931088","NYS2","","",4.23,,"",
"","100000007930357","NYS2","","",0.549,,"",
"","100000007930365","NYS2","","",0.747,,"",
"","100000008000701","NYS2","","",34.65,,"",
"","100000008012734","NYS2","","",1.197,,"",
"","100000008013545","NYS2","","",1.278,,"",
"","100000008012505","NYS2","","",2.916,,"",
"","100000008012914","NYS2","","",2.358,,"",
"","100000008013236","NYS2","","",4.59,,"",
"","100000008013469","NYS2","","",1.332,,"",
"","100000008012753","NYS2","","",2.844,,"",
"","100000007935558","RCS1","","",0.97,,"",
"","100000007935583","RCS1","","",0.52,,"",
"","100000007935597","RCS1","","",0.79,,"",
"","100000007935490","RCS1","","",0.39,,"",
"","100000007935507","RCS1","","",0.79,,"",
"","100000007935529","RCS1","","",0.39,,"",
"","100000007935584","RCS1","","",0.84,,"",
"","100000007935598","RCS1","","",0.63,,"",
"","100000007939213","NYS2","","",239.319,,"",
"","100000007939624","NYS2","","",214.272,,"",
"","100000007939370","NYS2","","",149.013,,"",
"","100000007939414","NYS2","","",190.791,,"",
"","100000007939361","NYS2","","",261.45,,"",
"","100000007933462","NYS2","","",0.567,,"",
"","100000007941590","AMP1","","",19.86517042,,"",
"","100000007941655","AMP1","","",24.40709405,,"",
"","100000007941593","AMP1","","",25.96515017,,"",
"","100000007941581","AMP1","","",22.50211713,,"",
"","100000007941153","AMP1","","",33.67758739,,"",
"","100000007941192","AMP1","","",22.25529065,,"",
"","100000007941216","AMP1","","",32.83344745,,"",
"","100000007940645","AMP1","","",16.49607334,,"",
"","100000007941234","AMP1","","",7.505738288,,"",
"","100000007941151","AMP1","","",15.74631557,,"",
"","100000007941483","AMP1","","",6.806565656,,"",
"","100000007941451","AMP1","","",68.88392418,,"",
"","100000007941474","AMP1","","",64.33280053,,"",
"","100000007941139","AMP1","","",287.8640592,,"",
"","100000007941176","AMP1","","",55.64591011,,"",
"","100000007940719","AMP1","","",14.64030332,,"",
"","100000007940658","AMP1","","",22.97053103,,"",
"","100000007941491","AMP1","","",7.989247001,,"",
"","100000007939106","AMP1","","",65.25829946,,"",
"","100000007939161","AMP1","","",75.11373753,,"",
"","100000007936850","AMP1","","",1.273691055,,"",
"","100000007936693","AMP1","","",1.720445083,,"",
"","100000007940120","AMP1","","",8.317077485,,"",
"","100000007940128","AMP1","","",9.083446184,,"",
"","100000007941492","AMP1","","",77.37765802,,"",
"","100000007941516","AMP1","","",72.95359172,,"",
"","100000007937025","AMP1","","",2.471012725,,"",
"","100000007939452","AMP1","","",4.412456399,,"",
"","100000007940099","AMP1","","",2.513920007,,"",
"","100000007940119","AMP1","","",3.17386536,,"",
"","100000007940127","AMP1","","",3.193001655,,"",
"","100000007940143","AMP1","","",3.290749545,,"",
"","100000007940159","AMP1","","",4.603844291,,"",
"","100000007940169","AMP1","","",4.887737937,,"",
"","100000007940187","AMP1","","",4.733278331,,"",
"","100000007940198","AMP1","","",6.011223047,,"",
"","100000007940213","AMP1","","",3.001280735,,"",
"","100000007940234","AMP1","","",3.010280155,,"",
"","100000007940100","AMP1","","",5.278796218,,"",
"","100000007939404","AMP1","","",2.41806358,,"",
"","100000007939443","AMP1","","",2.354673567,,"",
"","100000007939358","AMP1","","",24.1955393,,"",
"","100000007939383","AMP1","","",24.1955393,,"",
"","100000007939405","AMP1","","",20.61045389,,"",
"","100000007937231","AMP1","","",14.42952431,,"",
"","100000007939468","AMP1","","",6.747455831,,"",
"","100000007939376","AMP1","","",2.895051292,,"",
"","100000007939395","AMP1","","",2.928834807,,"",
"","100000007940646","AMP1","","",13.41629951,,"",
"","100000007940731","AMP1","","",13.95138047,,"",
"","100000007941435","AMP1","","",12.53681076,,"",
"","100000007941445","AMP1","","",8.427206284,,"",
"","100000007941461","AMP1","","",10.56000559,,"",
"","100000007941468","AMP1","","",17.2723949,,"",
"","100000007941500","AMP1","","",13.55421599,,"",
"","100000007939852","AMP1","","",2.44052505,,"",
"","100000007941202","AMP1","","",50.66027809,,"",
"","100000007941217","AMP1","","",47.5214462,,"",
"","100000007941208","AMP1","","",7.686294417,,"",
"","100000007940637","AMP1","","",15.03462412,,"",
"","100000007941569","AMP1","","",15.06064486,,"",
"","100000007941613","AMP1","","",14.378098,,"",
"","100000007941654","AMP1","","",16.64890969,,"",
"","100000007941563","AMP1","","",16.45793785,,"",
"","100000007941548","AMP1","","",10.26068692,,"",
"","100000007941485","AMP1","","",5.587195721,,"",
"","100000007941515","AMP1","","",6.28331617,,"",
"","100000007941557","AMP1","","",26.81411989,,"",
"","100000007941647","AMP1","","",19.77724993,,"",
"","100000007939105","AMP1","","",41.5387746,,"",
"","100000007937489","AMP1","","",2.176185887,,"",
"","100000007936852","AMP1","","",1.732549152,,"",
"","100000007937263","AMP1","","",2471.391058,,"",
"","100000007937274","AMP1","","",289.2911629,,"",
"","100000007937433","AMP1","","",4.043666631,,"",
"","100000007937457","AMP1","","",5.915703347,,"",
"","100000007937474","AMP1","","",5.915703347,,"",
"","100000007937283","AMP1","","",401.5446094,,"",
"","100000007940747","AMP1","","",7.760599949,,"",
"","100000007940923","AMP1","","",9.185981917,,"",
"","100000007940756","AMP1","","",6.694856421,,"",
"","100000007940820","AMP1","","",10.87634023,,"",
"","100000007962570","AMP1","","",3.022484624,,"",
"","100000007962246","AMP1","","",4.664789649,,"",
"","100000007962321","AMP1","","",4.551207575,,"",
"","100000007962372","AMP1","","",10.23631383,,"",
"","100000007940060","AMP1","","",185.9196454,,"",
"","100000007940019","AMP1","","",61.87146558,,"",
"","100000007940039","AMP1","","",61.87146558,,"",
"","100000007940070","AMP1","","",61.87146558,,"",
"","100000007940092","AMP1","","",66.27943897,,"",
"","100000007962501","AMP1","","",2.808502439,,"",
"","100000007962547","AMP1","","",4.188682036,,"",
"","100000007962247","AMP1","","",6.285685713,,"",
"","100000007962296","AMP1","","",9.926584357,,"",
"","100000007962502","AMP1","","",15.82452674,,"",
"","100000007962272","AMP1","","",3.070627882,,"",
"","100000007939958","AMP1","","",66.27943897,,"",
"","100000007939991","AMP1","","",66.27943897,,"",
"","100000007940040","AMP1","","",66.40303349,,"",
"","100000007940071","AMP1","","",70.70977064,,"",
"","100000007940093","AMP1","","",70.70977064,,"",
"","100000007939960","AMP1","","",83.97848006,,"",
"","100000007939983","AMP1","","",83.97848006,,"",
"","100000007940011","AMP1","","",91.34656496,,"",
"","100000007940031","AMP1","","",100.1543049,,"",
"","100000007940760","AMP1","","",7.301740384,,"",
"","100000007940823","AMP1","","",5.920038193,,"",
"","100000007937669","AMP1","","",0.275900712,,"",
"","100000007962394","AMP1","","",4.547094044,,"",
"","100000007962461","AMP1","","",5.785506423,,"",
"","100000007962523","AMP1","","",10.87826031,,"",
"","100000007940061","AMP1","","",110.4601429,,"",
"","100000007942133","AMP1","","",84.66616516,,"",
"","100000007937693","AMP1","","",1.513324354,,"",
"","100000007953653","AMP1","","",1.330628531,,"",
"","100000007953693","AMP1","","",3.446919051,,"",
"","100000007953581","AMP1","","",0.975880527,,"",
"","100000007955174","AMP1","","",3.905147643,,"",
"","100000007955127","AMP1","","",0.984494568,,"",
"","100000007955167","AMP1","","",2.21469932,,"",
"","100000007955055","AMP1","","",2.865022527,,"",
"","100000007958871","AMP1","","",15.14964849,,"",
"","100000007940833","AMP1","","",7.988144703,,"",
"","100000007938965","AMP1","","",7.667868784,,"",
"","100000007940081","AMP1","","",171.5727966,,"",
"","100000007941040","AMP1","","",214.4450173,,"",
"","100000007941099","AMP1","","",311.2283779,,"",
"","100000007940933","AMP1","","",10.53733732,,"",
"","100000007940466","AMP1","","",3.10878543,,"",
"","100000007940446","AMP1","","",5.198576335,,"",
"","100000007962932","AMP1","","",0.544032794,,"",
"","100000007963015","AMP1","","",0.659544238,,"",
"","100000007963057","AMP1","","",1.126727606,,"",
"","100000007940479","AMP1","","",5.163003126,,"",
"","100000007940519","AMP1","","",3.979707632,,"",
"","100000007940552","AMP1","","",3.907103684,,"",
"","100000007940416","AMP1","","",5.54142866,,"",
"","100000007940845","AMP1","","",4.357281064,,"",
"","100000007953867","AMP1","","",5.367179606,,"",
"","100000007953958","AMP1","","",3.976342317,,"",
"","100000007940531","AMP1","","",8.625842507,,"",
"","100000007940563","AMP1","","",4.29327015,,"",
"","100000007954145","AMP1","","",11.22919285,,"",
"","100000007954231","AMP1","","",4.617544507,,"",
"","100000007957438","AMP1","","",5.427094335,,"",
"","100000007957478","AMP1","","",13.33101335,,"",
"","100000007957494","AMP1","","",14.11738975,,"",
"","100000007956320","AMP1","","",3.78478931,,"",
"","100000007956247","AMP1","","",0.904072014,,"",
"","100000007956321","AMP1","","",1.190269049,,"",
"","100000007941739","AMP1","","",9.984088403,,"",
"","100000007956248","AMP1","","",1.911555336,,"",
"","100000007956297","AMP1","","",2.245882069,,"",
"","100000007956099","AMP1","","",2.642663568,,"",
"","100000007956174","AMP1","","",2.949738503,,"",
"","100000007936945","AMP1","","",2.204105708,,"",
"","100000007989158","NSR1","","",10.95,,"",
"","100000007989266","NSR1","","",9.79,,"",
"","100000008021009","NSR1","","",2.4894,,"",
"","100000008013212","NSR1","","",0.8134,,"",
"","100000008030323","NSR1","","",13,,"",
"","100000007992053","NSR1","","",5.1833,,"",
"","100000307438704","NGC1","","",19.25,,"",
"","100000307438706","NGC1","","",20.25,,"",
"","100000007914100","NGC1","","",53,,"",
"","100000007906289","NGC1","","",13.25,,"",
"","100000007906043","NGC1","","",14.35,,"",
"","100000007906149","NGC1","","",16.9,,"",
"","100000007906215","NGC1","","",21.7,,"",
"","100000007906265","NGC1","","",23.76,,"",
"","100000008038812","NGC1","","",22.07,,"",
"","100000008038141","NGC1","","",38.78,,"",
"","100000008038165","NGC1","","",38.5,,"",
"","100000008036732","NGC1","","",234.52,,"",
"","100000008037000","NGC1","","",169.82,,"",
"","100000008022839","NGC1","","",1.05,,"",
"","100000008022992","NGC1","","",1.05,,"",
"","100000008023204","NGC1","","",1.05,,"",
"","100000008023351","NGC1","","",1.05,,"",
"","100000008023599","NGC1","","",1.05,,"",
"","100000008022543","NGC1","","",1.05,,"",
"","100000008022936","NGC1","","",1.05,,"",
"","100000008023297","NGC1","","",0.73,,"",
"","100000008023445","NGC1","","",0.73,,"",
"","100000307430496","NGC1","","",23.25,,"",
"","100000307430497","NGC1","","",28.5,,"",
"","100000307430498","NGC1","","",34,,"",
"","100000307430499","NGC1","","",39.25,,"",
"","100000307430500","NGC1","","",44.75,,"",
"","100000307430501","NGC1","","",50,,"",
"","100000307430502","NGC1","","",55.5,,"",
"","100000307430434","NGC1","","",15.25,,"",
"","100000307430437","NGC1","","",21.5,,"",
"","100000307430438","NGC1","","",27.5,,"",
"","100000008011252","NSR1","","",1.81,,"",
"","100000008011490","NSR1","","",0.99,,"",
"","100000008011766","NSR1","","",1.01,,"",
"","100000008011963","NSR1","","",6.24,,"",
"","100000007993275","NSR1","","",3.448,,"",
"","100000007993341","NSR1","","",3.448,,"",
"","100000007993122","NSR1","","",1.03,,"",
"","100000007993276","NSR1","","",1.3345,,"",
"","100000007993317","NSR1","","",1.6856,,"",
"","100000007993381","NSR1","","",2.1775,,"",
"","100000008009076","NSR1","","",1.146,,"",
"","100000008008517","NSR1","","",1.146,,"",
"","100000008030542","NSR1","","",48.9691,,"",
"","100000008025682","NSR1","","",4.6,,"",
"","100000008025853","NSR1","","",4.6,,"",
"","100000008026128","NSR1","","",4.6,,"",
"","100000008026300","NSR1","","",4.6,,"",
"","100000008025212","NSR1","","",4.6,,"",
"","100000008026930","NSR1","","",3.33,,"",
"","100000307438708","NGC1","","",20.25,,"",
"","100000307438710","NGC1","","",21.5,,"",
"","100000307438712","NGC1","","",22.5,,"",
"","100000307438713","NGC1","","",23.25,,"",
"","100000307438714","NGC1","","",23.75,,"",
"","100000307438717","NGC1","","",17.5,,"",
"","100000007914025","NGC1","","",5.57,,"",
"","100000007914055","NGC1","","",5.57,,"",
"","100000007908806","NGC1","","",73.07,,"",
"","100000007908847","NGC1","","",54.77,,"",
"","100000007908517","NGC1","","",49.45,,"",
"","100000007910706","NGC1","","",3.14,,"",
"","100000007910788","NGC1","","",11.06,,"",
"","100000007910708","NGC1","","",7.24,,"",
"","100000008037365","NGC1","","",314.92,,"",
"","100000008036408","NGC1","","",120.69,,"",
"","100000008036646","NGC1","","",167.96,,"",
"","100000008036906","NGC1","","",218.65,,"",
"","100000008037275","NGC1","","",91.5,,"",
"","100000008037547","NGC1","","",126.8,,"",
"","100000008036817","NGC1","","",287.89,,"",
"","100000008037096","NGC1","","",386.84,,"",
"","100000008022463","NGC1","","",0.73,,"",
"","100000008022623","NGC1","","",0.73,,"",
"","100000008022861","NGC1","","",0.73,,"",
"","100000008023011","NGC1","","",0.73,,"",
"","100000007901005","NGC1","","",4.56,,"",
"","100000008023031","NGC1","","",1.34,,"",
"","100000008023168","NGC1","","",1.34,,"",
"","100000008023390","NGC1","","",1.34,,"",
"","100000008022958","NGC1","","",4.94,,"",
"","100000008023318","NGC1","","",5.22,,"",
"","100000008021533","NGC1","","",5.22,,"",
"","100000307430439","NGC1","","",33.75,,"",
"","100000307430440","NGC1","","",40,,"",
"","100000307430441","NGC1","","",46,,"",
"","100000307430442","NGC1","","",52.25,,"",
"","100000307430443","NGC1","","",58.5,,"",
"","100000307430568","NGC1","","",6.25,,"",
"","100000307430569","NGC1","","",8.7,,"",
"","100000307430570","NGC1","","",11.1,,"",
"","100000307430572","NGC1","","",16.45,,"",
"","100000008010890","NSR1","","",8.7125,,"",
"","100000008009964","NSR1","","",10.4842,,"",
"","100000007892996","NSR1","","",2.13,,"",
"","100000007893010","NSR1","","",0.283,,"",
"","100000007892990","NSR1","","",0.7143,,"",
"","100000008008706","NSR1","","",1.146,,"",
"","100000008008999","NSR1","","",1.146,,"",
"","100000008009483","NSR1","","",1.146,,"",
"","100000008008227","NSR1","","",1.146,,"",
"","100000008009101","NSR1","","",5.2416,,"",
"","100000008034692","NSR1","","",11.45,,"",
"","100000008034598","NSR1","","",1.278,,"",
"","100000008034693","NSR1","","",1.406,,"",
"","100000007984692","NSR1","","",11.13,,"",
"","100000008023040","NSR1","","",0.32,,"",
"","100000008023258","NSR1","","",0.4931,,"",
"","100000008023561","NSR1","","",0.57,,"",
"","100000008022734","NSR1","","",0.5426,,"",
"","100000008023129","NSR1","","",0.4,,"",
"","100000007905393","NGC1","","",161.55,,"",
"","100000007905375","NGC1","","",0.33,,"",
"","100000007905461","NGC1","","",0.66,,"",
"","100000007905504","NGC1","","",0.75,,"",
"","100000007904322","NGC1","","",4.83,,"",
"","100000007904360","NGC1","","",0.9,,"",
"","100000307438718","NGC1","","",18.25,,"",
"","100000007914602","NGC1","","",7.81,,"",
"","100000007914623","NGC1","","",7.81,,"",
"","100000007910573","NGC1","","",16.9,,"",
"","100000007910350","NGC1","","",8.05,,"",
"","100000007912618","NGC1","","",16.29,,"",
"","100000007912707","NGC1","","",9.05,,"",
"","100000008037276","NGC1","","",427.18,,"",
"","100000007837363","NGC1","","",19.73,,"",
"","100000007890666","NGC1","","",32.14,,"",
"","100000007891005","NGC1","","",19.07,,"",
"","100000007891913","NGC1","","",4.22,,"",
"","100000008034692","NGC1","","",13.73,,"",
"","100000008021696","NGC1","","",5.22,,"",
"","100000008021987","NGC1","","",5.22,,"",
"","100000008022198","NGC1","","",3.36,,"",
"","100000008021009","NGC1","","",7.07,,"",
"","100000307430573","NGC1","","",18.85,,"",
"","100000307430574","NGC1","","",22.45,,"",
"","100000307430575","NGC1","","",25.3,,"",
"","100000307430576","NGC1","","",28.65,,"",
"","100000307430577","NGC1","","",31.05,,"",
"","100000307430578","NGC1","","",34.35,,"",
"","100000007893331","NSR1","","",0.238,,"",
"","100000007893376","NSR1","","",0.2296,,"",
"","100000007894437","NSR1","","",1.94,,"",
"","100000007894419","NSR1","","",1.7798,,"",
"","100000007894432","NSR1","","",1.6974,,"",
"","100000007894440","NSR1","","",1.6974,,"",
"","100000007894430","NSR1","","",2.5808,,"",
"","100000008008424","NSR1","","",4.4782,,"",
"","100000008008616","NSR1","","",4.4782,,"",
"","100000008008830","NSR1","","",4.4782,,"",
"","100000008009029","NSR1","","",4.4782,,"",
"","100000008038083","NSR1","","",7.6752,,"",
"","100000008037989","NSR1","","",44.21,,"",
"","100000008034914","NSR1","","",37.0973,,"",
"","100000008035573","NSR1","","",24.149,,"",
"","100000008036207","NSR1","","",18.8033,,"",
"","100000008035306","NSR1","","",14.4993,,"",
"","100000008035847","NSR1","","",24.149,,"",
"","100000008035017","NSR1","","",18.8033,,"",
"","100000008035507","NSR1","","",37.0973,,"",
"","100000007985274","NSR1","","",17.1256,,"",
"","100000007985291","NSR1","","",17.9843,,"",
"","100000007985316","NSR1","","",3.7121,,"",
"","100000007985357","NSR1","","",3.4053,,"",
"","100000007985283","NSR1","","",23.391,,"",
"","100000007985307","NSR1","","",23.391,,"",
"","100000007904303","NGC1","","",0.36,,"",
"","100000007904385","NGC1","","",0.039,,"",
"","100000008016394","NGC1","","",115.95,,"",
"","100000007915027","NGC1","","",1.97,,"",
"","100000008034598","NGC1","","",1.86,,"",
"","100000008034693","NGC1","","",2.06,,"",
"","100000008033436","NGC1","","",2.35,,"",
"","100000008033524","NGC1","","",2.58,,"",
"","100000007894829","NGC1","","",36.53,,"",
"","100000007894849","NGC1","","",42.57,,"",
"","100000007894808","NGC1","","",51.92,,"",
"","100000008035519","NGC1","","",5.18,,"",
"","100000008035980","NGC1","","",5.7,,"",
"","100000007894654","NSR1","","",2.2692,,"",
"","100000008022679","NSR1","","",0.4614,,"",
"","100000008023061","NSR1","","",0.39,,"",
"","100000008023424","NSR1","","",0.39,,"",
"","100000008022440","NSR1","","",0.4341,,"",
"","100000008038626","NSR1","","",40.5742,,"",
"","100000008038812","NSR1","","",21.8466,,"",
"","100000008038141","NSR1","","",36.0729,,"",
"","100000008038165","NSR1","","",32.0002,,"",
"","100000008036732","NSR1","","",123.08,,"",
"","100000008037000","NSR1","","",95.3344,,"",
"","100000008037365","NSR1","","",165.28,,"",
"","100000008033436","NSR1","","",1.5976,,"",
"","100000008033524","NSR1","","",1.7576,,"",
"","100000007989443","NSR1","","",4.3,,"",
"","100000007989118","NSR1","","",3.96,,"",
"","100000007989159","NSR1","","",9.5,,"",
"","100000008035775","NSR1","","",24.149,,"",
"","100000008036331","NSR1","","",18.8033,,"",
"","100000008035777","NSR1","","",56.54,,"",
"","100000008036050","NSR1","","",37.0973,,"",
"","100000008036233","NSR1","","",24.149,,"",
"","100000008036234","NSR1","","",18.8033,,"",
"","100000008036333","NSR1","","",14.4993,,"",
"","100000008032727","NSR1","","",24.149,,"",
"","100000008033317","NSR1","","",18.8033,,"",
"","100000008032548","NSR1","","",14.4993,,"",
"","100000007985325","NSR1","","",5.6883,,"",
"","100000007985349","NSR1","","",6.6557,,"",
"","100000007984936","NSR1","","",18.5307,,"",
"","100000007985018","NSR1","","",4.0917,,"",
"","100000007985260","NSR1","","",3.2951,,"",
"","100000007985047","NSR1","","",5.3746,,"",
"","100000007985233","NSR1","","",5.451,,"",
"","100000007837363","NSR1","","",11.9481,,"",
"","100000007986343","NSR1","","",7.63,,"",
"","100000007986211","NSR1","","",13.7149,,"",
"","100000007988501","NSR1","","",2.8756,,"",
"","100000007988549","NSR1","","",2.8316,,"",
"","100000007988612","NSR1","","",14.9674,,"",
"","100000007987902","NSR1","","",21.68,,"",
"","100000007987950","NSR1","","",23.65,,"",
"","100000007987657","NSR1","","",21.68,,"",
"","100000007987812","NSR1","","",58.45,,"",
"","100000007917219","NGC1","","",60.92,,"",
"","100000007916597","NGC1","","",2.89,,"",
"","100000007916631","NGC1","","",3.58,,"",
"","100000007916659","NGC1","","",4.55,,"",
"","100000007916675","NGC1","","",4.98,,"",
"","100000008012808","NGC1","","",2.93,,"",
"","100000008013601","NGC1","","",3.27,,"",
"","100000008012564","NGC1","","",1.5,,"",
"","100000007915198","NGC1","","",0.282,,"",
"","100000007915292","NGC1","","",0.282,,"",
"","100000007915312","NGC1","","",0.282,,"",
"","100000007895181","NGC1","","",6,,"",
"","100000007895168","NGC1","","",12,,"",
"","100000007895676","NGC1","","",4,,"",
"","100000007895701","NGC1","","",3.46,,"",
"","100000007895713","NGC1","","",3.91,,"",
"","100000007895697","NGC1","","",12.95,,"",
"","100000008035343","NGC1","","",7.98,,"",
"","100000008035981","NGC1","","",7.98,,"",
"","100000008034951","NGC1","","",10.23,,"",
"","100000008035434","NGC1","","",10.23,,"",
"","100000008036093","NGC1","","",68.77,,"",
"","100000008034891","NGC1","","",45.64,,"",
"","100000008022600","NSR1","","",0.3876,,"",
"","100000008022838","NSR1","","",0.3876,,"",
"","100000008023426","NSR1","","",0.5634,,"",
"","100000008022441","NSR1","","",0.5634,,"",
"","100000008022601","NSR1","","",0.5634,,"",
"","100000008022839","NSR1","","",0.5634,,"",
"","100000008022992","NSR1","","",0.5634,,"",
"","100000008023204","NSR1","","",0.5634,,"",
"","100000008023351","NSR1","","",0.5634,,"",
"","100000008036408","NSR1","","",74.5723,,"",
"","100000008036646","NSR1","","",100.1167,,"",
"","100000008036906","NSR1","","",130.5886,,"",
"","100000008037275","NSR1","","",55.2804,,"",
"","100000008037547","NSR1","","",74.1887,,"",
"","100000008036817","NSR1","","",151.09,,"",
"","100000008037096","NSR1","","",191.8571,,"",
"","100000008037276","NSR1","","",207.8456,,"",
"","100000008008954","NSR1","","",1.2694,,"",
"","100000008032994","NSR1","","",18.8033,,"",
"","100000007896856","NSR1","","",35.2857,,"",
"","100000007896874","NSR1","","",38.7577,,"",
"","100000007896883","NSR1","","",37.1417,,"",
"","100000007890666","NSR1","","",23.52,,"",
"","100000007891005","NSR1","","",16,,"",
"","100000007891913","NSR1","","",2.18,,"",
"","100000007987876","NSR1","","",36.05,,"",
"","100000007987926","NSR1","","",54.44,,"",
"","100000007989933","NSR1","","",22.63,,"",
"","100000007989947","NSR1","","",22.63,,"",
"","100000007989971","NSR1","","",50.43,,"",
"","100000007989930","NSR1","","",16.3111,,"",
"","100000007989943","NSR1","","",14.26,,"",
"","100000008024644","NSR1","","",15.9142,,"",
"","100000008037863","NSR1","","",4.195,,"",
"","100000007989839","NSR1","","",6.7727,,"",
"","100000007989928","NSR1","","",8,,"",
"","100000007989942","NSR1","","",7.3714,,"",
"","100000007988768","NSR1","","",9.1818,,"",
"","100000007988892","NSR1","","",4.54,,"",
"","100000007917251","NGC1","","",2.03,,"",
"","100000007917261","NGC1","","",2.03,,"",
"","100000007917156","NGC1","","",2.03,,"",
"","100000007917180","NGC1","","",2.03,,"",
"","100000007917191","NGC1","","",2.03,,"",
"","100000007917204","NGC1","","",2.03,,"",
"","100000007917157","NGC1","","",2.03,,"",
"","100000007918115","NGC1","","",18.9,,"",
"","100000007916578","NGC1","","",3.37,,"",
"","100000008012895","NGC1","","",5.55,,"",
"","100000008012565","NGC1","","",1.93,,"",
"","100000008013212","NGC1","","",1.93,,"",
"","100000008031586","NGC1","","",4.81,,"",
"","100000008030904","NGC1","","",2.26,,"",
"","100000007915173","NGC1","","",1.31,,"",
"","100000007915455","NGC1","","",5.7,,"",
"","100000007915489","NGC1","","",10,,"",
"","100000007895986","NGC1","","",3.08,,"",
"","100000007896111","NGC1","","",3.08,,"",
"","100000007895947","NGC1","","",5.9,,"",
"","100000007915625","NGC1","","",0.201,,"",
"","100000007915643","NGC1","","",0.232,,"",
"","100000007915552","NGC1","","",0.251,,"",
"","100000008035374","NGC1","","",33.31,,"",
"","100000008035639","NGC1","","",171.38,,"",
"","100000008036001","NGC1","","",107.72,,"",
"","100000008035193","NGC1","","",68.77,,"",
"","100000008035731","NGC1","","",45.64,,"",
"","100000008034894","NGC1","","",33.31,,"",
"","100000008035548","NGC1","","",26.22,,"",
"","100000008035845","NGC1","","",107.72,,"",
"","100000007896856","NGC1","","",56.78,,"",
"","100000008023599","NSR1","","",0.5634,,"",
"","100000008022543","NSR1","","",0.5634,,"",
"","100000008022936","NSR1","","",0.5634,,"",
"","100000008023297","NSR1","","",1.1,,"",
"","100000008023445","NSR1","","",1.2302,,"",
"","100000008022463","NSR1","","",1.2302,,"",
"","100000008022623","NSR1","","",1.1,,"",
"","100000007989683","NSR1","","",12.8,,"",
"","100000007989734","NSR1","","",8.6572,,"",
"","100000007989486","NSR1","","",7.9142,,"",
"","100000007989581","NSR1","","",12.9142,,"",
"","100000007989681","NSR1","","",9.5,,"",
"","100000007989760","NSR1","","",4.3,,"",
"","100000008009253","NSR1","","",1.394,,"",
"","100000008009433","NSR1","","",5.9004,,"",
"","100000008009681","NSR1","","",4.4844,,"",
"","100000008008493","NSR1","","",5.3576,,"",
"","100000007897402","NSR1","","",13.3842,,"",
"","100000007897412","NSR1","","",9.53,,"",
"","100000007897823","NSR1","","",9.1476,,"",
"","100000007897788","NSR1","","",8.69,,"",
"","100000007989968","NSR1","","",13.84,,"",
"","100000007992720","NSR1","","",9.7,,"",
"","100000007992492","NSR1","","",9.3,,"",
"","100000007988937","NSR1","","",8.92,,"",
"","100000007989007","NSR1","","",7.8833,,"",
"","100000007988743","NSR1","","",12.18,,"",
"","100000007988790","NSR1","","",16.3756,,"",
"","100000007988982","NSR1","","",16.3428,,"",
"","100000007989029","NSR1","","",8,,"",
"","100000007988983","NSR1","","",9.66,,"",
"","100000007989030","NSR1","","",5.37,,"",
"","100000007918911","NGC1","","",2.58,,"",
"","100000007918924","NGC1","","",2.69,,"",
"","100000007918567","NGC1","","",18.5,,"",
"","100000007917451","NGC1","","",2.09,,"",
"","100000007904462","NGC1","","",0.37,,"",
"","100000007904486","NGC1","","",1.35,,"",
"","100000307474578","NGC1","","",81,,"",
"","100000007904965","NGC1","","",2.03,,"",
"","100000007905050","NGC1","","",3.17,,"",
"","100000007905105","NGC1","","",3.02,,"",
"","100000008030323","NGC1","","",29.36,,"",
"","100000008030542","NGC1","","",42.44,,"",
"","100000008025682","NGC1","","",7.8,,"",
"","100000008025853","NGC1","","",7.8,,"",
"","100000008026128","NGC1","","",7.8,,"",
"","100000008026300","NGC1","","",7.8,,"",
"","100000008025212","NGC1","","",7.8,,"",
"","100000008026930","NGC1","","",5.64,,"",
"","100000007915526","NGC1","","",0.107,,"",
"","100000007915450","NGC1","","",0.1575,,"",
"","100000007915467","NGC1","","",0.2095,,"",
"","100000007915502","NGC1","","",1.13,,"",
"","100000007915539","NGC1","","",0.4165,,"",
"","100000007915578","NGC1","","",0.267,,"",
"","100000007915670","NGC1","","",0.51,,"",
"","100000007915549","NGC1","","",0.21,,"",
"","100000007915624","NGC1","","",1.83,,"",
"","100000007915680","NGC1","","",0.37,,"",
"","100000007896874","NGC1","","",55.7,,"",
"","100000007896883","NGC1","","",55.7,,"",
"","100000007897402","NGC1","","",17.39,,"",
"","100000007897412","NGC1","","",12.55,,"",
"","100000007897823","NGC1","","",14.11,,"",
"","100000007990612","NSR1","","",7.45,,"",
"","100000008009452","NSR1","","",6.7738,,"",
"","100000008009628","NSR1","","",5.57,,"",
"","100000008008682","NSR1","","",12.863,,"",
"","100000008008877","NSR1","","",12.863,,"",
"","100000008009175","NSR1","","",20.6046,,"",
"","100000008009362","NSR1","","",14.161,,"",
"","100000008009629","NSR1","","",21.8022,,"",
"","100000008008326","NSR1","","",1.9354,,"",
"","100000007897793","NSR1","","",8.69,,"",
"","100000007897798","NSR1","","",8.69,,"",
"","100000007897801","NSR1","","",8.69,,"",
"","100000007897790","NSR1","","",8.69,,"",
"","100000007897795","NSR1","","",8.69,,"",
"","100000007897975","NSR1","","",8.69,,"",
"","100000008012486","NSR1","","",0.56,,"",
"","100000008012812","NSR1","","",0.9726,,"",
"","100000008013213","NSR1","","",0.7707,,"",
"","100000008013446","NSR1","","",2.1899,,"",
"","100000008013603","NSR1","","",1.14,,"",
"","100000008013545","NSR1","","",1.5452,,"",
"","100000008012505","NSR1","","",3.1,,"",
"","100000007991936","NSR1","","",9.47,,"",
"","100000007991563","NSR1","","",3.85,,"",
"","100000007991658","NSR1","","",3.8314,,"",
"","100000007991818","NSR1","","",9.47,,"",
"","100000007991910","NSR1","","",5.49,,"",
"","100000007991472","NSR1","","",7.36,,"",
"","100000007988744","NSR1","","",11.8,,"",
"","100000007988769","NSR1","","",19.3765,,"",
"","100000007989558","NSR1","","",10.1142,,"",
"","100000007913132","NGC1","","",26.55,,"",
"","100000007913717","NGC1","","",3.5,,"",
"","100000007904903","NGC1","","",3.39,,"",
"","100000007904669","NGC1","","",0.73,,"",
"","100000007904746","NGC1","","",1,,"",
"","100000007904796","NGC1","","",1.72,,"",
"","100000007904883","NGC1","","",11,,"",
"","100000007904718","NGC1","","",16.88,,"",
"","100000007904670","NGC1","","",27,,"",
"","100000007904719","NGC1","","",27.31,,"",
"","100000007904864","NGC1","","",6.88,,"",
"","100000008023040","NGC1","","",0.52,,"",
"","100000008023258","NGC1","","",0.89,,"",
"","100000007927186","B4U1","","",29.443,,"",
"","100000007928424","B4U1","","",23.99257143,,"",
"","100000007928481","B4U1","","",29.05971429,,"",
"","100000007928259","B4U1","","",49.51028571,,"",
"","100000007927988","B4U1","","",11.75571429,,"",
"","100000007928031","B4U1","","",25.64514286,,"",
"","100000007927682","B4U1","","",22.76485714,,"",
"","100000007953717","DTR1","","",0.1344,,"",
"","100000007953740","DTR1","","",0.2037,,"",
"","100000007953765","DTR1","","",0.1686,,"",
"","100000007953776","DTR1","","",0.1017,,"",
"","100000007953801","DTR1","","",0.2103,,"",
"","100000007953832","DTR1","","",0.2637,,"",
"","100000007953734","DTR1","","",0.3189,,"",
"","100000007954408","DTR1","","",0.09573,,"",
"","100000007954450","DTR1","","",0.04391,,"",
"","100000007954639","DTR1","","",0.08809,,"",
"","100000007954527","DTR1","","",0.11182,,"",
"","100000007955340","DTR1","","",0.19336,,"",
"","100000007955360","DTR1","","",0.23618,,"",
"","100000007954973","DTR1","","",0.123,,"",
"","100000007954996","DTR1","","",0.177,,"",
"","100000007955017","DTR1","","",0.13364,,"",
"","100000007955030","DTR1","","",0.12355,,"",
"","100000007954958","DTR1","","",0.21927,,"",
"","100000007955250","DTR1","","",0.05509,,"",
"","100000007957497","DTR1","","",0.19582,,"",
"","100000007928365","B4U1","","",16.52142857,,"",
"","100000007928004","B4U1","","",21.14314286,,"",
"","100000007927683","B4U1","","",9.528571429,,"",
"","100000007953357","DTR1","","",0.4065,,"",
"","100000007953445","DTR1","","",0.1215,,"",
"","100000007954499","DTR1","","",0.05973,,"",
"","100000007954541","DTR1","","",0.08645,,"",
"","100000007954586","DTR1","","",0.05155,,"",
"","100000007955386","DTR1","","",0.21082,,"",
"","100000007955297","DTR1","","",0.31391,,"",
"","100000007957470","DTR1","","",0.13255,,"",
"","100000007957523","DTR1","","",0.12218,,"",
"","100000007957084","DTR1","","",0.56236,,"",
"","100000007923983","CKJ1","","",8.32,,"",
"","100000007955944","DTR1","","",0.76391,,"",
"","100000007956403","DTR1","","",0.04364,,"",
"","100000007956395","DTR1","","",0.05891,,"",
"","100000007956777","DTR1","","",0.04636,,"",
"","100000007956812","DTR1","","",0.05018,,"",
"","100000007956711","DTR1","","",0.153,,"",
"","100000007956726","DTR1","","",0.06245,,"",
"","100000007953876","DTR1","","",0.47073,,"",
"","100000007957431","DTR1","","",0.15218,,"",
"","100000007957051","DTR1","","",0.14127,,"",
"","100000007957067","DTR1","","",0.16827,,"",
"","100000007957095","DTR1","","",0.177,,"",
"","100000007951843","DTR1","","",0.67064,,"",
"","100000007951859","DTR1","","",0.79745,,"",
"","100000007951880","DTR1","","",0.78764,,"",
"","100000007951818","DTR1","","",1.05055,,"",
"","100000007951832","DTR1","","",0.93982,,"",
"","100000007935375","DTR1","","",0.02073,,"",
"","100000007935239","DTR1","","",0.02536,,"",
"","100000007931959","DTR1","","",0.07909,,"",
"","100000007931983","DTR1","","",0.04691,,"",
"","100000007932250","DTR1","","",0.18136,,"",
"","100000007932268","DTR1","","",0.15927,,"",
"","100000307493596","B4U1","","",394.2,,"",
"","100000007927085","B4U1","","",291.6307143,,"",
"","100000007957373","DTR1","","",0.123,,"",
"","100000007957280","DTR1","","",0.11809,,"",
"","100000007957311","DTR1","","",0.12873,,"",
"","100000007957348","DTR1","","",0.14264,,"",
"","100000007953687","DTR1","","",0.3024,,"",
"","100000007953715","DTR1","","",1.1694,,"",
"","100000007953507","DTR1","","",1.779,,"",
"","100000007953532","DTR1","","",2.1429,,"",
"","100000007953467","DTR1","","",2.5404,,"",
"","100000007953482","DTR1","","",2.9763,,"",
"","100000007954142","DTR1","","",0.40282,,"",
"","100000007953981","DTR1","","",1.06636,,"",
"","100000007951851","DTR1","","",1.07209,,"",
"","100000007952099","DTR1","","",1.17955,,"",
"","100000007952123","DTR1","","",1.52264,,"",
"","100000007952031","DTR1","","",1.29464,,"",
"","100000007952044","DTR1","","",1.82291,,"",
"","100000007952066","DTR1","","",2.08827,,"",
"","100000007935267","DTR1","","",0.05891,,"",
"","100000007935287","DTR1","","",0.08755,,"",
"","100000007931976","DTR1","","",0.08018,,"",
"","100000007932694","DTR1","","",0.15355,,"",
"","100000007932601","DTR1","","",0.06136,,"",
"","100000007932576","DTR1","","",0.13745,,"",
"","100000007932292","DTR1","","",0.07718,,"",
"","100000007932334","DTR1","","",0.27055,,"",
"","100000007932308","DTR1","","",0.102,,"",
"","100000007932546","DTR1","","",0.09191,,"",
"","100000007932474","DTR1","","",0.03409,,"",
"","100000007932465","DTR1","","",0.06,,"",
"","100000007926662","B4U1","","",13.49471429,,"",
"","100000007957394","DTR1","","",0.15164,,"",
"","100000007957268","DTR1","","",0.16718,,"",
"","100000007957328","DTR1","","",0.15627,,"",
"","100000007953377","DTR1","","",3.0984,,"",
"","100000007953392","DTR1","","",3.1017,,"",
"","100000007953332","DTR1","","",3.8433,,"",
"","100000007953666","DTR1","","",0.2376,,"",
"","100000007953546","DTR1","","",3.0198,,"",
"","100000007953573","DTR1","","",3.7386,,"",
"","100000007953459","DTR1","","",3.7449,,"",
"","100000007953509","DTR1","","",4.6899,,"",
"","100000007954219","DTR1","","",0.66136,,"",
"","100000007954238","DTR1","","",0.53755,,"",
"","100000007954125","DTR1","","",3.39055,,"",
"","100000007953292","DTR1","","",6.46091,,"",
"","100000007952100","DTR1","","",3.495,,"",
"","100000007935301","DTR1","","",0.07282,,"",
"","100000007960723","CKJ1","","",2.08,,"",
"","100000007960913","CKJ1","","",3.74,,"",
"","100000007960724","CKJ1","","",3.74,,"",
"","100000007963420","CKJ1","","",1.55,,"",
"","100000007963302","CKJ1","","",3.78,,"",
"","100000007963344","CKJ1","","",6.64,,"",
"","100000007963138","CKJ1","","",1.28,,"",
"","100000007963195","CKJ1","","",2.28,,"",
"","100000007963237","CKJ1","","",3.24,,"",
"","100000007932653","DTR1","","",0.07964,,"",
"","100000007988768","CKJ1","","",8.93,,"",
"","100000007988743","CKJ1","","",13.58,,"",
"","100000007988790","CKJ1","","",19.09,,"",
"","100000007988982","CKJ1","","",14.24,,"",
"","100000007989029","CKJ1","","",6.07,,"",
"","100000007988916","CKJ1","","",21.55,,"",
"","100000008023318","CKJ1","","",2.0745,,"",
"","100000008021533","CKJ1","","",2.0745,,"",
"","100000007932442","DTR1","","",0.09955,,"",
"","100000007925415","B4U1","","",8.213428571,,"",
"","100000007925434","B4U1","","",8.102428571,,"",
"","100000007925443","B4U1","","",9.855428571,,"",
"","100000007925460","B4U1","","",16.35714286,,"",
"","100000007925366","B4U1","","",9.700142857,,"",
"","100000007925373","B4U1","","",22.36485714,,"",
"","100000007926878","B4U1","","",13.5,,"",
"","100000007925719","B4U1","","",17.54771429,,"",
"","100000007952117","DTR1","","",0.38755,,"",
"","100000007953351","DTR1","","",4.5432,,"",
"","100000007953443","DTR1","","",5.3211,,"",
"","100000007951907","DTR1","","",0.35536,,"",
"","100000007951927","DTR1","","",0.36436,,"",
"","100000007951941","DTR1","","",0.44291,,"",
"","100000007953695","DTR1","","",0.3051,,"",
"","100000007953711","DTR1","","",0.273,,"",
"","100000007953597","DTR1","","",0.195,,"",
"","100000007953620","DTR1","","",0.3822,,"",
"","100000007952790","DTR1","","",0.55173,,"",
"","100000007952685","DTR1","","",0.15491,,"",
"","100000007952708","DTR1","","",0.57655,,"",
"","100000007952758","DTR1","","",0.72873,,"",
"","100000007952338","DTR1","","",0.50836,,"",
"","100000007952351","DTR1","","",0.43582,,"",
"","100000007952373","DTR1","","",0.47782,,"",
"","100000007952325","DTR1","","",0.543,,"",
"","100000007953325","DTR1","","",1.04073,,"",
"","100000007953160","DTR1","","",1.1535,,"",
"","100000007953178","DTR1","","",1.5381,,"",
"","100000007953209","DTR1","","",1.7586,,"",
"","100000007970006","CKJ1","","",20.81,,"",
"","100000007980108","CKJ1","","",34.9,,"",
"","100000007979166","CKJ1","","",4.32,,"",
"","100000007979218","CKJ1","","",4.33,,"",
"","100000007979336","CKJ1","","",6.56,,"",
"","100000007979385","CKJ1","","",6.23,,"",
"","100000007983665","CKJ1","","",10.4515,,"",
"","100000007985233","CKJ1","","",7.09,,"",
"","100000007986517","CKJ1","","",10.19,,"",
"","100000007988983","CKJ1","","",8.78,,"",
"","100000007988769","CKJ1","","",18.21,,"",
"","100000007989558","CKJ1","","",9.34,,"",
"","100000007989683","CKJ1","","",11.56,,"",
"","100000007989486","CKJ1","","",7.75,,"",
"","100000007993711","CKJ1","","",6.16,,"",
"","100000007993777","CKJ1","","",12.1,,"",
"","100000007993227","CKJ1","","",3.78,,"",
"","100000007993275","CKJ1","","",3.9,,"",
"","100000007994989","CKJ1","","",31.75,,"",
"","100000008021696","CKJ1","","",2.0745,,"",
"","100000008021987","CKJ1","","",2.0745,,"",
"","100000008038626","CKJ1","","",40.83,,"",
"","100000008036646","CKJ1","","",116.73,,"",
"","100000008033461","CKJ1","","",3.52,,"",
"","100000008035575","CKJ1","","",42.38,,"",
"","100000007896049","CKJ1","","",1.27,,"",
"","100000007895999","CKJ1","","",1.26,,"",
"","100000007897421","CKJ1","","",6.78,,"",
"","100000007904328","CKJ1","","",1.19,,"",
"","100000007920561","CKJ1","","",9.4,,"",
"","100000007920396","CKJ1","","",9.13,,"",
"","100000007923708","CKJ1","","",18.77,,"",
"","100000007923726","CKJ1","","",26.03,,"",
"","100000007923956","CKJ1","","",1.72,,"",
"","100000007923962","CKJ1","","",7.94,,"",
"","100000007923991","CKJ1","","",7.5,,"",
"","100000007924035","CKJ1","","",11.9,,"",
"","100000007925444","B4U1","","",28.22671429,,"",
"","100000007925374","B4U1","","",11.98342857,,"",
"","100000007925397","B4U1","","",12.373,,"",
"","100000007925758","B4U1","","",19.48228571,,"",
"","100000007925646","B4U1","","",30.84828571,,"",
"","100000007925721","B4U1","","",23.80028571,,"",
"","100000007952039","DTR1","","",8.27127,,"",
"","100000007952058","DTR1","","",1.80218,,"",
"","100000007952125","DTR1","","",1.73509,,"",
"","100000007952032","DTR1","","",2.42182,,"",
"","100000007951967","DTR1","","",0.45627,,"",
"","100000007951979","DTR1","","",0.41727,,"",
"","100000007952007","DTR1","","",0.55036,,"",
"","100000007951908","DTR1","","",0.66273,,"",
"","100000007951958","DTR1","","",0.16609,,"",
"","100000007952698","DTR1","","",1.23464,,"",
"","100000007952715","DTR1","","",9.72355,,"",
"","100000007952759","DTR1","","",0.93764,,"",
"","100000007952780","DTR1","","",1.15173,,"",
"","100000007952808","DTR1","","",0.99136,,"",
"","100000007952678","DTR1","","",1.18391,,"",
"","100000007952339","DTR1","","",0.82936,,"",
"","100000007952303","DTR1","","",1.04345,,"",
"","100000007952340","DTR1","","",1.30745,,"",
"","100000007952517","DTR1","","",22.737,,"",
"","100000007952863","DTR1","","",0.86564,,"",
"","100000007952925","DTR1","","",1.06118,,"",
"","100000007952828","DTR1","","",1.29655,,"",
"","100000007955543","DTR1","","",0.35018,,"",
"","100000007955432","DTR1","","",0.37936,,"",
"","100000007955521","DTR1","","",0.41182,,"",
"","100000007986594","CKJ1","","",8.92,,"",
"","100000007986652","CKJ1","","",10.94,,"",
"","100000007986622","CKJ1","","",2.17,,"",
"","100000008000761","CKJ1","","",6.27,,"",
"","100000008012564","CKJ1","","",0.6857,,"",
"","100000008012486","CKJ1","","",0.5367,,"",
"","100000008012753","CKJ1","","",2.83,,"",
"","100000008026038","CKJ1","","",5.36,,"",
"","100000008026304","CKJ1","","",5.38,,"",
"","100000007904462","CKJ1","","",0.3685,,"",
"","100000007908902","CKJ1","","",12,,"",
"","100000007915622","CKJ1","","",0.0285,,"",
"","100000007915663","CKJ1","","",0.0638,,"",
"","100000007915577","CKJ1","","",0.0666,,"",
"","100000007927409","B4U1","","",7.990857143,,"",
"","100000007927366","B4U1","","",9.180285714,,"",
"","100000007927438","B4U1","","",42.21257143,,"",
"","100000007925445","B4U1","","",13.93242857,,"",
"","100000007927979","B4U1","","",20.22142857,,"",
"","100000007927631","B4U1","","",10.97557143,,"",
"","100000007952046","DTR1","","",1.11655,,"",
"","100000007952082","DTR1","","",2.38418,,"",
"","100000007951980","DTR1","","",0.78573,,"",
"","100000007951997","DTR1","","",0.87709,,"",
"","100000007951899","DTR1","","",0.95645,,"",
"","100000007952699","DTR1","","",1.32136,,"",
"","100000007952727","DTR1","","",1.2,,"",
"","100000007952752","DTR1","","",1.72391,,"",
"","100000007954542","DTR1","","",0.12791,,"",
"","100000007954632","DTR1","","",0.20809,,"",
"","100000007952633","DTR1","","",10.11845,,"",
"","100000007955336","DTR1","","",0.3,,"",
"","100000007955361","DTR1","","",0.39055,,"",
"","100000007955286","DTR1","","",0.465,,"",
"","100000007955350","DTR1","","",0.16936,,"",
"","100000007955270","DTR1","","",0.111,,"",
"","100000007956351","DTR1","","",0.23045,,"",
"","100000007956065","DTR1","","",0.25009,,"",
"","100000007956137","DTR1","","",0.23918,,"",
"","100000007955564","DTR1","","",0.41755,,"",
"","100000007955532","DTR1","","",0.456,,"",
"","100000007955633","DTR1","","",0.54791,,"",
"","100000007955424","DTR1","","",0.64145,,"",
"","100000007955477","DTR1","","",0.69191,,"",
"","100000007955497","DTR1","","",0.747,,"",
"","100000007933229","DTR1","","",0.219,,"",
"","100000007949476","NAT1","","",23.3081,,"",
"","100000007949493","NAT1","","",24.9309,,"",
"","100000007949397","NAT1","","",26.2535,,"",
"","100000007949415","NAT1","","",25.7916,,"",
"","100000007949437","NAT1","","",43.7101,,"",
"","100000007922407","NAT1","","",1.624,,"",
"","100000007931836","NAT1","","",0.8885,,"",
"","100000007931858","NAT1","","",0.6531,,"",
"","100000007927777","NAT1","","",5.0073,,"",
"","100000007927559","NAT1","","",2.8586,,"",
"","100000007927789","NAT1","","",6.0393,,"",
"","100000007927810","NAT1","","",5.7955,,"",
"","100000007918121","NAT1","","",0.1151,,"",
"","100000007918106","NAT1","","",0.2706,,"",
"","100000007918129","NAT1","","",0.3711,,"",
"","100000007926094","NAT1","","",0.325,,"",
"","100000007925981","NAT1","","",0.6597,,"",
"","100000007926046","NAT1","","",0.5791,,"",
"","100000007926085","NAT1","","",0.6043,,"",
"","100000007927492","NAT1","","",1.0448,,"",
"","100000007929978","NAT1","","",0.7274,,"",
"","100000007917169","NAT1","","",0.5414,,"",
"","100000007950795","NAT1","","",11.8208,,"",
"","100000007950846","NAT1","","",14.0063,,"",
"","100000007941647","NAT1","","",24.5765,,"",
"","100000007941590","NAT1","","",24.1109,,"",
"","100000007941655","NAT1","","",28.7039,,"",
"","100000007949727","NAT1","","",8.4044,,"",
"","100000007949632","NAT1","","",1.8215,,"",
"","100000007949646","NAT1","","",2.7761,,"",
"","100000007922309","NAT1","","",0.281,,"",
"","100000007922348","NAT1","","",0.3545,,"",
"","100000007931850","NAT1","","",0.6494,,"",
"","100000007931866","NAT1","","",0.6421,,"",
"","100000007933552","NAT1","","",0.2295,,"",
"","100000007921292","NAT1","","",3.1265,,"",
"","100000007919746","NAT1","","",0.2149,,"",
"","100000007927732","NAT1","","",6.0715,,"",
"","100000007927724","NAT1","","",6.6322,,"",
"","100000007927744","NAT1","","",6.5414,,"",
"","100000007927759","NAT1","","",7.0586,,"",
"","100000007927792","NAT1","","",8.8689,,"",
"","100000007927813","NAT1","","",9.2997,,"",
"","100000007927733","NAT1","","",6.0519,,"",
"","100000007927745","NAT1","","",6.0519,,"",
"","100000007918402","NAT1","","",0.5165,,"",
"","100000007918322","NAT1","","",0.2316,,"",
"","100000007918374","NAT1","","",0.1118,,"",
"","100000007927542","NAT1","","",2.2118,,"",
"","100000007927599","NAT1","","",0.7752,,"",
"","100000007927466","NAT1","","",2.1072,,"",
"","100000007917155","NAT1","","",0.2841,,"",
"","100000007917245","NAT1","","",1.1026,,"",
"","100000007917260","NAT1","","",1.2946,,"",
"","100000007917209","NAT1","","",1.4745,,"",
"","100000007952530","NAT1","","",56.0235,,"",
"","100000007952409","NAT1","","",37.9867,,"",
"","100000007952446","NAT1","","",6.8128,,"",
"","100000007952492","NAT1","","",20.8425,,"",
"","100000007952511","NAT1","","",5.2561,,"",
"","100000007952427","NAT1","","",20.5381,,"",
"","100000007941593","NAT1","","",32.292,,"",
"","100000007941557","NAT1","","",32.5178,,"",
"","100000007949669","NAT1","","",15.2947,,"",
"","100000007949684","NAT1","","",10.7227,,"",
"","100000007949707","NAT1","","",3.7055,,"",
"","100000007949720","NAT1","","",4.2964,,"",
"","100000007923500","NAT1","","",2.1877,,"",
"","100000007923517","NAT1","","",2.38,,"",
"","100000007923394","NAT1","","",3.5158,,"",
"","100000007921166","NAT1","","",8.134,,"",
"","100000007932048","NAT1","","",0.5173,,"",
"","100000007932067","NAT1","","",0.4868,,"",
"","100000007932083","NAT1","","",0.4943,,"",
"","100000007919836","NAT1","","",0.1262,,"",
"","100000007919870","NAT1","","",0.1175,,"",
"","100000007919894","NAT1","","",0.0858,,"",
"","100000007920762","NAT1","","",0.1864,,"",
"","100000007920815","NAT1","","",0.1001,,"",
"","100000007920834","NAT1","","",0.0862,,"",
"","100000007920728","NAT1","","",0.4147,,"",
"","100000007920748","NAT1","","",0.2178,,"",
"","100000007927752","NAT1","","",6.1163,,"",
"","100000007927764","NAT1","","",6.4394,,"",
"","100000007927771","NAT1","","",6.4791,,"",
"","100000007927784","NAT1","","",6.9795,,"",
"","100000007927799","NAT1","","",6.899,,"",
"","100000007927805","NAT1","","",7.3026,,"",
"","100000007927820","NAT1","","",7.3026,,"",
"","100000007927496","NAT1","","",1.7807,,"",
"","100000007927187","NAT1","","",1.918,,"",
"","100000007917246","NAT1","","",0.6651,,"",
"","100000007951682","NAT1","","",18.6812,,"",
"","100000007951721","NAT1","","",34.2852,,"",
"","100000007951675","NAT1","","",64.3065,,"",
"","100000007941581","NAT1","","",28.8271,,"",
"","100000007949633","NAT1","","",14.6051,,"",
"","100000007949656","NAT1","","",4.1138,,"",
"","100000007949670","NAT1","","",5.062,,"",
"","100000007949692","NAT1","","",2.2633,,"",
"","100000007939404","NAT1","","",3.9454,,"",
"","100000007939443","NAT1","","",3.9754,,"",
"","100000007933903","NAT1","","",0.3617,,"",
"","100000007933936","NAT1","","",0.3264,,"",
"","100000007933957","NAT1","","",0.5301,,"",
"","100000007933969","NAT1","","",0.362,,"",
"","100000007933883","NAT1","","",0.4072,,"",
"","100000007933877","NAT1","","",0.3748,,"",
"","100000007933893","NAT1","","",0.2473,,"",
"","100000007923455","NAT1","","",1.2636,,"",
"","100000007923376","NAT1","","",2.1693,,"",
"","100000007923286","NAT1","","",1.7106,,"",
"","100000007933233","NAT1","","",1.1517,,"",
"","100000007928635","NAT1","","",1.6765,,"",
"","100000007922328","NAT1","","",1.3914,,"",
"","100000007932104","NAT1","","",0.773,,"",
"","100000007932077","NAT1","","",0.489,,"",
"","100000007932100","NAT1","","",0.3954,,"",
"","100000007932002","NAT1","","",0.3819,,"",
"","100000007932034","NAT1","","",0.4964,,"",
"","100000007920764","NAT1","","",0.1037,,"",
"","100000007921223","NAT1","","",9.7439,,"",
"","100000007920725","NAT1","","",2.4946,,"",
"","100000007927128","NAT1","","",1.7313,,"",
"","100000007927725","NAT1","","",8.7553,,"",
"","100000007927734","NAT1","","",8.7553,,"",
"","100000007928535","NAT1","","",9.1432,,"",
"","100000007928545","NAT1","","",9.1186,,"",
"","100000007928583","NAT1","","",7.2786,,"",
"","100000007928599","NAT1","","",7.6439,,"",
"","100000007918360","NAT1","","",1.8551,,"",
"","100000007953224","NAT1","","",37.7008,,"",
"","100000007941153","NAT1","","",42.3937,,"",
"","100000007941192","NAT1","","",28.2121,,"",
"","100000007941216","NAT1","","",46.8947,,"",
"","100000007949708","NAT1","","",5.8073,,"",
"","100000007949741","NAT1","","",6.7523,,"",
"","100000007939358","NAT1","","",32.0262,,"",
"","100000007939383","NAT1","","",32.0262,,"",
"","100000007939405","NAT1","","",41.9158,,"",
"","100000007939468","NAT1","","",12.2667,,"",
"","100000007949647","NAT1","","",9.188,,"",
"","100000007949662","NAT1","","",10.0278,,"",
"","100000007949685","NAT1","","",11.2952,,"",
"","100000007949698","NAT1","","",165.0386,,"",
"","100000007949721","NAT1","","",169.9536,,"",
"","100000007924335","NAT1","","",0.8922,,"",
"","100000007928658","NAT1","","",0.8553,,"",
"","100000007928706","NAT1","","",1.7118,,"",
"","100000007928733","NAT1","","",2.0553,,"",
"","100000007928777","NAT1","","",0.7749,,"",
"","100000007928707","NAT1","","",2.0653,,"",
"","100000007922406","NAT1","","",1.274,,"",
"","100000007922226","NAT1","","",0.3636,,"",
"","100000007922238","NAT1","","",1.3896,,"",
"","100000007922261","NAT1","","",0.8625,,"",
"","100000007922182","NAT1","","",0.2567,,"",
"","100000007931956","NAT1","","",0.2993,,"",
"","100000007931973","NAT1","","",0.3359,,"",
"","100000007931928","NAT1","","",0.5252,,"",
"","100000007931940","NAT1","","",0.2136,,"",
"","100000007920759","NAT1","","",2.6907,,"",
"","100000007920804","NAT1","","",2.7215,,"",
"","100000007920796","NAT1","","",2.6987,,"",
"","100000007928560","NAT1","","",7.3502,,"",
"","100000007928574","NAT1","","",7.6511,,"",
"","100000007918412","NAT1","","",1.4863,,"",
"","100000007944315","NAT1","","",313.0611,,"",
"","100000007953265","NAT1","","",20.8862,,"",
"","100000007953282","NAT1","","",14.4092,,"",
"","100000007952860","NAT1","","",24.5508,,"",
"","100000007941139","NAT1","","",402.4871,,"",
"","100000007951747","NAT1","","",11.8953,,"",
"","100000007951759","NAT1","","",12.6132,,"",
"","100000007951698","NAT1","","",14.2694,,"",
"","100000007939376","NAT1","","",4.6357,,"",
"","100000007941176","NAT1","","",70.3864,,"",
"","100000007941202","NAT1","","",73.4167,,"",
"","100000007949639","NAT1","","",364.3175,,"",
"","100000007949657","NAT1","","",14.6616,,"",
"","100000007949676","NAT1","","",3.089,,"",
"","100000007949693","NAT1","","",15.1196,,"",
"","100000007950546","NAT1","","",1.9249,,"",
"","100000007924423","NAT1","","",0.8971,,"",
"","100000007924346","NAT1","","",0.7527,,"",
"","100000007928969","NAT1","","",1.9083,,"",
"","100000007928982","NAT1","","",1.9804,,"",
"","100000007928986","NAT1","","",1.8219,,"",
"","100000007923273","NAT1","","",0.6476,,"",
"","100000007923295","NAT1","","",1.0422,,"",
"","100000007933212","NAT1","","",0.9631,,"",
"","100000007933227","NAT1","","",0.8993,,"",
"","100000007921059","NAT1","","",40.6733,,"",
"","100000007931964","NAT1","","",0.3473,,"",
"","100000007931978","NAT1","","",1.7093,,"",
"","100000007931884","NAT1","","",0.5426,,"",
"","100000007931920","NAT1","","",0.4756,,"",
"","100000007931942","NAT1","","",0.4556,,"",
"","100000007931958","NAT1","","",0.5047,,"",
"","100000007931994","NAT1","","",0.7233,,"",
"","100000007931901","NAT1","","",0.4356,,"",
"","100000007931915","NAT1","","",0.5494,,"",
"","100000007920830","NAT1","","",2.7819,,"",
"","100000007920746","NAT1","","",2.9044,,"",
"","100000007953221","NAT1","","",207.6021,,"",
"","100000007953236","NAT1","","",1.2453,,"",
"","100000007944206","NAT1","","",32.6418,,"",
"","100000007952877","NAT1","","",13.6809,,"",
"","100000007941217","NAT1","","",69.8738,,"",
"","100000007941208","NAT1","","",12.3552,,"",
"","100000007941234","NAT1","","",10.0413,,"",
"","100000007950561","NAT1","","",9.8497,,"",
"","100000007950588","NAT1","","",6.5766,,"",
"","100000007925592","NAT1","","",2.1039,,"",
"","100000007929001","NAT1","","",1.7655,,"",
"","100000007930130","NAT1","","",1.1898,,"",
"","100000007930163","NAT1","","",12.1596,,"",
"","100000007930060","NAT1","","",7.4639,,"",
"","100000007930069","NAT1","","",9.47,,"",
"","100000007923287","NAT1","","",1.6308,,"",
"","100000007923304","NAT1","","",1.4407,,"",
"","100000007933228","NAT1","","",0.5601,,"",
"","100000007933248","NAT1","","",0.5811,,"",
"","100000007929019","NAT1","","",1.8112,,"",
"","100000007929033","NAT1","","",1.9723,,"",
"","100000007928946","NAT1","","",1.905,,"",
"","100000007928961","NAT1","","",1.8396,,"",
"","100000007922245","NAT1","","",0.4832,,"",
"","100000007922202","NAT1","","",0.8031,,"",
"","100000007922223","NAT1","","",0.3767,,"",
"","100000007922236","NAT1","","",0.9829,,"",
"","100000007931936","NAT1","","",0.5204,,"",
"","100000007931893","NAT1","","",0.3103,,"",
"","100000007931909","NAT1","","",0.4197,,"",
"","100000007920753","NAT1","","",2.939,,"",
"","100000007921093","NAT1","","",26.6916,,"",
"","100000007920797","NAT1","","",3.0948,,"",
"","100000007920831","NAT1","","",3.1039,,"",
"","100000007956852","NAT1","","",3.4563,,"",
"","100000007956880","NAT1","","",3.7538,,"",
"","100000007956950","NAT1","","",4.3413,,"",
"","100000007956973","NAT1","","",4.6995,,"",
"","100000007956912","NAT1","","",6.4737,,"",
"","100000007954742","NAT1","","",140.3613,,"",
"","100000007954749","NAT1","","",91.7042,,"",
"","100000007954656","NAT1","","",291.7263,,"",
"","100000007941151","NAT1","","",19.2882,,"",
"","100000007925552","NAT1","","",0.1976,,"",
"","100000007930086","NAT1","","",7.7375,,"",
"","100000007930112","NAT1","","",7.3993,,"",
"","100000007930127","NAT1","","",7.421,,"",
"","100000007930154","NAT1","","",8.0648,,"",
"","100000007930170","NAT1","","",8.0648,,"",
"","100000007923294","NAT1","","",1.7563,,"",
"","100000007923310","NAT1","","",2.3722,,"",
"","100000007928980","NAT1","","",2.4324,,"",
"","100000007928995","NAT1","","",2.3746,,"",
"","100000007929013","NAT1","","",2.6036,,"",
"","100000007929025","NAT1","","",1.4092,,"",
"","100000007928940","NAT1","","",2.4875,,"",
"","100000007928971","NAT1","","",1.8897,,"",
"","100000007922183","NAT1","","",0.374,,"",
"","100000007922197","NAT1","","",1.7355,,"",
"","100000007922216","NAT1","","",0.7673,,"",
"","100000007922230","NAT1","","",0.7271,,"",
"","100000007921119","NAT1","","",42.7412,,"",
"","100000007931921","NAT1","","",0.4724,,"",
"","100000007931986","NAT1","","",0.4878,,"",
"","100000007920730","NAT1","","",2.8258,,"",
"","100000007956938","NAT1","","",9.6747,,"",
"","100000007956779","NAT1","","",4.1828,,"",
"","100000007956795","NAT1","","",6.6328,,"",
"","100000007956687","NAT1","","",4.2031,,"",
"","100000007944043","NAT1","","",12.2906,,"",
"","100000007944045","NAT1","","",15.6027,,"",
"","100000007954665","NAT1","","",356.0282,,"",
"","100000007939105","NAT1","","",65.2433,,"",
"","100000007947192","NAT1","","",352.0001,,"",
"","100000007947244","NAT1","","",390.7121,,"",
"","100000007947294","NAT1","","",89.1822,,"",
"","100000007947321","NAT1","","",43.6707,,"",
"","100000007947180","NAT1","","",38.9401,,"",
"","100000007947212","NAT1","","",526.0992,,"",
"","100000007935304","NAT1","","",10.0724,,"",
"","100000007947263","NAT1","","",57.581,,"",
"","100000007956601","NAT1","","",9.1217,,"",
"","100000007944799","NAT1","","",2.286,,"",
"","100000007944831","NAT1","","",16.4961,,"",
"","100000007944844","NAT1","","",4.6252,,"",
"","100000007955312","NAT1","","",1.7978,,"",
"","100000007955329","NAT1","","",1.7059,,"",
"","100000007944755","NAT1","","",2.6165,,"",
"","100000007944806","NAT1","","",6.751,,"",
"","100000007944819","NAT1","","",3.016,,"",
"","100000007940040","NAT1","","",86.3076,,"",
"","100000007940071","NAT1","","",85.4356,,"",
"","100000007940093","NAT1","","",91.9355,,"",
"","100000007939960","NAT1","","",104.5442,,"",
"","100000007939983","NAT1","","",105.9912,,"",
"","100000007940011","NAT1","","",113.5578,,"",
"","100000007940031","NAT1","","",129.8161,,"",
"","100000007940061","NAT1","","",131.6987,,"",
"","100000007940081","NAT1","","",221.8958,,"",
"","100000007941040","NAT1","","",253.5082,,"",
"","100000007934399","NAT1","","",0.3095,,"",
"","100000007934244","NAT1","","",0.5195,,"",
"","100000007934215","NAT1","","",0.9742,,"",
"","100000007949486","NAT1","","",3.7205,,"",
"","100000007949407","NAT1","","",3.4674,,"",
"","100000007949464","NAT1","","",4.235,,"",
"","100000007949477","NAT1","","",4.266,,"",
"","100000007949386","NAT1","","",5.2072,,"",
"","100000007949411","NAT1","","",8.5852,,"",
"","100000007947226","NAT1","","",67.8807,,"",
"","100000007947255","NAT1","","",103.9275,,"",
"","100000007957487","NAT1","","",12.6296,,"",
"","100000007957501","NAT1","","",14.8747,,"",
"","100000007941099","NAT1","","",413.8926,,"",
"","100000007940933","NAT1","","",13.0266,,"",
"","100000007943655","NAT1","","",198.1033,,"",
"","100000007937693","NAT1","","",1.8858,,"",
"","100000007949446","NAT1","","",7.0432,,"",
"","100000007949469","NAT1","","",8.3552,,"",
"","100000007949480","NAT1","","",8.5929,,"",
"","100000007949390","NAT1","","",8.5134,,"",
"","100000007949404","NAT1","","",12.2466,,"",
"","100000007949396","NAT1","","",13.8319,,"",
"","100000007949457","NAT1","","",34.6396,,"",
"","100000007949392","NAT1","","",71.2824,,"",
"","100000007957438","NAT1","","",6.7912,,"",
"","100000007957478","NAT1","","",17.2722,,"",
"","100000007957494","NAT1","","",16.7324,,"",
"","100000007957506","NAT1","","",27.9484,,"",
"","100000007956982","NAT1","","",5.8164,,"",
"","100000007946503","NAT1","","",476.1337,,"",
"","100000007946542","NAT1","","",227.4672,,"",
"","100000007946582","NAT1","","",110.6759,,"",
"","100000007953652","NAT1","","",2.8554,,"",
"","100000007939106","NAT1","","",101.7881,,"",
"","100000007937669","NAT1","","",0.5222,,"",
"","100000007933927","NAT1","","",0.2684,,"",
"","100000007933959","NAT1","","",0.2702,,"",
"","100000007933886","NAT1","","",0.2563,,"",
"","100000007933898","NAT1","","",0.3365,,"",
"","100000007933917","NAT1","","",0.3233,,"",
"","100000007936852","NAT1","","",2.3942,,"",
"","100000007936850","NAT1","","",1.2865,,"",
"","100000007949414","NAT1","","",49.0704,,"",
"","100000007949449","NAT1","","",18.1572,,"",
"","100000007948936","NAT1","","",9.5151,,"",
"","100000007948959","NAT1","","",25.6372,,"",
"","100000007936693","NAT1","","",1.7108,,"",
"","100000007957010","NAT1","","",5.8273,,"",
"","100000007957028","NAT1","","",6.7521,,"",
"","100000007957057","NAT1","","",5.2073,,"",
"","100000007957076","NAT1","","",4.8582,,"",
"","100000007946079","NAT1","","",171.1103,,"",
"","100000007946155","NAT1","","",128.347,,"",
"","100000007957101","NAT1","","",7.2606,,"",
"","100000007956994","NAT1","","",7.8551,,"",
"","100000007957011","NAT1","","",9.1365,,"",
"","100000007957035","NAT1","","",8.5132,,"",
"","100000007957058","NAT1","","",11.3742,,"",
"","100000007957083","NAT1","","",12.5099,,"",
"","100000007953657","NAT1","","",26.8521,,"",
"","100000007943370","NAT1","","",9.7152,,"",
"","100000007943401","NAT1","","",3.6073,,"",
"","100000007943420","NAT1","","",6.4694,,"",
"","100000007941739","NAT1","","",16.3398,,"",
"","100000007941805","NAT1","","",4.5769,,"",
"","100000007939395","NAT1","","",4.6963,,"",
"","100000007939452","NAT1","","",7.4914,,"",
"","100000007933753","NAT1","","",0.2324,,"",
"","100000007933771","NAT1","","",0.2329,,"",
"","100000007933798","NAT1","","",0.2309,,"",
"","100000007933817","NAT1","","",0.2745,,"",
"","100000007933844","NAT1","","",0.3995,,"",
"","100000007933861","NAT1","","",0.3115,,"",
"","100000007948910","NAT1","","",52.3901,,"",
"","100000007948984","NAT1","","",13.1667,,"",
"","100000007948890","NAT1","","",9.6919,,"",
"","100000007948907","NAT1","","",42.8198,,"",
"","100000007948933","NAT1","","",27.5708,,"",
"","100000007948948","NAT1","","",11.5994,,"",
"","100000007948974","NAT1","","",9.8765,,"",
"","100000007948991","NAT1","","",56.0806,,"",
"","100000007936054","NAT1","","",12.538,,"",
"","100000007957102","NAT1","","",11.9267,,"",
"","100000007956983","NAT1","","",13.638,,"",
"","100000007957003","NAT1","","",26.2993,,"",
"","100000007957029","NAT1","","",21.4337,,"",
"","100000007957050","NAT1","","",27.676,,"",
"","100000007957077","NAT1","","",9.0704,,"",
"","100000007957093","NAT1","","",8.809,,"",
"","100000007956974","NAT1","","",9.6266,,"",
"","100000007956995","NAT1","","",10.2113,,"",
"","100000007957375","NAT1","","",13.3865,,"",
"","100000007953653","NAT1","","",2.0068,,"",
"","100000007953693","NAT1","","",4.8493,,"",
"","100000007953581","NAT1","","",2.2435,,"",
"","100000007941713","NAT1","","",10.6179,,"",
"","100000007942074","NAT1","","",3.4714,,"",
"","100000007950604","NAT1","","",2.6569,,"",
"","100000007950630","NAT1","","",1.8024,,"",
"","100000007950531","NAT1","","",13.2543,,"",
"","100000007950555","NAT1","","",3.7472,,"",
"","100000007934510","NAT1","","",0.6228,,"",
"","100000007934537","NAT1","","",0.4528,,"",
"","100000007949021","NAT1","","",15.5798,,"",
"","100000007948899","NAT1","","",9.8083,,"",
"","100000007948926","NAT1","","",22.8332,,"",
"","100000007948985","NAT1","","",281.9604,,"",
"","100000007949013","NAT1","","",4.0578,,"",
"","100000007948891","NAT1","","",4.3743,,"",
"","100000007948919","NAT1","","",4.8351,,"",
"","100000007948934","NAT1","","",5.3825,,"",
"","100000007947451","NAT1","","",80.2868,,"",
"","100000007947358","NAT1","","",42.7019,,"",
"","100000007957271","NAT1","","",20.3955,,"",
"","100000007957303","NAT1","","",13.3854,,"",
"","100000007957322","NAT1","","",17.7462,,"",
"","100000007957345","NAT1","","",22.2704,,"",
"","100000007946056","NAT1","","",14.3305,,"",
"","100000007957352","NAT1","","",30.1107,,"",
"","100000007957376","NAT1","","",9.7961,,"",
"","100000007953867","NAT1","","",8.875,,"",
"","100000007942000","NAT1","","",9.9154,,"",
"","100000007942020","NAT1","","",6.9308,,"",
"","100000007941483","NAT1","","",8.4652,,"",
"","100000007941491","NAT1","","",8.9332,,"",
"","100000007941435","NAT1","","",16.9932,,"",
"","100000007950573","NAT1","","",2.0599,,"",
"","100000007950598","NAT1","","",5.2271,,"",
"","100000007950612","NAT1","","",2.455,,"",
"","100000007950575","NAT1","","",19.8437,,"",
"","100000007934577","NAT1","","",0.4515,,"",
"","100000007934524","NAT1","","",0.2739,,"",
"","100000007934544","NAT1","","",0.2217,,"",
"","100000007934578","NAT1","","",0.2268,,"",
"","100000007950614","NAT1","","",4.4656,,"",
"","100000007948958","NAT1","","",7.0129,,"",
"","100000007948927","NAT1","","",24.8202,,"",
"","100000007948949","NAT1","","",127.8211,,"",
"","100000007934483","NAT1","","",0.2834,,"",
"","100000007934501","NAT1","","",0.239,,"",
"","100000007948992","NAT1","","",34.6448,,"",
"","100000007949014","NAT1","","",134.2427,,"",
"","100000007946083","NAT1","","",19.7819,,"",
"","100000007946084","NAT1","","",13.4051,,"",
"","100000007946112","NAT1","","",18.3147,,"",
"","100000007946131","NAT1","","",14.2339,,"",
"","100000007957405","NAT1","","",16.0505,,"",
"","100000007957334","NAT1","","",8.3567,,"",
"","100000007957366","NAT1","","",10.393,,"",
"","100000007957395","NAT1","","",13.9253,,"",
"","100000007957270","NAT1","","",43.3767,,"",
"","100000007957301","NAT1","","",14.6239,,"",
"","100000007957321","NAT1","","",17.4216,,"",
"","100000007957350","NAT1","","",24.8394,,"",
"","100000007957374","NAT1","","",11.2282,,"",
"","100000007957396","NAT1","","",16.0902,,"",
"","100000007953958","NAT1","","",5.8382,,"",
"","100000007954145","NAT1","","",16.5424,,"",
"","100000007954231","NAT1","","",7.4994,,"",
"","100000007941445","NAT1","","",10.6826,,"",
"","100000007941461","NAT1","","",12.0827,,"",
"","100000007941468","NAT1","","",14.6332,,"",
"","100000007941500","NAT1","","",11.1146,,"",
"","100000007941548","NAT1","","",13.009,,"",
"","100000007950524","NAT1","","",5.7662,,"",
"","100000007950565","NAT1","","",9.0817,,"",
"","100000007950553","NAT1","","",222.6784,,"",
"","100000007934489","NAT1","","",0.2569,,"",
"","100000007934517","NAT1","","",0.3409,,"",
"","100000007934535","NAT1","","",0.2275,,"",
"","100000007934548","NAT1","","",0.2626,,"",
"","100000007937489","NAT1","","",3.0483,,"",
"","100000007957281","NAT1","","",25.2377,,"",
"","100000007957302","NAT1","","",8.6943,,"",
"","100000007957329","NAT1","","",14.5638,,"",
"","100000007957344","NAT1","","",12.2375,,"",
"","100000007957273","NAT1","","",23.3661,,"",
"","100000007946400","NAT1","","",124.1799,,"",
"","100000007958058","NAT1","","",14.4938,,"",
"","100000007957955","NAT1","","",20.9654,,"",
"","100000007957974","NAT1","","",16.9469,,"",
"","100000007945438","NAT1","","",7.0413,,"",
"","100000007955174","NAT1","","",4.7401,,"",
"","100000007921041","FHS1","","",12.1851,,"",
"","100000007921082","FHS1","","",0.44,,"",
"","100000007921113","FHS1","","",16.4902,,"",
"","100000007920703","FHS1","","",9,,"",
"","100000007920600","FHS1","","",26.6604,,"",
"","100000007920673","FHS1","","",173.463,,"",
"","100000007920612","FHS1","","",26.6038,,"",
"","100000007919476","FHS1","","",15.3372,,"",
"","100000307474605","FHS1","","",19.3415,,"",
"","100000307474605","FHS1","","",21.49,,"",
"","100000007919995","FHS1","","",4.664,,"",
"","100000007920054","FHS1","","",3.7666,,"",
"","100000007919102","FHS1","","",7.314,,"",
"","100000007919020","FHS1","","",3.8208,,"",
"","100000007918916","FHS1","","",3.8208,,"",
"","100000007920898","FHS1","","",8.0943,,"",
"","100000007920917","FHS1","","",7.1634,,"",
"","100000007976175","FOS1","","",0.118560058,,"",
"","100000007976208","FOS1","","",0.204190423,,"",
"","100000007976006","FOS1","","",0.090740389,,"",
"","100000007976114","FOS1","","",0.144757312,,"",
"","100000007976612","FOS1","","",0.032948,,"",
"","100000007976292","FOS1","","",0.038335985,,"",
"","100000007976377","FOS1","","",0.030381329,,"",
"","100000007976521","FOS1","","",0.06529458,,"",
"","100000007976326","FOS1","","",0.103051869,,"",
"","100000007976474","FOS1","","",0.065345796,,"",
"","100000007976586","FOS1","","",0.05227352,,"",
"","100000007976273","FOS1","","",0.052311764,,"",
"","100000007978757","FOS1","","",0.903997064,,"",
"","100000007978891","FOS1","","",0.317052387,,"",
"","100000007982109","FOS1","","",0.167710627,,"",
"","100000007982170","FOS1","","",0.20952168,,"",
"","100000007981773","FOS1","","",0.187702032,,"",
"","100000007981930","FOS1","","",0.1238835,,"",
"","100000007970195","FOS1","","",0.046986844,,"",
"","100000007919216","FHS1","","",5.3068,,"",
"","100000007918725","FHS1","","",13.7657,,"",
"","100000007922000","FHS1","","",202.8302,,"",
"","100000007922024","FHS1","","",130.1887,,"",
"","100000007922537","FHS1","","",2.3508,,"",
"","100000007920677","FHS1","","",16.9002,,"",
"","100000007920702","FHS1","","",9.5798,,"",
"","100000007920609","FHS1","","",10.7825,,"",
"","100000007920615","FHS1","","",10.7976,,"",
"","100000007919939","FHS1","","",5.6698,,"",
"","100000007919958","FHS1","","",6.3396,,"",
"","100000007919985","FHS1","","",19.0674,,"",
"","100000007920003","FHS1","","",3.5868,,"",
"","100000007920045","FHS1","","",7.6189,,"",
"","100000007919044","FHS1","","",2.6443,,"",
"","100000007919108","FHS1","","",41.3396,,"",
"","100000007920028","FHS1","","",13.0562,,"",
"","100000007920060","FHS1","","",7.4895,,"",
"","100000007919435","FHS1","","",12.2911,,"",
"","100000007919351","FHS1","","",47.0377,,"",
"","100000007919360","FHS1","","",47.0377,,"",
"","100000007919384","FHS1","","",2.6211,,"",
"","100000007976448","FOS1","","",0.100759295,,"",
"","100000007981118","FOS1","","",0.20289208,,"",
"","100000007981240","FOS1","","",0.204224928,,"",
"","100000007981312","FOS1","","",0.248815508,,"",
"","100000007980953","FOS1","","",0.203319573,,"",
"","100000007980924","FOS1","","",0.268313258,,"",
"","100000007980584","FOS1","","",0.299825017,,"",
"","100000007980731","FOS1","","",0.253852781,,"",
"","100000007980585","FOS1","","",0.211887445,,"",
"","100000007980960","FOS1","","",0.12473737,,"",
"","100000007981012","FOS1","","",0.108035886,,"",
"","100000007981089","FOS1","","",0.148675814,,"",
"","100000007981206","FOS1","","",0.202338763,,"",
"","100000007981229","FOS1","","",0.1165983,,"",
"","100000007981995","FOS1","","",0.118621778,,"",
"","100000007981742","FOS1","","",0.141164546,,"",
"","100000007982055","FOS1","","",0.141634616,,"",
"","100000007982578","FOS1","","",0.508971593,,"",
"","100000007970409","FOS1","","",0.03779776,,"",
"","100000007970481","FOS1","","",0.063841664,,"",
"","100000007970170","FOS1","","",0.081275154,,"",
"","100000007970239","FOS1","","",0.046829762,,"",
"","100000007970145","FOS1","","",0.062975616,,"",
"","100000007919267","FHS1","","",8.0377,,"",
"","100000007919295","FHS1","","",8.5085,,"",
"","100000007921953","FHS1","","",153.7736,,"",
"","100000007921969","FHS1","","",117.9245,,"",
"","100000007922429","FHS1","","",2.9419,,"",
"","100000007922451","FHS1","","",3.5583,,"",
"","100000007922467","FHS1","","",6.6874,,"",
"","100000007922505","FHS1","","",7.434,,"",
"","100000007922521","FHS1","","",7.8809,,"",
"","100000007920601","FHS1","","",10.7207,,"",
"","100000007920619","FHS1","","",23.2455,,"",
"","100000007920688","FHS1","","",15.9396,,"",
"","100000007920697","FHS1","","",8.5698,,"",
"","100000007920581","FHS1","","",25.7074,,"",
"","100000007920014","FHS1","","",9.143,,"",
"","100000007920023","FHS1","","",9.8632,,"",
"","100000007920483","FHS1","","",13.1687,,"",
"","100000007920561","FHS1","","",9.9104,,"",
"","100000007920416","FHS1","","",11.0542,,"",
"","100000007919952","FHS1","","",9.7351,,"",
"","100000007919722","FHS1","","",6.8491,,"",
"","100000007919398","FHS1","","",79.6485,,"",
"","100000007919454","FHS1","","",40.9308,,"",
"","100000007919346","FHS1","","",40.9385,,"",
"","100000007918567","FHS1","","",7.0951,,"",
"","100000007918599","FHS1","","",7.6851,,"",
"","100000007919457","FHS1","","",22.3457,,"",
"","100000007981203","FOS1","","",0.2491684,,"",
"","100000007980993","FOS1","","",0.309232765,,"",
"","100000007981087","FOS1","","",0.05059288,,"",
"","100000007980863","FOS1","","",0.208489135,,"",
"","100000007980906","FOS1","","",0.246552264,,"",
"","100000007980610","FOS1","","",0.213874842,,"",
"","100000007980661","FOS1","","",0.192513031,,"",
"","100000007970708","FOS1","","",0.277042227,,"",
"","100000007970760","FOS1","","",0.181000996,,"",
"","100000007980905","FOS1","","",0.170142041,,"",
"","100000007980609","FOS1","","",0.133135156,,"",
"","100000007980660","FOS1","","",0.29735198,,"",
"","100000007980778","FOS1","","",0.13830286,,"",
"","100000007982627","FOS1","","",0.145226641,,"",
"","100000007982703","FOS1","","",0.165955644,,"",
"","100000007970303","FOS1","","",0.092610296,,"",
"","100000007970344","FOS1","","",0.09944974,,"",
"","100000007972155","FOS1","","",0.146531383,,"",
"","100000007971944","FOS1","","",0.2231782,,"",
"","100000007971982","FOS1","","",0.454079896,,"",
"","100000007972022","FOS1","","",0.229514117,,"",
"","100000007919332","FHS1","","",9.8979,,"",
"","100000007919206","FHS1","","",9.7494,,"",
"","100000007919218","FHS1","","",13.106,,"",
"","100000007919274","FHS1","","",7.4396,,"",
"","100000007919320","FHS1","","",7.1528,,"",
"","100000007919328","FHS1","","",7.0621,,"",
"","100000007919192","FHS1","","",12.1758,,"",
"","100000007919184","FHS1","","",4.6889,,"",
"","100000007918675","FHS1","","",12.4506,,"",
"","100000007918682","FHS1","","",12.8215,,"",
"","100000007918719","FHS1","","",10.9436,,"",
"","100000007922472","FHS1","","",9.2302,,"",
"","100000007920430","FHS1","","",11.0592,,"",
"","100000007920460","FHS1","","",11.4081,,"",
"","100000007920499","FHS1","","",12.8149,,"",
"","100000007920526","FHS1","","",10.3947,,"",
"","100000007920541","FHS1","","",7.5723,,"",
"","100000007920562","FHS1","","",14.5542,,"",
"","100000007919828","FHS1","","",13.3962,,"",
"","100000007919845","FHS1","","",9.8364,,"",
"","100000007919865","FHS1","","",16.0517,,"",
"","100000007921476","FHS1","","",16.7762,,"",
"","100000007919373","FHS1","","",40.9679,,"",
"","100000007919761","FHS1","","",8.7675,,"",
"","100000007919802","FHS1","","",7.4513,,"",
"","100000007919854","FHS1","","",11.8821,,"",
"","100000007919890","FHS1","","",415.6594,,"",
"","100000007919725","FHS1","","",10.4208,,"",
"","100000007919339","FHS1","","",0.446,,"",
"","100000007919357","FHS1","","",20.0881,,"",
"","100000007919390","FHS1","","",18.9623,,"",
"","100000007919396","FHS1","","",17.7774,,"",
"","100000007919411","FHS1","","",17.1728,,"",
"","100000007969526","FOS1","","",0.06987677,,"",
"","100000007969593","FOS1","","",0.044540899,,"",
"","100000007969736","FOS1","","",0.099796525,,"",
"","100000007969570","FOS1","","",0.03482934,,"",
"","100000007969652","FOS1","","",0.04523671,,"",
"","100000007969708","FOS1","","",0.056536879,,"",
"","100000007970553","FOS1","","",0.23232144,,"",
"","100000007970735","FOS1","","",0.171563579,,"",
"","100000007971378","FOS1","","",0.106214428,,"",
"","100000007972139","FOS1","","",0.507711616,,"",
"","100000007972009","FOS1","","",0.229638633,,"",
"","100000007972122","FOS1","","",0.34246238,,"",
"","100000007972171","FOS1","","",0.483638971,,"",
"","100000007971945","FOS1","","",0.318379536,,"",
"","100000007919185","FHS1","","",5.6604,,"",
"","100000007919278","FHS1","","",5.7509,,"",
"","100000007919177","FHS1","","",5.9308,,"",
"","100000007918710","FHS1","","",28.9908,,"",
"","100000007920101","FHS1","","",8.7347,,"",
"","100000007918698","FHS1","","",6.7125,,"",
"","100000007919529","FHS1","","",6.7125,,"",
"","100000007921647","FHS1","","",75.3362,,"",
"","100000007921673","FHS1","","",28.4591,,"",
"","100000007921718","FHS1","","",104.5715,,"",
"","100000007920575","FHS1","","",10.1379,,"",
"","100000007920396","FHS1","","",9.5651,,"",
"","100000007920397","FHS1","","",12.7817,,"",
"","100000007921576","FHS1","","",7.8302,,"",
"","100000007921594","FHS1","","",9.7981,,"",
"","100000007921340","FHS1","","",13.5115,,"",
"","100000007921300","FHS1","","",12.008,,"",
"","100000007921379","FHS1","","",12.8057,,"",
"","100000007921403","FHS1","","",7.9236,,"",
"","100000007919735","FHS1","","",7.3396,,"",
"","100000007919762","FHS1","","",7.2885,,"",
"","100000007919792","FHS1","","",8.7164,,"",
"","100000007919417","FHS1","","",20.5719,,"",
"","100000007919434","FHS1","","",21.5332,,"",
"","100000007919442","FHS1","","",33.2475,,"",
"","100000007969797","FOS1","","",0.073634935,,"",
"","100000007969858","FOS1","","",0.059361807,,"",
"","100000007969952","FOS1","","",0.075763545,,"",
"","100000007969547","FOS1","","",0.086370777,,"",
"","100000007969679","FOS1","","",0.105009199,,"",
"","100000007971768","FOS1","","",0.113102024,,"",
"","100000007971900","FOS1","","",0.03478202,,"",
"","100000007974177","FOS1","","",0.05175692,,"",
"","100000007970830","FOS1","","",0.232449707,,"",
"","100000007970507","FOS1","","",0.443170083,,"",
"","100000007973961","FOS1","","",0.152482155,,"",
"","100000007974827","FOS1","","",0.327580662,,"",
"","100000007974872","FOS1","","",0.347154065,,"",
"","100000007974968","FOS1","","",0.42146212,,"",
"","100000007975180","FOS1","","",0.174030496,,"",
"","100000007975129","FOS1","","",0.164893478,,"",
"","100000007975149","FOS1","","",0.256150622,,"",
"","100000007971971","FOS1","","",0.648025002,,"",
"","100000007972129","FOS1","","",0.234538556,,"",
"","100000007975086","FOS1","","",0.12382607,,"",
"","100000007975137","FOS1","","",0.178915987,,"",
"","100000007975158","FOS1","","",0.22126205,,"",
"","100000007919194","FHS1","","",6.3757,,"",
"","100000007920133","FHS1","","",10.3153,,"",
"","100000007920162","FHS1","","",11.3591,,"",
"","100000007920092","FHS1","","",12.3332,,"",
"","100000007919570","FHS1","","",6.5834,,"",
"","100000007919572","FHS1","","",10.3019,,"",
"","100000007919524","FHS1","","",10.0626,,"",
"","100000007919532","FHS1","","",14.4374,,"",
"","100000007921439","FHS1","","",21.7708,,"",
"","100000007921462","FHS1","","",19.426,,"",
"","100000007969980","FOS1","","",0.034067236,,"",
"","100000007970014","FOS1","","",0.032515484,,"",
"","100000007974534","FOS1","","",0.177723426,,"",
"","100000007971713","FOS1","","",0.09050886,,"",
"","100000007971750","FOS1","","",0.114571726,,"",
"","100000007973449","FOS1","","",0.069645078,,"",
"","100000007973483","FOS1","","",0.049303926,,"",
"","100000007973533","FOS1","","",0.08657064,,"",
"","100000007973594","FOS1","","",0.067268854,,"",
"","100000007973719","FOS1","","",0.05405998,,"",
"","100000007974273","FOS1","","",0.062233694,,"",
"","100000007974434","FOS1","","",0.036967267,,"",
"","100000007975780","FOS1","","",0.370695024,,"",
"","100000007975738","FOS1","","",0.096297845,,"",
"","100000007974764","FOS1","","",0.22420606,,"",
"","100000007974828","FOS1","","",0.385265059,,"",
"","100000007974896","FOS1","","",0.536267444,,"",
"","100000007974946","FOS1","","",0.418910211,,"",
"","100000007975044","FOS1","","",0.75954704,,"",
"","100000007975470","FOS1","","",0.37617996,,"",
"","100000007975190","FOS1","","",0.110789131,,"",
"","100000007975130","FOS1","","",0.162976762,,"",
"","100000007975167","FOS1","","",0.306738839,,"",
"","100000007975100","FOS1","","",0.213168858,,"",
"","100000007975123","FOS1","","",0.231121781,,"",
"","100000007975159","FOS1","","",0.197424965,,"",
"","100000007975208","FOS1","","",0.263864766,,"",
"","100000007977121","FOS1","","",0.272429101,,"",
"","100000007977184","FOS1","","",0.390853382,,"",
"","100000007977282","FOS1","","",0.605422529,,"",
"","100000007921208","FHS1","","",12.9719,,"",
"","100000007921229","FHS1","","",13.2479,,"",
"","100000007921266","FHS1","","",21.9781,,"",
"","100000007921151","FHS1","","",16.4085,,"",
"","100000007921170","FHS1","","",15.1887,,"",
"","100000007920375","FHS1","","",10.3496,,"",
"","100000007920109","FHS1","","",13.2089,,"",
"","100000007920140","FHS1","","",10.9049,,"",
"","100000007919565","FHS1","","",12.5992,,"",
"","100000007919575","FHS1","","",14.2496,,"",
"","100000007919580","FHS1","","",12.5708,,"",
"","100000007919492","FHS1","","",15.3372,,"",
"","100000007918974","FHS1","","",11.2109,,"",
"","100000007920872","FHS1","","",18.3592,,"",
"","100000007920888","FHS1","","",12.6747,,"",
"","100000007920810","FHS1","","",7.9632,,"",
"","100000007920941","FHS1","","",7.434,,"",
"","100000007920958","FHS1","","",8.543,,"",
"","100000007974608","FOS1","","",0.052558016,,"",
"","100000007974644","FOS1","","",0.04382082,,"",
"","100000007974545","FOS1","","",0.038741638,,"",
"","100000007974570","FOS1","","",0.058506732,,"",
"","100000007974606","FOS1","","",0.088405767,,"",
"","100000007974632","FOS1","","",0.110817336,,"",
"","100000007973720","FOS1","","",0.099573216,,"",
"","100000007973780","FOS1","","",0.368660429,,"",
"","100000007973758","FOS1","","",0.22694534,,"",
"","100000007975801","FOS1","","",0.116748032,,"",
"","100000007975964","FOS1","","",0.083773615,,"",
"","100000007975734","FOS1","","",0.11456532,,"",
"","100000007975799","FOS1","","",0.117977808,,"",
"","100000007975888","FOS1","","",0.178619892,,"",
"","100000007975578","FOS1","","",0.123998447,,"",
"","100000007975450","FOS1","","",0.109359502,,"",
"","100000007977983","FOS1","","",0.268167926,,"",
"","100000007975202","FOS1","","",0.413743302,,"",
"","100000007975073","FOS1","","",0.569731601,,"",
"","100000007975080","FOS1","","",0.426569842,,"",
"","100000007977374","FOS1","","",0.170620332,,"",
"","100000007977438","FOS1","","",0.36131566,,"",
"","100000007921161","FHS1","","",32.5174,,"",
"","100000007921156","FHS1","","",54.1026,,"",
"","100000007921157","FHS1","","",17.6538,,"",
"","100000007921080","FHS1","","",11.8023,,"",
"","100000007921001","FHS1","","",15.8321,,"",
"","100000007920665","FHS1","","",8.1585,,"",
"","100000007919464","FHS1","","",14.1847,,"",
"","100000007919486","FHS1","","",10.8128,,"",
"","100000007919514","FHS1","","",17.0566,,"",
"","100000007919537","FHS1","","",17.0987,,"",
"","100000007919554","FHS1","","",17.0566,,"",
"","100000007919468","FHS1","","",15.3372,,"",
"","100000007919002","FHS1","","",5.5313,,"",
"","100000007919017","FHS1","","",5.5313,,"",
"","100000007918920","FHS1","","",5.5313,,"",
"","100000007918962","FHS1","","",5.107,,"",
"","100000007920851","FHS1","","",34.7555,,"",
"","100000007921184","FHS1","","",10.3013,,"",
"","100000007921141","FHS1","","",13.2449,,"",
"","100000007921182","FHS1","","",25.4,,"",
"","100000007921201","FHS1","","",12.3119,,"",
"","100000007974704","FOS1","","",0.04868198,,"",
"","100000007976007","FOS1","","",0.264905968,,"",
"","100000007976812","FOS1","","",0.150234888,,"",
"","100000007973659","FOS1","","",0.056288661,,"",
"","100000007976541","FOS1","","",0.070975648,,"",
"","100000007976562","FOS1","","",0.106590584,,"",
"","100000007976610","FOS1","","",0.100998277,,"",
"","100000007976274","FOS1","","",0.080860148,,"",
"","100000007976376","FOS1","","",0.182015778,,"",
"","100000007976449","FOS1","","",0.164619753,,"",
"","100000007976498","FOS1","","",0.18961864,,"",
"","100000007976310","FOS1","","",0.060239667,,"",
"","100000007978908","FOS1","","",0.212665709,,"",
"","100000007978727","FOS1","","",0.181962932,,"",
"","100000007977660","FOS1","","",0.468122542,,"",
"","100000007978161","FOS1","","",0.15645949,,"",
"","100000007977984","FOS1","","",0.173768806,,"",
"","100000007977962","FOS1","","",0.099989153,,"",
"","100000007980025","FOS1","","",0.73785528,,"",
"","100000007957470","NAT1","","",0.2637,,"",
"","100000007957523","NAT1","","",0.2854,,"",
"","100000007957431","NAT1","","",0.3021,,"",
"","100000007957051","NAT1","","",0.3061,,"",
"","100000007954408","NAT1","","",0.1408,,"",
"","100000007954586","NAT1","","",0.1149,,"",
"","100000007954542","NAT1","","",0.2508,,"",
"","100000007954632","NAT1","","",0.4105,,"",
"","100000007953453","NAT1","","",0.3457,,"",
"","100000007953560","NAT1","","",2.3863,,"",
"","100000007953481","NAT1","","",2.636,,"",
"","100000007953507","NAT1","","",2.9661,,"",
"","100000007953532","NAT1","","",3.6756,,"",
"","100000008035575","HWM1","","",53.75514,,"",
"","100000008035847","HWM1","","",39.211,,"",
"","100000008035017","HWM1","","",29.82629,,"",
"","100000008035594","HWM1","","",21.69729,,"",
"","100000007918882","HWM1","","",18.34271,,"",
"","100000007918892","HWM1","","",10.50171,,"",
"","100000007918770","HWM1","","",10.57357,,"",
"","100000007918804","HWM1","","",8.2276,,"",
"","100000007956457","INN1","","",18.61191666,,"",
"","100000007956489","INN1","","",25.1547565,,"",
"","100000007956384","INN1","","",6.0780564,,"",
"","100000007957067","NAT1","","",0.3167,,"",
"","100000007957095","NAT1","","",0.3673,,"",
"","100000007957108","NAT1","","",0.4105,,"",
"","100000007956998","NAT1","","",0.4785,,"",
"","100000007957014","NAT1","","",0.5474,,"",
"","100000007957068","NAT1","","",0.7369,,"",
"","100000007957109","NAT1","","",0.6254,,"",
"","100000007955944","NAT1","","",2.2399,,"",
"","100000007954450","NAT1","","",0.0649,,"",
"","100000007954499","NAT1","","",0.0837,,"",
"","100000007955340","NAT1","","",0.2235,,"",
"","100000007955360","NAT1","","",0.3169,,"",
"","100000007955386","NAT1","","",0.2788,,"",
"","100000007955297","NAT1","","",0.3529,,"",
"","100000007955336","NAT1","","",0.3638,,"",
"","100000007955361","NAT1","","",0.5546,,"",
"","100000007953467","NAT1","","",4.249,,"",
"","100000007953482","NAT1","","",4.9406,,"",
"","100000007953546","NAT1","","",5.254,,"",
"","100000008035507","HWM1","","",52.74214,,"",
"","100000008035775","HWM1","","",39.211,,"",
"","100000008036331","HWM1","","",29.82629,,"",
"","100000008035964","HWM1","","",21.69729,,"",
"","100000007918934","HWM1","","",4.9049,,"",
"","100000007918950","HWM1","","",5.0613,,"",
"","100000007918811","HWM1","","",8.6821,,"",
"","100000007918883","HWM1","","",16.4833,,"",
"","100000007918795","HWM1","","",9.7959,,"",
"","100000007949639","HWM1","","",449.405,,"",
"","100000007949657","HWM1","","",13.805,,"",
"","100000007949676","HWM1","","",2.87886,,"",
"","100000007957279","INN1","","",64.63311667,,"",
"","100000007957310","INN1","","",16.9706358,,"",
"","100000007957332","INN1","","",12.42823062,,"",
"","100000007955790","INN1","","",118.7973116,,"",
"","100000007955805","INN1","","",14.333284,,"",
"","100000007955822","INN1","","",6.44660224,,"",
"","100000007956541","NAT1","","",0.1404,,"",
"","100000007956606","NAT1","","",0.1416,,"",
"","100000007952325","NAT1","","",0.7933,,"",
"","100000007952339","NAT1","","",0.9284,,"",
"","100000007952649","NAT1","","",5.0765,,"",
"","100000007952550","NAT1","","",5.4541,,"",
"","100000007952604","NAT1","","",7.4709,,"",
"","100000007952626","NAT1","","",8.0587,,"",
"","100000007952641","NAT1","","",9.1727,,"",
"","100000007952665","NAT1","","",9.2588,,"",
"","100000007955543","NAT1","","",0.7706,,"",
"","100000007954761","NAT1","","",22.9754,,"",
"","100000007955286","NAT1","","",0.6703,,"",
"","100000007956395","NAT1","","",0.1273,,"",
"","100000007956777","NAT1","","",0.1506,,"",
"","100000007956812","NAT1","","",0.1585,,"",
"","100000007954973","NAT1","","",0.1636,,"",
"","100000007954996","NAT1","","",0.2127,,"",
"","100000007955017","NAT1","","",0.1896,,"",
"","100000007955030","NAT1","","",0.1567,,"",
"","100000007954958","NAT1","","",0.2774,,"",
"","100000007918962","HWM1","","",5.113,,"",
"","100000007918911","HWM1","","",2.01,,"",
"","100000007918924","HWM1","","",1.9053,,"",
"","100000007949693","HWM1","","",13.98043,,"",
"","100000007950546","HWM1","","",1.76029,,"",
"","100000007950561","HWM1","","",9.26586,,"",
"","100000007950588","HWM1","","",6.16271,,"",
"","100000007950604","HWM1","","",2.40657,,"",
"","100000007950630","HWM1","","",1.64286,,"",
"","100000007950531","HWM1","","",11.94529,,"",
"","100000007950555","HWM1","","",3.45657,,"",
"","100000007974308","HWM1","","",5.18829,,"",
"","100000007955846","INN1","","",9.581213952,,"",
"","100000007955866","INN1","","",9.375404176,,"",
"","100000007955734","INN1","","",764.7275895,,"",
"","100000007955743","INN1","","",4.641834184,,"",
"","100000007955736","INN1","","",530.7774866,,"",
"","100000007956419","INN1","","",29.832082,,"",
"","100000007956428","INN1","","",29.85889797,,"",
"","100000007956445","INN1","","",58.9485426,,"",
"","100000007952303","NAT1","","",1.3402,,"",
"","100000007952340","NAT1","","",1.8499,,"",
"","100000007952633","NAT1","","",14.1736,,"",
"","100000007952564","NAT1","","",8.7828,,"",
"","100000007952595","NAT1","","",13.3402,,"",
"","100000007952634","NAT1","","",14.9216,,"",
"","100000007952551","NAT1","","",13.354,,"",
"","100000007952203","NAT1","","",18.3053,,"",
"","100000007952039","NAT1","","",8.0267,,"",
"","100000007952058","NAT1","","",1.7777,,"",
"","100000007952125","NAT1","","",1.9978,,"",
"","100000007956711","NAT1","","",0.4826,,"",
"","100000007956726","NAT1","","",0.1902,,"",
"","100000007955270","NAT1","","",0.1838,,"",
"","100000007974480","HWM1","","",10.3296,,"",
"","100000007957081","INN1","","",11.15292836,,"",
"","100000007956491","INN1","","",314.631432,,"",
"","100000007956376","INN1","","",80.04332736,,"",
"","100000007956389","INN1","","",160.6551127,,"",
"","100000007956718","INN1","","",8.733699504,,"",
"","100000007952573","NAT1","","",3.2445,,"",
"","100000007952588","NAT1","","",4.5712,,"",
"","100000007953952","NAT1","","",5.7958,,"",
"","100000007951867","NAT1","","",14.6308,,"",
"","100000007952032","NAT1","","",2.1663,,"",
"","100000007952046","NAT1","","",2.0273,,"",
"","100000007952082","NAT1","","",2.4555,,"",
"","100000007952103","NAT1","","",3.1976,,"",
"","100000007951967","NAT1","","",0.499,,"",
"","100000007951979","NAT1","","",0.494,,"",
"","100000007949727","HWM1","","",7.78443,,"",
"","100000007949632","HWM1","","",1.65843,,"",
"","100000007949646","HWM1","","",2.50029,,"",
"","100000007949669","HWM1","","",14.748,,"",
"","100000007949684","HWM1","","",9.87257,,"",
"","100000007949707","HWM1","","",3.146,,"",
"","100000007949720","HWM1","","",4.00129,,"",
"","100000007949633","HWM1","","",13.35171,,"",
"","100000007974168","HWM1","","",1.8425,,"",
"","100000007974209","HWM1","","",2.03443,,"",
"","100000007957033","INN1","","",4.952530728,,"",
"","100000007957048","INN1","","",13.21450706,,"",
"","100000007957056","INN1","","",99.6324,,"",
"","100000007956893","INN1","","",9.12455492,,"",
"","100000007953876","NAT1","","",1.0806,,"",
"","100000007952863","NAT1","","",0.897,,"",
"","100000007951818","NAT1","","",1.0222,,"",
"","100000007951832","NAT1","","",1.1343,,"",
"","100000007951851","NAT1","","",1.3294,,"",
"","100000007952099","NAT1","","",1.4984,,"",
"","100000007956611","INN1","","",26.04239308,,"",
"","100000007951922","NAT1","","",3.434,,"",
"","100000007953377","NAT1","","",3.998,,"",
"","100000007953392","NAT1","","",5.4137,,"",
"","100000007952007","NAT1","","",0.6544,,"",
"","100000007951908","NAT1","","",0.8282,,"",
"","100000007951958","NAT1","","",0.1669,,"",
"","100000007951980","NAT1","","",0.9819,,"",
"","100000007951997","NAT1","","",1.545,,"",
"","100000007955907","INN1","","",16.65041224,,"",
"","100000007955957","INN1","","",14.4096691,,"",
"","100000007957064","INN1","","",5.156012112,,"",
"","100000007956843","INN1","","",17.11746337,,"",
"","100000007956866","INN1","","",10.6628027,,"",
"","100000007955051","NAT1","","",0.0773,,"",
"","100000007952925","NAT1","","",1.1875,,"",
"","100000007952828","NAT1","","",1.4982,,"",
"","100000007952879","NAT1","","",1.7272,,"",
"","100000007952905","NAT1","","",1.5058,,"",
"","100000007953160","NAT1","","",2.2975,,"",
"","100000007953178","NAT1","","",3.146,,"",
"","100000007953209","NAT1","","",4.5806,,"",
"","100000007952123","NAT1","","",2.1025,,"",
"","100000007952031","NAT1","","",2.1576,,"",
"","100000007952044","NAT1","","",2.4341,,"",
"","100000007952066","NAT1","","",2.5087,,"",
"","100000007952100","NAT1","","",2.9377,,"",
"","100000007953332","NAT1","","",6.3351,,"",
"","100000007953351","NAT1","","",5.8861,,"",
"","100000007953443","NAT1","","",8.4608,,"",
"","100000007951899","NAT1","","",1.6437,,"",
"","100000007951917","NAT1","","",1.4921,,"",
"","100000007952758","NAT1","","",1.4677,,"",
"","100000007952698","NAT1","","",0.9503,,"",
"","100000007952715","NAT1","","",10.4505,,"",
"","100000007952759","NAT1","","",1.2366,,"",
"","100000007952780","NAT1","","",1.1346,,"",
"","100000007957515","INN1","","",324.3884382,,"",
"","100000007957531","INN1","","",39.27622483,,"",
"","100000007957411","INN1","","",4.254654616,,"",
"","100000007955958","INN1","","",22.70076142,,"",
"","100000007956469","INN1","","",167.8208436,,"",
"","100000007956385","INN1","","",22.22767267,,"",
"","100000007953981","NAT1","","",3.2136,,"",
"","100000007952067","NAT1","","",0.148,,"",
"","100000007952086","NAT1","","",0.2256,,"",
"","100000007953399","NAT1","","",12.5967,,"",
"","100000007954532","NAT1","","",0.1093,,"",
"","100000007953666","NAT1","","",0.3274,,"",
"","100000007953695","NAT1","","",0.5529,,"",
"","100000007952808","NAT1","","",1.1686,,"",
"","100000007952678","NAT1","","",1.2475,,"",
"","100000007952699","NAT1","","",1.4841,,"",
"","100000007952727","NAT1","","",1.2772,,"",
"","100000007952752","NAT1","","",2.0273,,"",
"","100000007952781","NAT1","","",1.9339,,"",
"","100000007952799","NAT1","","",2.5805,,"",
"","100000008035777","HWM1","","",74.97857,,"",
"","100000008036050","HWM1","","",58.16414,,"",
"","100000008036233","HWM1","","",39.211,,"",
"","100000008036234","HWM1","","",29.82629,,"",
"","100000007957182","INN1","","",6.44767986,,"",
"","100000007957217","INN1","","",122.0473725,,"",
"","100000007957117","INN1","","",4.611887732,,"",
"","100000007955763","INN1","","",5.49567688,,"",
"","100000007955772","INN1","","",5.13017424,,"",
"","100000007957260","INN1","","",48.6244512,,"",
"","100000007954887","NYS2","","",2.529,,"",
"","100000007954779","NYS2","","",2.646,,"",
"","100000007954830","NYS2","","",7.587,,"",
"","100000007952136","NYS2","","",1.35,,"",
"","100000007952860","NYS2","","",27.072,,"",
"","100000007952877","NYS2","","",15.363,,"",
"","100000007893806","NYS2","","",0.585,,"",
"","100000007893811","NYS2","","",0.12609,,"",
"","100000007893844","NYS2","","",1.953,,"",
"","100000007893846","NYS2","","",0.24174,,"",
"","100000007893852","NYS2","","",0.17784,,"",
"","100000007893855","NYS2","","",1.179,,"",
"","100000007893842","NYS2","","",0.45,,"",
"","100000007893843","NYS2","","",0.981,,"",
"","100000007894442","NYS2","","",0.13266,,"",
"","100000007894431","NYS2","","",0.729,,"",
"","100000007894439","NYS2","","",0.15075,,"",
"","100000007894443","NYS2","","",0.11583,,"",
"","100000007894830","NYS2","","",3.501,,"",
"","100000007894941","NYS2","","",1.872,,"",
"","100000008033115","NYS2","","",0.25452,,"",
"","100000008032854","NYS2","","",0.396,,"",
"","100000007956696","NYS2","","",5.04,,"",
"","100000007956721","NYS2","","",3.339,,"",
"","100000007956735","NYS2","","",4.149,,"",
"","100000007956762","NYS2","","",3.834,,"",
"","100000007956780","NYS2","","",6.084,,"",
"","100000007956688","NYS2","","",5.157,,"",
"","100000007956713","NYS2","","",5.076,,"",
"","100000007956727","NYS2","","",5.796,,"",
"","100000007957488","NYS2","","",0.945,,"",
"","100000007957502","NYS2","","",1.71,,"",
"","100000007957527","NYS2","","",0.963,,"",
"","100000007957416","NYS2","","",1.71,,"",
"","100000007957526","NYS2","","",0.42921,,"",
"","100000007957414","NYS2","","",0.51525,,"",
"","100000007957435","NYS2","","",2.43,,"",
"","100000007958059","NYS2","","",11.988,,"",
"","100000007957975","NYS2","","",17.253,,"",
"","100000007957093","NYS2","","",10.269,,"",
"","100000007956974","NYS2","","",11.034,,"",
"","100000007956995","NYS2","","",11.466,,"",
"","100000007957375","NYS2","","",13.59,,"",
"","100000007891000","NYS2","","",0.522,,"",
"","100000007891002","NYS2","","",0.17865,,"",
"","100000007891007","NYS2","","",0.30663,,"",
"","100000007896590","NYS2","","",0.32094,,"",
"","100000007896568","NYS2","","",0.25506,,"",
"","100000007891012","NYS2","","",0.33039,,"",
"","100000007891008","NYS2","","",0.585,,"",
"","100000007891016","NYS2","","",0.13743,,"",
"","100000007891440","NYS2","","",18.36,,"",
"","100000007952579","NYS2","","",5.706,,"",
"","100000007894728","NYS2","","",1.908,,"",
"","100000007894754","NYS2","","",0.2277,,"",
"","100000007894783","NYS2","","",0.07209,,"",
"","100000007894723","NYS2","","",0.16218,,"",
"","100000007894749","NYS2","","",0.954,,"",
"","100000007894945","NYS2","","",0.846,,"",
"","100000008033032","NYS2","","",0.07029,,"",
"","100000008033191","NYS2","","",0.08793,,"",
"","100000008032156","NYS2","","",0.09702,,"",
"","100000008032697","NYS2","","",0.14859,,"",
"","100000008033211","NYS2","","",0.22266,,"",
"","100000007956754","NYS2","","",32.688,,"",
"","100000007957149","NYS2","","",14.832,,"",
"","100000007957177","NYS2","","",12.852,,"",
"","100000007957197","NYS2","","",14.247,,"",
"","100000007957223","NYS2","","",27.756,,"",
"","100000007957243","NYS2","","",19.962,,"",
"","100000007957122","NYS2","","",28.863,,"",
"","100000007957138","NYS2","","",26.91,,"",
"","100000007957178","NYS2","","",13.554,,"",
"","100000007957198","NYS2","","",8.973,,"",
"","100000007957224","NYS2","","",13.221,,"",
"","100000007957997","NYS2","","",18.846,,"",
"","100000007958038","NYS2","","",28.629,,"",
"","100000007957542","NYS2","","",0.927,,"",
"","100000007957610","NYS2","","",0.39942,,"",
"","100000007957631","NYS2","","",0.50472,,"",
"","100000007957677","NYS2","","",0.22293,,"",
"","100000007896573","NYS2","","",0.27936,,"",
"","100000007890985","NYS2","","",0.24831,,"",
"","100000007890987","NYS2","","",0.18576,,"",
"","100000007890971","NYS2","","",1.107,,"",
"","100000007890983","NYS2","","",0.585,,"",
"","100000007891667","NYS2","","",0.828,,"",
"","100000007952788","NYS2","","",4.095,,"",
"","100000008038164","NYS2","","",6.75,,"",
"","100000007957244","NYS2","","",14.679,,"",
"","100000007957123","NYS2","","",12.96,,"",
"","100000007957139","NYS2","","",15.453,,"",
"","100000007957993","NYS2","","",18.216,,"",
"","100000007958007","NYS2","","",33.138,,"",
"","100000007958033","NYS2","","",19.152,,"",
"","100000007958054","NYS2","","",21.222,,"",
"","100000007957972","NYS2","","",13.212,,"",
"","100000007957984","NYS2","","",20.862,,"",
"","100000007958008","NYS2","","",17.973,,"",
"","100000007958237","NYS2","","",2.538,,"",
"","100000007958082","NYS2","","",3.321,,"",
"","100000007892203","NYS2","","",2.277,,"",
"","100000007897229","NYS2","","",0.531,,"",
"","100000007892943","NYS2","","",0.11619,,"",
"","100000007892951","NYS2","","",0.06066,,"",
"","100000007892973","NYS2","","",0.441,,"",
"","100000007892941","NYS2","","",0.171,,"",
"","100000007892938","NYS2","","",0.12996,,"",
"","100000007891090","NYS2","","",0.504,,"",
"","100000007893315","NYS2","","",2.637,,"",
"","100000007893337","NYS2","","",5.4,,"",
"","100000007893357","NYS2","","",0.378,,"",
"","100000007893375","NYS2","","",0.12465,,"",
"","100000007893300","NYS2","","",1.089,,"",
"","100000007893316","NYS2","","",0.1602,,"",
"","100000007893426","NYS2","","",0.459,,"",
"","100000007893430","NYS2","","",3.645,,"",
"","100000007893439","NYS2","","",2.25,,"",
"","100000007951721","NYS2","","",36.459,,"",
"","100000007951675","NYS2","","",63.864,,"",
"","100000007947779","NYS2","","",588.222,,"",
"","100000007947816","NYS2","","",44.847,,"",
"","100000007947841","NYS2","","",98.568,,"",
"","100000007947764","NYS2","","",254.205,,"",
"","100000007947803","NYS2","","",162.558,,"",
"","100000007947817","NYS2","","",126.054,,"",
"","100000008036925","NYS2","","",0.44838,,"",
"","100000007892219","NYS2","","",0.1728,,"",
"","100000007892558","NYS2","","",0.08199,,"",
"","100000007892432","NYS2","","",0.05643,,"",
"","100000007892450","NYS2","","",0.37044,,"",
"","100000007892984","NYS2","","",0.828,,"",
"","100000007892939","NYS2","","",0.18207,,"",
"","100000007892942","NYS2","","",0.16398,,"",
"","100000007893070","NYS2","","",0.612,,"",
"","100000007893048","NYS2","","",0.29358,,"",
"","100000007893052","NYS2","","",1.782,,"",
"","100000007893274","NYS2","","",0.11106,,"",
"","100000007893088","NYS2","","",0.684,,"",
"","100000007893137","NYS2","","",0.30267,,"",
"","100000007893432","NYS2","","",1.638,,"",
"","100000007893411","NYS2","","",0.828,,"",
"","100000007893420","NYS2","","",0.42192,,"",
"","100000007893428","NYS2","","",1.233,,"",
"","100000007893514","NYS2","","",1.008,,"",
"","100000007893813","NYS2","","",0.936,,"",
"","100000007950795","NYS2","","",10.953,,"",
"","100000007950846","NYS2","","",12.807,,"",
"","100000007951747","NYS2","","",12.204,,"",
"","100000007951759","NYS2","","",13.5,,"",
"","100000007951698","NYS2","","",16.011,,"",
"","100000007947842","NYS2","","",132.165,,"",
"","100000007948070","NYS2","","",35.019,,"",
"","100000007947903","NYS2","","",13.824,,"",
"","100000007948777","NYS2","","",7.497,,"",
"","100000007948797","NYS2","","",9.207,,"",
"","100000007964841","NYS2","","",4.572,,"",
"","100000007955999","NYS2","","",4.176,,"",
"","100000007892467","NYS2","","",2.691,,"",
"","100000007892571","NYS2","","",4.86,,"",
"","100000008028956","NYS2","","",5.499,,"",
"","100000007948148","NYS2","","",21.051,,"",
"","100000007953958","NYS2","","",6.165,,"",
"","100000007954145","NYS2","","",17.568,,"",
"","100000008035342","NYS2","","",0.657,,"",
"","100000008035883","NYS2","","",1.098,,"",
"","100000008036328","NYS2","","",3.474,,"",
"","100000008035421","NYS2","","",0.28143,,"",
"","100000007955174","NYS2","","",5.598,,"",
"","100000007955127","NYS2","","",1.656,,"",
"","100000007955167","NYS2","","",3.51,,"",
"","100000007955055","NYS2","","",5.337,,"",
"","100000007955645","NYS2","","",11.889,,"",
"","100000007955608","NYS2","","",3.006,,"",
"","100000007955920","NYS2","","",0.981,,"",
"","100000007955806","NYS2","","",2.214,,"",
"","100000008028520","NYS2","","",3.744,,"",
"","100000008028735","NYS2","","",4.761,,"",
"","100000007951682","NYS2","","",20.367,,"",
"","100000007954231","NYS2","","",8.037,,"",
"","100000007954232","NYS2","","",13.833,,"",
"","100000007950524","NYS2","","",6.966,,"",
"","100000007950565","NYS2","","",10.827,,"",
"","100000007891921","NYS2","","",2.385,,"",
"","100000007891931","NYS2","","",0.28809,,"",
"","100000007891936","NYS2","","",0.07002,,"",
"","100000007891916","NYS2","","",0.774,,"",
"","100000007891923","NYS2","","",0.13536,,"",
"","100000008035056","NYS2","","",0.495,,"",
"","100000008035517","NYS2","","",1.827,,"",
"","100000008035962","NYS2","","",0.15678,,"",
"","100000008035331","NYS2","","",0.36576,,"",
"","100000008035868","NYS2","","",0.873,,"",
"","100000008036048","NYS2","","",0.24318,,"",
"","100000008035597","NYS2","","",0.19296,,"",
"","100000007956770","NYS2","","",11.763,,"",
"","100000007955609","NYS2","","",5.463,,"",
"","100000007955505","NYS2","","",6.93,,"",
"","100000007955545","NYS2","","",9.792,,"",
"","100000007957451","NYS2","","",2.925,,"",
"","100000007957475","NYS2","","",0.64395,,"",
"","100000007957492","NYS2","","",0.747,,"",
"","100000007957518","NYS2","","",1.053,,"",
"","100000007894911","NYS2","","",0.558,,"",
"","100000007896594","NYS2","","",1.737,,"",
"","100000008033570","NYS2","","",0.51336,,"",
"","100000008034015","NYS2","","",0.67761,,"",
"","100000008034482","NYS2","","",0.14364,,"",
"","100000008034762","NYS2","","",0.19197,,"",
"","100000008033656","NYS2","","",0.15048,,"",
"","100000008034106","NYS2","","",0.18441,,"",
"","100000008034301","NYS2","","",0.16785,,"",
"","100000007953724","NYS2","","",9.999,,"",
"","100000007953739","NYS2","","",3.618,,"",
"","100000007953748","NYS2","","",2.439,,"",
"","100000007953783","NYS2","","",3.591,,"",
"","100000007953814","NYS2","","",3.762,,"",
"","100000007952201","NYS2","","",3.195,,"",
"","100000007952145","NYS2","","",16.956,,"",
"","100000007951854","NYS2","","",1.845,,"",
"","100000007951871","NYS2","","",16.11,,"",
"","100000007951829","NYS2","","",20.448,,"",
"","100000007951849","NYS2","","",14.517,,"",
"","100000007950553","NYS2","","",214.839,,"",
"","100000007950585","NYS2","","",3.717,,"",
"","100000007950625","NYS2","","",13.662,,"",
"","100000007950506","NYS2","","",7.623,,"",
"","100000007950519","NYS2","","",2.916,,"",
"","100000007892231","NYS2","","",0.0684,,"",
"","100000007892237","NYS2","","",0.558,,"",
"","100000007892221","NYS2","","",0.19575,,"",
"","100000007892202","NYS2","","",1.791,,"",
"","100000007892209","NYS2","","",0.54,,"",
"","100000008035609","NYS2","","",2.727,,"",
"","100000007894784","NYS2","","",0.08055,,"",
"","100000007894797","NYS2","","",0.54,,"",
"","100000008035774","NYS2","","",0.639,,"",
"","100000008036049","NYS2","","",0.33498,,"",
"","100000008036330","NYS2","","",1.125,,"",
"","100000008035422","NYS2","","",0.36,,"",
"","100000008034882","NYS2","","",2.547,,"",
"","100000008034883","NYS2","","",4.095,,"",
"","100000008035455","NYS2","","",3.069,,"",
"","100000008032846","NYS2","","",0.369,,"",
"","100000008033024","NYS2","","",1.449,,"",
"","100000008032171","NYS2","","",0.30456,,"",
"","100000008032304","NYS2","","",0.29385,,"",
"","100000007956796","NYS2","","",10.539,,"",
"","100000007956703","NYS2","","",17.667,,"",
"","100000007956608","NYS2","","",11.097,,"",
"","100000008036513","NYS2","","",0.22077,,"",
"","100000008036759","NYS2","","",0.27063,,"",
"","100000008036936","NYS2","","",0.28899,,"",
"","100000008037394","NYS2","","",0.30186,,"",
"","100000008037331","NYS2","","",0.16236,,"",
"","100000008037607","NYS2","","",0.1557,,"",
"","100000008037787","NYS2","","",0.16056,,"",
"","100000008037238","NYS2","","",0.15624,,"",
"","100000007895200","NYS2","","",0.20421,,"",
"","100000007896615","NYS2","","",0.855,,"",
"","100000007896589","NYS2","","",0.684,,"",
"","100000008017187","NGC1","","",1.51,,"",
"","100000008017489","NGC1","","",1.8,,"",
"","100000008017698","NGC1","","",1.8,,"",
"","100000008017966","NGC1","","",2.79,,"",
"","100000008028735","NGC1","","",1.64,,"",
"","100000307438712","NAT1","","",26.4925,,"",
"","100000307438712","NAT1","","",20.8921,,"",
"","100000307438713","NAT1","","",27.1675,,"",
"","100000307438713","NAT1","","",21.6993,,"",
"","100000307438714","NAT1","","",28.0825,,"",
"","100000307438714","NAT1","","",21.8554,,"",
"","100000307438717","NAT1","","",15.295,,"",
"","100000007912868","NAT1","","",7.4659,,"",
"","100000007913153","NAT1","","",8.5225,,"",
"","100000007913079","NAT1","","",7.7563,,"",
"","100000007913103","NAT1","","",8.3274,,"",
"","100000007909914","NAT1","","",148.4085,,"",
"","100000007909656","NAT1","","",118.5855,,"",
"","100000007907802","NAT1","","",18.399,,"",
"","100000007908013","NAT1","","",20.3672,,"",
"","100000007904669","NAT1","","",0.8189,,"",
"","100000007904746","NAT1","","",1.1288,,"",
"","100000007904796","NAT1","","",1.5601,,"",
"","100000007904883","NAT1","","",19.0251,,"",
"","100000008026522","NGC1","","",18.32,,"",
"","100000008026671","NGC1","","",21.35,,"",
"","100000007914205","NAT1","","",38.3696,,"",
"","100000007914235","NAT1","","",38.7245,,"",
"","100000307438718","NAT1","","",17.195,,"",
"","100000007913293","NAT1","","",13.697,,"",
"","100000007903741","NAT1","","",642.3977,,"",
"","100000007903911","NAT1","","",262.0204,,"",
"","100000007913576","NAT1","","",13.4371,,"",
"","100000007913603","NAT1","","",11.0392,,"",
"","100000007913625","NAT1","","",45.7719,,"",
"","100000007913649","NAT1","","",54.8387,,"",
"","100000007913681","NAT1","","",76.8518,,"",
"","100000007913468","NAT1","","",67.8082,,"",
"","100000007913474","NAT1","","",61.3155,,"",
"","100000007909687","NAT1","","",164.2842,,"",
"","100000007908736","NAT1","","",54.7392,,"",
"","100000007908806","NAT1","","",77.5886,,"",
"","100000007908847","NAT1","","",62.8333,,"",
"","100000007908543","NAT1","","",113.8906,,"",
"","100000007908544","NAT1","","",113.3918,,"",
"","100000007908097","NAT1","","",38.9708,,"",
"","100000007907837","NAT1","","",51.0368,,"",
"","100000007904554","NAT1","","",361.5136,,"",
"","100000007904718","NAT1","","",14.378,,"",
"","100000007904771","NAT1","","",41.252,,"",
"","100000007904863","NAT1","","",26.1749,,"",
"","100000007904555","NAT1","","",48.3736,,"",
"","100000007904670","NAT1","","",20.3124,,"",
"","100000007904719","NAT1","","",23.3809,,"",
"","100000007904797","NAT1","","",30.0368,,"",
"","100000008026523","NGC1","","",15.43,,"",
"","100000008016155","NGC1","","",24.45,,"",
"","100000007914033","NAT1","","",16.2702,,"",
"","100000007914049","NAT1","","",16.2702,,"",
"","100000007913999","NAT1","","",12.5107,,"",
"","100000007914047","NAT1","","",93.7395,,"",
"","100000007903627","NAT1","","",623.1344,,"",
"","100000007913691","NAT1","","",0.2998,,"",
"","100000007913420","NAT1","","",59.7901,,"",
"","100000007908693","NAT1","","",36.4639,,"",
"","100000007908497","NAT1","","",76.9803,,"",
"","100000007914318","NAT1","","",115.1333,,"",
"","100000007914282","NAT1","","",62.1756,,"",
"","100000007908618","NAT1","","",66.612,,"",
"","100000007908670","NAT1","","",153.9862,,"",
"","100000007908735","NAT1","","",58.7686,,"",
"","100000007908805","NAT1","","",114.1295,,"",
"","100000007907457","NAT1","","",54.5337,,"",
"","100000007907480","NAT1","","",7.1062,,"",
"","100000008036936","NGC1","","",0.89,,"",
"","100000008037394","NGC1","","",1.01,,"",
"","100000008037607","NGC1","","",0.47,,"",
"","100000008037787","NGC1","","",0.53,,"",
"","100000008037420","NGC1","","",0.6,,"",
"","100000008037696","NGC1","","",0.43,,"",
"","100000008017500","NGC1","","",4.85,,"",
"","100000008017806","NGC1","","",4.69,,"",
"","100000008012683","NGC1","","",4.82,,"",
"","100000007914417","NAT1","","",19.8133,,"",
"","100000007914440","NAT1","","",20.7561,,"",
"","100000007913411","NAT1","","",118.0085,,"",
"","100000007914330","NAT1","","",54.1515,,"",
"","100000007914381","NAT1","","",58.3527,,"",
"","100000007914292","NAT1","","",127.2511,,"",
"","100000007909426","NAT1","","",73.7757,,"",
"","100000007909498","NAT1","","",60.3297,,"",
"","100000007909523","NAT1","","",38.8435,,"",
"","100000007907481","NAT1","","",37.2205,,"",
"","100000007907620","NAT1","","",10.7887,,"",
"","100000007907524","NAT1","","",71.9464,,"",
"","100000008037700","NGC1","","",0.66,,"",
"","100000008036556","NGC1","","",1.26,,"",
"","100000008036638","NGC1","","",0.44,,"",
"","100000008016677","NGC1","","",2.79,,"",
"","100000008016917","NGC1","","",4.8,,"",
"","100000008017091","NGC1","","",4.67,,"",
"","100000008017388","NGC1","","",4.98,,"",
"","100000008017597","NGC1","","",4.9,,"",
"","100000008018048","NGC1","","",5.12,,"",
"","100000008013101","NGC1","","",3.07,,"",
"","100000008036925","NGC1","","",1.21,,"",
"","100000008036513","NGC1","","",0.73,,"",
"","100000008036759","NGC1","","",0.8,,"",
"","100000007914867","NAT1","","",31.8291,,"",
"","100000007914476","NAT1","","",21.6657,,"",
"","100000007914498","NAT1","","",22.7695,,"",
"","100000007914399","NAT1","","",22.7695,,"",
"","100000007914423","NAT1","","",22.7695,,"",
"","100000007905776","NAT1","","",5.9654,,"",
"","100000007905428","NAT1","","",9.2402,,"",
"","100000007905411","NAT1","","",48.7257,,"",
"","100000007914293","NAT1","","",31.8735,,"",
"","100000007914307","NAT1","","",72.2329,,"",
"","100000307474586","NAT1","","",9.3033,,"",
"","100000307474586","NAT1","","",9.5674,,"",
"","100000007909151","NAT1","","",61.8315,,"",
"","100000007909175","NAT1","","",99.8469,,"",
"","100000007909176","NAT1","","",99.1795,,"",
"","100000008034015","NGC1","","",2.66,,"",
"","100000008034482","NGC1","","",0.46,,"",
"","100000008034762","NGC1","","",0.47,,"",
"","100000008010298","NGC1","","",20.63,,"",
"","100000008028839","NGC1","","",3.35,,"",
"","100000008028548","NGC1","","",5.61,,"",
"","100000008029171","NGC1","","",2.55,,"",
"","100000008028079","NGC1","","",1.55,,"",
"","100000008013041","NGC1","","",1.88,,"",
"","100000007906664","NAT1","","",0.5356,,"",
"","100000007906717","NAT1","","",5.9792,,"",
"","100000007906457","NAT1","","",7.9627,,"",
"","100000007906617","NAT1","","",0.5648,,"",
"","100000007905393","NAT1","","",84.2066,,"",
"","100000007905447","NAT1","","",7.1662,,"",
"","100000007906043","NAT1","","",17.2778,,"",
"","100000007906149","NAT1","","",18.9211,,"",
"","100000007904494","NAT1","","",5.4973,,"",
"","100000007904303","NAT1","","",0.5951,,"",
"","100000007904385","NAT1","","",0.0762,,"",
"","100000007904427","NAT1","","",0.1158,,"",
"","100000007904495","NAT1","","",0.1088,,"",
"","100000007904522","NAT1","","",0.4779,,"",
"","100000007908879","NAT1","","",23.5355,,"",
"","100000008021668","NGC1","","",3.41,,"",
"","100000008022147","NGC1","","",25.7,,"",
"","100000008016707","NGC1","","",22.02,,"",
"","100000008028693","NGC1","","",3.53,,"",
"","100000008028108","NGC1","","",10.72,,"",
"","100000008011909","NGC1","","",3.43,,"",
"","100000008010219","NGC1","","",28.04,,"",
"","100000007913817","NAT1","","",23.0327,,"",
"","100000007913844","NAT1","","",23.0402,,"",
"","100000007913717","NAT1","","",23.0402,,"",
"","100000007913788","NAT1","","",0.7742,,"",
"","100000007906718","NAT1","","",0.1052,,"",
"","100000007906358","NAT1","","",0.1399,,"",
"","100000007906215","NAT1","","",18.9313,,"",
"","100000007906265","NAT1","","",21.3774,,"",
"","100000007906170","NAT1","","",22.3602,,"",
"","100000007906290","NAT1","","",28.9734,,"",
"","100000007904515","NAT1","","",16.5159,,"",
"","100000007904328","NAT1","","",1.1743,,"",
"","100000307474578","NAT1","","",48.17,,"",
"","100000307474579","NAT1","","",49.425,,"",
"","100000007910020","NAT1","","",11.6985,,"",
"","100000008017359","NGC1","","",4.3,,"",
"","100000008024507","NGC1","","",1.85,,"",
"","100000007913807","NAT1","","",1.2864,,"",
"","100000007913835","NAT1","","",1.4326,,"",
"","100000007913706","NAT1","","",259.9075,,"",
"","100000007913730","NAT1","","",5.5154,,"",
"","100000007913762","NAT1","","",4.7792,,"",
"","100000007906313","NAT1","","",25.6398,,"",
"","100000007908263","NAT1","","",23.5376,,"",
"","100000007908397","NAT1","","",27.5927,,"",
"","100000007908151","NAT1","","",25.1374,,"",
"","100000007916373","NAT1","","",0.8243,,"",
"","100000007916407","NAT1","","",0.5961,,"",
"","100000007916323","NAT1","","",1.1836,,"",
"","100000007916345","NAT1","","",0.9766,,"",
"","100000007916374","NAT1","","",0.4613,,"",
"","100000007916333","NAT1","","",0.0827,,"",
"","100000007916340","NAT1","","",0.0833,,"",
"","100000007916349","NAT1","","",0.6812,,"",
"","100000007916360","NAT1","","",1.1222,,"",
"","100000007916368","NAT1","","",1.3946,,"",
"","100000007916369","NAT1","","",2.0745,,"",
"","100000007916403","NAT1","","",1.2393,,"",
"","100000007916426","NAT1","","",2.8507,,"",
"","100000007916576","NAT1","","",23.5649,,"",
"","100000007915126","NAT1","","",1.1659,,"",
"","100000007915163","NAT1","","",1.0288,,"",
"","100000007915085","NAT1","","",1.7291,,"",
"","100000007915087","NAT1","","",4.0898,,"",
"","100000007918567","NAT1","","",8.8225,,"",
"","100000007918599","NAT1","","",9.8709,,"",
"","100000007918617","NAT1","","",9.4958,,"",
"","100000007918552","NAT1","","",9,,"",
"","100000007918903","NAT1","","",13.2849,,"",
"","100000007918925","NAT1","","",12.5946,,"",
"","100000007918974","NAT1","","",11.4566,,"",
"","100000007918519","NAT1","","",44.4013,,"",
"","100000007979051","NGC1","","",0.033,,"",
"","100000007979079","NGC1","","",0.4,,"",
"","100000007979116","NGC1","","",0.413,,"",
"","100000007975168","NGC1","","",0.421,,"",
"","100000007977252","NGC1","","",0.2175,,"",
"","100000007976013","NGC1","","",0.316,,"",
"","100000007976045","NGC1","","",0.277,,"",
"","100000007976102","NGC1","","",0.1665,,"",
"","100000007976251","NGC1","","",0.404,,"",
"","100000007976000","NGC1","","",0.1965,,"",
"","100000007976062","NGC1","","",0.196,,"",
"","100000007967016","NGC1","","",0.472,,"",
"","100000007917273","NAT1","","",92.408,,"",
"","100000007917315","NAT1","","",160.4386,,"",
"","100000007916100","NAT1","","",39.398,,"",
"","100000007916092","NAT1","","",39.7038,,"",
"","100000307493547","NAT1","","",57.074,,"",
"","100000307493548","NAT1","","",50.48,,"",
"","100000307493549","NAT1","","",23.16,,"",
"","100000307493550","NAT1","","",23.546,,"",
"","100000307493551","NAT1","","",23.588,,"",
"","100000307493553","NAT1","","",80.872,,"",
"","100000007918568","NAT1","","",8.8576,,"",
"","100000007918605","NAT1","","",8.8987,,"",
"","100000007918593","NAT1","","",9.811,,"",
"","100000007918626","NAT1","","",10.0543,,"",
"","100000007918570","NAT1","","",8.5548,,"",
"","100000007918794","NAT1","","",8.1766,,"",
"","100000007918864","NAT1","","",83.3142,,"",
"","100000007919002","NAT1","","",5.3205,,"",
"","100000007919017","NAT1","","",5.4521,,"",
"","100000007915335","NAT1","","",24.5688,,"",
"","100000007918962","NAT1","","",5.5548,,"",
"","100000007915329","NAT1","","",30.7303,,"",
"","100000007915336","NAT1","","",30.7303,,"",
"","100000007914968","NAT1","","",30.7303,,"",
"","100000007914989","NAT1","","",32.5874,,"",
"","100000007915061","NAT1","","",32.2504,,"",
"","100000007959025","NGC1","","",0.676,,"",
"","100000007958749","NGC1","","",0.698,,"",
"","100000007958800","NGC1","","",0.732,,"",
"","100000007958522","NGC1","","",0.761,,"",
"","100000007958622","NGC1","","",0.732,,"",
"","100000007958694","NGC1","","",0.763,,"",
"","100000007976184","NGC1","","",0.265,,"",
"","100000007976235","NGC1","","",0.31,,"",
"","100000007976027","NGC1","","",0.192,,"",
"","100000007976147","NGC1","","",0.2165,,"",
"","100000007957532","NGC1","","",0.587,,"",
"","100000007957443","NGC1","","",0.742,,"",
"","100000007957482","NGC1","","",0.844,,"",
"","100000007957509","NGC1","","",0.1845,,"",
"","100000007957525","NGC1","","",1.072,,"",
"","100000007967073","NGC1","","",0.344,,"",
"","100000007967109","NGC1","","",0.705,,"",
"","100000007966952","NGC1","","",0.386,,"",
"","100000007966955","NGC1","","",0.362,,"",
"","100000007966917","NGC1","","",0.73,,"",
"","100000007966956","NGC1","","",1.15,,"",
"","100000007967182","NGC1","","",0.67,,"",
"","100000007966996","NGC1","","",0.199,,"",
"","100000007967037","NGC1","","",0.316,,"",
"","100000007917341","NAT1","","",35.568,,"",
"","100000007917365","NAT1","","",44.7941,,"",
"","100000007917387","NAT1","","",52.1853,,"",
"","100000007917274","NAT1","","",13.8462,,"",
"","100000007916149","NAT1","","",45.5569,,"",
"","100000007916140","NAT1","","",2.8554,,"",
"","100000007915096","NAT1","","",0.6455,,"",
"","100000007915932","NAT1","","",1.0573,,"",
"","100000007916005","NAT1","","",0.912,,"",
"","100000007916030","NAT1","","",0.6429,,"",
"","100000007916055","NAT1","","",1.0039,,"",
"","100000007916076","NAT1","","",0.923,,"",
"","100000007915455","NAT1","","",2.4009,,"",
"","100000007915489","NAT1","","",6.5749,,"",
"","100000007915526","NAT1","","",0.1917,,"",
"","100000008011278","NAT1","","",197.7511,,"",
"","100000007918784","NAT1","","",11.3858,,"",
"","100000007918803","NAT1","","",11.5643,,"",
"","100000007917547","NAT1","","",3.8913,,"",
"","100000007917562","NAT1","","",3.284,,"",
"","100000007917579","NAT1","","",2.6962,,"",
"","100000007918920","NAT1","","",5.4445,,"",
"","100000007918725","NAT1","","",14.9852,,"",
"","100000007918911","NAT1","","",2.1837,,"",
"","100000007918924","NAT1","","",2.0772,,"",
"","100000007914934","NAT1","","",35.7885,,"",
"","100000007914969","NAT1","","",29.1128,,"",
"","100000007914978","NAT1","","",29.1128,,"",
"","100000007914999","NAT1","","",29.1128,,"",
"","100000007915018","NAT1","","",29.1128,,"",
"","100000007915032","NAT1","","",2.0142,,"",
"","100000007969980","NGC1","","",0.089,,"",
"","100000007970014","NGC1","","",0.091,,"",
"","100000007970051","NGC1","","",0.099,,"",
"","100000007970106","NGC1","","",0.1105,,"",
"","100000007970127","NGC1","","",0.1315,,"",
"","100000007958376","NGC1","","",0.853,,"",
"","100000007958437","NGC1","","",1.097,,"",
"","100000007958549","NGC1","","",0.844,,"",
"","100000007958623","NGC1","","",0.954,,"",
"","100000007957420","NGC1","","",1.121,,"",
"","100000007957433","NGC1","","",0.314,,"",
"","100000007957460","NGC1","","",0.339,,"",
"","100000007957497","NGC1","","",1.76,,"",
"","100000007957470","NGC1","","",0.37,,"",
"","100000007957523","NGC1","","",0.29,,"",
"","100000007969069","NGC1","","",0.1735,,"",
"","100000007968850","NGC1","","",0.1335,,"",
"","100000007969094","NGC1","","",0.151,,"",
"","100000007967091","NGC1","","",0.274,,"",
"","100000007967125","NGC1","","",0.1565,,"",
"","100000007967056","NGC1","","",0.175,,"",
"","100000007916143","NAT1","","",35.3902,,"",
"","100000007916165","NAT1","","",69.2311,,"",
"","100000007916124","NAT1","","",30.5315,,"",
"","100000007916144","NAT1","","",33.1474,,"",
"","100000007916969","NAT1","","",25.3538,,"",
"","100000007915939","NAT1","","",1.0329,,"",
"","100000007915965","NAT1","","",0.9082,,"",
"","100000007916225","NAT1","","",0.4363,,"",
"","100000007915544","NAT1","","",0.6025,,"",
"","100000007915450","NAT1","","",0.2235,,"",
"","100000007915467","NAT1","","",0.2544,,"",
"","100000007915483","NAT1","","",0.6905,,"",
"","100000007915502","NAT1","","",1.248,,"",
"","100000007915519","NAT1","","",0.5691,,"",
"","100000007917632","NAT1","","",45.2928,,"",
"","100000007917647","NAT1","","",6.7101,,"",
"","100000007917548","NAT1","","",20.3168,,"",
"","100000007917568","NAT1","","",37.6931,,"",
"","100000007917564","NAT1","","",15.3926,,"",
"","100000007918636","NAT1","","",8.6333,,"",
"","100000007917219","NAT1","","",43.5939,,"",
"","100000007915679","NAT1","","",0.0603,,"",
"","100000007915689","NAT1","","",36.8136,,"",
"","100000007915604","NAT1","","",0.0855,,"",
"","100000007915614","NAT1","","",48.6775,,"",
"","100000007915632","NAT1","","",0.0689,,"",
"","100000007915663","NAT1","","",0.0691,,"",
"","100000007970094","NGC1","","",0.088,,"",
"","100000007969546","NGC1","","",0.105,,"",
"","100000007969621","NGC1","","",0.114,,"",
"","100000007969707","NGC1","","",0.1215,,"",
"","100000007969763","NGC1","","",0.128,,"",
"","100000007969857","NGC1","","",0.1335,,"",
"","100000007969526","NGC1","","",0.16,,"",
"","100000007969593","NGC1","","",0.181,,"",
"","100000007971788","NGC1","","",0.367,,"",
"","100000007971827","NGC1","","",0.498,,"",
"","100000007971624","NGC1","","",0.289,,"",
"","100000007971673","NGC1","","",0.274,,"",
"","100000007971714","NGC1","","",0.274,,"",
"","100000007971809","NGC1","","",0.312,,"",
"","100000007971865","NGC1","","",0.356,,"",
"","100000007957431","NGC1","","",0.29,,"",
"","100000007957051","NGC1","","",0.857,,"",
"","100000007957067","NGC1","","",1.08,,"",
"","100000007957095","NGC1","","",0.992,,"",
"","100000007957108","NGC1","","",1.206,,"",
"","100000007956998","NGC1","","",1.3,,"",
"","100000007957014","NGC1","","",1.29,,"",
"","100000007968510","NGC1","","",0.18,,"",
"","100000007968489","NGC1","","",0.236,,"",
"","100000007968490","NGC1","","",0.205,,"",
"","100000007968559","NGC1","","",0.1395,,"",
"","100000007918059","NAT1","","",16.0239,,"",
"","100000007918072","NAT1","","",53.2898,,"",
"","100000007918117","NAT1","","",4.6645,,"",
"","100000007918160","NAT1","","",213.63,,"",
"","100000007918176","NAT1","","",35.7446,,"",
"","100000307474600","NAT1","","",17.2242,,"",
"","100000307474601","NAT1","","",14.9988,,"",
"","100000007918416","NAT1","","",23.2216,,"",
"","100000007918371","NAT1","","",25.1171,,"",
"","100000307474602","NAT1","","",18.4252,,"",
"","100000007916255","NAT1","","",0.5278,,"",
"","100000007916275","NAT1","","",0.6824,,"",
"","100000007916289","NAT1","","",0.677,,"",
"","100000007916526","NAT1","","",9.584,,"",
"","100000007916449","NAT1","","",12.0147,,"",
"","100000007999986","NAT1","","",7.0025,,"",
"","100000008000265","NAT1","","",36.3904,,"",
"","100000008000838","NAT1","","",253.6299,,"",
"","100000007999892","NAT1","","",69.9045,,"",
"","100000007917642","NAT1","","",36.6543,,"",
"","100000007917535","NAT1","","",10.5908,,"",
"","100000007917556","NAT1","","",55.1632,,"",
"","100000007917594","NAT1","","",15.714,,"",
"","100000007917086","NAT1","","",5.8644,,"",
"","100000007917800","NAT1","","",16.7238,,"",
"","100000007917814","NAT1","","",33.9092,,"",
"","100000007917229","NAT1","","",12.6618,,"",
"","100000007915671","NAT1","","",42.0496,,"",
"","100000007915551","NAT1","","",0.0889,,"",
"","100000007915577","NAT1","","",0.0826,,"",
"","100000007915597","NAT1","","",55.0538,,"",
"","100000007915625","NAT1","","",0.2203,,"",
"","100000007915633","NAT1","","",61.6924,,"",
"","100000007915643","NAT1","","",0.216,,"",
"","100000007915664","NAT1","","",52.8485,,"",
"","100000007973449","NGC1","","",0.146,,"",
"","100000007973483","NGC1","","",0.107,,"",
"","100000007973533","NGC1","","",0.213,,"",
"","100000007973719","NGC1","","",0.136,,"",
"","100000007973659","NGC1","","",0.229,,"",
"","100000007973721","NGC1","","",0.2465,,"",
"","100000007973451","NGC1","","",0.2345,,"",
"","100000007973596","NGC1","","",0.178,,"",
"","100000007971905","NGC1","","",0.47,,"",
"","100000007971693","NGC1","","",0.48,,"",
"","100000007971751","NGC1","","",0.744,,"",
"","100000007970629","NGC1","","",0.1385,,"",
"","100000007970708","NGC1","","",0.174,,"",
"","100000007970760","NGC1","","",0.167,,"",
"","100000007970553","NGC1","","",0.216,,"",
"","100000007957618","NGC1","","",0.48,,"",
"","100000007968682","NGC1","","",0.298,,"",
"","100000007968727","NGC1","","",0.353,,"",
"","100000007968467","NGC1","","",0.1565,,"",
"","100000007917577","NAT1","","",16.1865,,"",
"","100000007917630","NAT1","","",16.6536,,"",
"","100000007917546","NAT1","","",18.117,,"",
"","100000007918092","NAT1","","",36.4798,,"",
"","100000007918078","NAT1","","",25.1311,,"",
"","100000007918342","NAT1","","",20.6563,,"",
"","100000007918415","NAT1","","",11.3706,,"",
"","100000307474603","NAT1","","",33.1116,,"",
"","100000307474604","NAT1","","",33.027,,"",
"","100000007918373","NAT1","","",23.5438,,"",
"","100000007918394","NAT1","","",22.9425,,"",
"","100000007918405","NAT1","","",22.6623,,"",
"","100000007915292","NAT1","","",0.1519,,"",
"","100000007916503","NAT1","","",8.8394,,"",
"","100000007916536","NAT1","","",11.4999,,"",
"","100000007916441","NAT1","","",10.6189,,"",
"","100000008000761","NAT1","","",8.363,,"",
"","100000007917029","NAT1","","",6.5458,,"",
"","100000007917846","NAT1","","",26.0663,,"",
"","100000007917871","NAT1","","",28.6884,,"",
"","100000007917888","NAT1","","",15.8096,,"",
"","100000007917791","NAT1","","",33.6408,,"",
"","100000007917802","NAT1","","",14.8701,,"",
"","100000007917815","NAT1","","",20.6835,,"",
"","100000007917152","NAT1","","",25.714,,"",
"","100000007917188","NAT1","","",26.6106,,"",
"","100000007917230","NAT1","","",2.9176,,"",
"","100000007915552","NAT1","","",0.235,,"",
"","100000007917150","NAT1","","",0.1597,,"",
"","100000007917173","NAT1","","",0.2701,,"",
"","100000007974218","NGC1","","",0.505,,"",
"","100000007974271","NGC1","","",0.442,,"",
"","100000007974177","NGC1","","",0.1455,,"",
"","100000007974273","NGC1","","",0.193,,"",
"","100000007970735","NGC1","","",0.1205,,"",
"","100000007974763","NGC1","","",0.366,,"",
"","100000007974827","NGC1","","",0.468,,"",
"","100000007974872","NGC1","","",0.429,,"",
"","100000007974968","NGC1","","",0.595,,"",
"","100000007974764","NGC1","","",0.32,,"",
"","100000007974828","NGC1","","",0.522,,"",
"","100000007963870","NGC1","","",0.1755,,"",
"","100000007963799","NGC1","","",0.136,,"",
"","100000007964013","NGC1","","",0.152,,"",
"","100000007962120","NGC1","","",0.2895,,"",
"","100000007917555","NAT1","","",18.117,,"",
"","100000007917567","NAT1","","",18.117,,"",
"","100000007917578","NAT1","","",20.9853,,"",
"","100000007917592","NAT1","","",17.2045,,"",
"","100000007917609","NAT1","","",3.5145,,"",
"","100000007917624","NAT1","","",3.7776,,"",
"","100000007917631","NAT1","","",4.1349,,"",
"","100000007917646","NAT1","","",3.5831,,"",
"","100000007918336","NAT1","","",25.6181,,"",
"","100000007915312","NAT1","","",0.1535,,"",
"","100000007915193","NAT1","","",0.1063,,"",
"","100000007915280","NAT1","","",0.038,,"",
"","100000007916475","NAT1","","",9.9383,,"",
"","100000007916494","NAT1","","",13.7248,,"",
"","100000007916757","NAT1","","",9.0754,,"",
"","100000007916777","NAT1","","",13.4923,,"",
"","100000007916797","NAT1","","",16.9367,,"",
"","100000007917133","NAT1","","",22.9078,,"",
"","100000007917019","NAT1","","",39.1563,,"",
"","100000007917822","NAT1","","",25.9533,,"",
"","100000007917836","NAT1","","",27.801,,"",
"","100000007917892","NAT1","","",35.9058,,"",
"","100000007914602","NAT1","","",5.1407,,"",
"","100000007914623","NAT1","","",4.4488,,"",
"","100000007915348","NAT1","","",8.7176,,"",
"","100000007917672","NAT1","","",9.0259,,"",
"","100000007917675","NAT1","","",12.4505,,"",
"","100000007917212","NAT1","","",4.6977,,"",
"","100000007956414","NGC1","","",0.1415,,"",
"","100000007956451","NGC1","","",0.677,,"",
"","100000007956467","NGC1","","",0.166,,"",
"","100000007956403","NGC1","","",0.62,,"",
"","100000007974896","NGC1","","",0.661,,"",
"","100000007974946","NGC1","","",0.587,,"",
"","100000007975044","NGC1","","",0.78,,"",
"","100000007975470","NGC1","","",0.464,,"",
"","100000007975511","NGC1","","",2.42,,"",
"","100000007975122","NGC1","","",0.113,,"",
"","100000007975166","NGC1","","",0.075,,"",
"","100000007975180","NGC1","","",0.098,,"",
"","100000007975192","NGC1","","",0.377,,"",
"","100000007975074","NGC1","","",0.2455,,"",
"","100000007975131","NGC1","","",0.495,,"",
"","100000007957698","NGC1","","",0.183,,"",
"","100000007957731","NGC1","","",0.161,,"",
"","100000007915539","NAT1","","",0.5601,,"",
"","100000007917540","NAT1","","",3.3789,,"",
"","100000007917459","NAT1","","",3.6276,,"",
"","100000007917501","NAT1","","",4.0487,,"",
"","100000007915299","NAT1","","",2.7557,,"",
"","100000007915227","NAT1","","",0.0702,,"",
"","100000007915316","NAT1","","",0.1211,,"",
"","100000007915134","NAT1","","",0.1055,,"",
"","100000007916597","NAT1","","",3.4642,,"",
"","100000007916631","NAT1","","",3.5472,,"",
"","100000007916659","NAT1","","",4.2308,,"",
"","100000007916675","NAT1","","",4.7677,,"",
"","100000007917042","NAT1","","",39.1821,,"",
"","100000007918268","NAT1","","",7.3017,,"",
"","100000007918290","NAT1","","",43.002,,"",
"","100000007918205","NAT1","","",6.9762,,"",
"","100000007918285","NAT1","","",10.1307,,"",
"","100000007915363","NAT1","","",8.6145,,"",
"","100000007915385","NAT1","","",8.721,,"",
"","100000007915364","NAT1","","",47.7894,,"",
"","100000007917729","NAT1","","",13.1418,,"",
"","100000007918487","NAT1","","",24.2153,,"",
"","100000007918495","NAT1","","",25.8953,,"",
"","100000007918529","NAT1","","",53.2996,,"",
"","100000007956395","NGC1","","",0.129,,"",
"","100000007956777","NGC1","","",0.62,,"",
"","100000007956812","NGC1","","",0.1415,,"",
"","100000007956711","NGC1","","",0.1785,,"",
"","100000007956726","NGC1","","",0.848,,"",
"","100000007975129","NGC1","","",0.126,,"",
"","100000007975149","NGC1","","",0.286,,"",
"","100000007975190","NGC1","","",0.1235,,"",
"","100000007975117","NGC1","","",0.554,,"",
"","100000007975133","NGC1","","",0.2545,,"",
"","100000007975171","NGC1","","",0.248,,"",
"","100000007975212","NGC1","","",0.502,,"",
"","100000007975097","NGC1","","",0.617,,"",
"","100000007975118","NGC1","","",0.559,,"",
"","100000007975172","NGC1","","",0.671,,"",
"","100000007975187","NGC1","","",0.737,,"",
"","100000007975084","NGC1","","",0.828,,"",
"","100000007965784","NGC1","","",0.215,,"",
"","100000007963250","NGC1","","",0.2235,,"",
"","100000007963418","NGC1","","",0.302,,"",
"","100000007963543","NGC1","","",0.3995,,"",
"","100000007963256","NGC1","","",0.266,,"",
"","100000007915441","NAT1","","",0.5978,,"",
"","100000007915460","NAT1","","",0.6175,,"",
"","100000007915474","NAT1","","",1.2253,,"",
"","100000007915494","NAT1","","",2.0322,,"",
"","100000007915511","NAT1","","",2.6378,,"",
"","100000007915531","NAT1","","",3.009,,"",
"","100000007917111","NAT1","","",4.3014,,"",
"","100000007917001","NAT1","","",3.0213,,"",
"","100000007917036","NAT1","","",3.0228,,"",
"","100000007917053","NAT1","","",4.484,,"",
"","100000007943267","FHS1","","",0.9349,,"",
"","100000007943258","FHS1","","",0.3477,,"",
"","100000007941365","FHS1","","",3.4002,,"",
"","100000007941408","FHS1","","",3.4009,,"",
"","100000007941268","FHS1","","",3.7106,,"",
"","100000007941333","FHS1","","",4.0779,,"",
"","100000007946980","FHS1","","",2.8098,,"",
"","100000007949482","FHS1","","",1.1735,,"",
"","100000007949495","FHS1","","",1.254,,"",
"","100000007949403","FHS1","","",1.254,,"",
"","100000007935246","FHS1","","",0.196,,"",
"","100000007935313","FHS1","","",0.1502,,"",
"","100000007941355","FHS1","","",4.4792,,"",
"","100000007941386","FHS1","","",4.8847,,"",
"","100000007949394","FHS1","","",0.0918,,"",
"","100000007949408","FHS1","","",0.1075,,"",
"","100000007949431","FHS1","","",0.1004,,"",
"","100000007942130","FHS1","","",6.3,,"",
"","100000007942202","FHS1","","",8.0998,,"",
"","100000007949453","FHS1","","",0.0772,,"",
"","100000007949465","FHS1","","",0.1075,,"",
"","100000007949488","FHS1","","",0.1363,,"",
"","100000007950405","FHS1","","",3.1768,,"",
"","100000007950422","FHS1","","",4.0288,,"",
"","100000007950450","FHS1","","",4.4367,,"",
"","100000007945937","FHS1","","",0.1166,,"",
"","100000007945969","FHS1","","",0.1921,,"",
"","100000007945991","FHS1","","",0.1542,,"",
"","100000007946005","FHS1","","",0.0886,,"",
"","100000007946025","FHS1","","",0.1948,,"",
"","100000007946039","FHS1","","",0.2137,,"",
"","100000007945963","FHS1","","",0.2842,,"",
"","100000007945977","FHS1","","",0.2625,,"",
"","100000007936069","FHS1","","",0.0487,,"",
"","100000007944201","FHS1","","",0.6172,,"",
"","100000007944268","FHS1","","",0.9961,,"",
"","100000007944289","FHS1","","",1.4184,,"",
"","100000007944216","FHS1","","",2.4184,,"",
"","100000007945983","FHS1","","",1.8919,,"",
"","100000007946016","FHS1","","",2.0339,,"",
"","100000007946038","FHS1","","",2.1767,,"",
"","100000007945942","FHS1","","",2.3188,,"",
"","100000007945978","FHS1","","",2.5961,,"",
"","100000007939260","FHS1","","",0.5511,,"",
"","100000007933531","FHS1","","",0.7953,,"",
"","100000007938581","FHS1","","",0.1575,,"",
"","100000007944215","FHS1","","",1.4747,,"",
"","100000007944241","FHS1","","",1.1979,,"",
"","100000007944320","FHS1","","",1.33,,"",
"","100000007944335","FHS1","","",2.2442,,"",
"","100000007939561","FHS1","","",0.5795,,"",
"","100000007939582","FHS1","","",0.5914,,"",
"","100000007939611","FHS1","","",0.5914,,"",
"","100000007939632","FHS1","","",0.6165,,"",
"","100000007939536","FHS1","","",0.6286,,"",
"","100000007952124","FHS1","","",0.0868,,"",
"","100000007952053","FHS1","","",0.1908,,"",
"","100000007939585","FHS1","","",0.7354,,"",
"","100000007942864","FHS1","","",3.2889,,"",
"","100000007942898","FHS1","","",3.9502,,"",
"","100000007942800","FHS1","","",4.5315,,"",
"","100000007952069","FHS1","","",0.2094,,"",
"","100000007952088","FHS1","","",0.2498,,"",
"","100000007952023","FHS1","","",0.3674,,"",
"","100000007952047","FHS1","","",0.3942,,"",
"","100000007952105","FHS1","","",0.1017,,"",
"","100000007943994","FHS1","","",0.1733,,"",
"","100000007944017","FHS1","","",0.0937,,"",
"","100000007944032","FHS1","","",0.1777,,"",
"","100000007943964","FHS1","","",0.2176,,"",
"","100000007943984","FHS1","","",0.2946,,"",
"","100000007952117","FHS1","","",0.4881,,"",
"","100000007943923","FHS1","","",0.3123,,"",
"","100000007943933","FHS1","","",0.4046,,"",
"","100000007944242","FHS1","","",0.1253,,"",
"","100000007952039","FHS1","","",8.1538,,"",
"","100000007952058","FHS1","","",1.5372,,"",
"","100000007952125","FHS1","","",1.7721,,"",
"","100000007952032","FHS1","","",1.8879,,"",
"","100000007944258","FHS1","","",0.4489,,"",
"","100000007933630","FHS1","","",0.9077,,"",
"","100000007933516","FHS1","","",1.0574,,"",
"","100000007941480","FHS1","","",2.9183,,"",
"","100000007952046","FHS1","","",1.6958,,"",
"","100000007952082","FHS1","","",2.136,,"",
"","100000007952103","FHS1","","",2.846,,"",
"","100000007951922","FHS1","","",3.1309,,"",
"","100000007945090","FHS1","","",0.4658,,"",
"","100000007945122","FHS1","","",0.5159,,"",
"","100000007945170","FHS1","","",0.463,,"",
"","100000007945196","FHS1","","",0.571,,"",
"","100000007945214","FHS1","","",0.625,,"",
"","100000007945087","FHS1","","",0.7952,,"",
"","100000007945119","FHS1","","",0.8188,,"",
"","100000007945968","FHS1","","",0.9563,,"",
"","100000007945989","FHS1","","",0.9209,,"",
"","100000007941431","FHS1","","",3.9417,,"",
"","100000007941472","FHS1","","",5.1875,,"",
"","100000007941407","FHS1","","",5.2234,,"",
"","100000007951936","FHS1","","",3.4194,,"",
"","100000007951959","FHS1","","",3.7068,,"",
"","100000007946003","FHS1","","",1.1142,,"",
"","100000007945949","FHS1","","",0.4658,,"",
"","100000007945964","FHS1","","",1.3746,,"",
"","100000007946683","FHS1","","",0.6244,,"",
"","100000007946701","FHS1","","",0.8188,,"",
"","100000007941281","FHS1","","",5.7583,,"",
"","100000007946621","FHS1","","",0.9958,,"",
"","100000007946638","FHS1","","",1.2454,,"",
"","100000007946721","FHS1","","",1.4328,,"",
"","100000007946759","FHS1","","",1.6344,,"",
"","100000007946627","FHS1","","",1.8167,,"",
"","100000007946951","FHS1","","",2.6009,,"",
"","100000007943284","FHS1","","",0.4164,,"",
"","100000007943310","FHS1","","",0.5634,,"",
"","100000007943337","FHS1","","",0.4857,,"",
"","100000007943949","FHS1","","",0.3181,,"",
"","100000007943974","FHS1","","",0.3323,,"",
"","100000007945405","FHS1","","",5.9512,,"",
"","100000007935267","FHS1","","",0.1617,,"",
"","100000007945151","FHS1","","",6.6377,,"",
"","100000007945183","FHS1","","",7.3723,,"",
"","100000007945102","FHS1","","",8.4989,,"",
"","100000007945120","FHS1","","",9.7291,,"",
"","100000007945152","FHS1","","",10.5721,,"",
"","100000007945171","FHS1","","",11.6342,,"",
"","100000007937526","FHS1","","",0.9423,,"",
"","100000007935287","FHS1","","",0.1972,,"",
"","100000007935301","FHS1","","",0.1738,,"",
"","100000007945198","FHS1","","",12.4605,,"",
"","100000007945215","FHS1","","",14.0751,,"",
"","100000007945088","FHS1","","",14.4674,,"",
"","100000007945138","FHS1","","",16.7702,,"",
"","100000007947147","FHS1","","",0.9653,,"",
"","100000007939741","FHS1","","",0.1528,,"",
"","100000007948537","FHS1","","",13.0421,,"",
"","100000007951866","FHS1","","",0.4432,,"",
"","100000007948589","FHS1","","",0.3751,,"",
"","100000007948557","FHS1","","",0.3719,,"",
"","100000007948579","FHS1","","",0.5172,,"",
"","100000007948456","FHS1","","",0.6946,,"",
"","100000007949412","FHS1","","",0.4756,,"",
"","100000007951786","FHS1","","",0.5453,,"",
"","100000007951809","FHS1","","",0.4894,,"",
"","100000007951823","FHS1","","",0.5585,,"",
"","100000007951843","FHS1","","",0.6613,,"",
"","100000007951859","FHS1","","",0.8409,,"",
"","100000007948483","FHS1","","",0.453,,"",
"","100000007948509","FHS1","","",0.4205,,"",
"","100000007939760","FHS1","","",0.2658,,"",
"","100000007949426","FHS1","","",0.5554,,"",
"","100000007949447","FHS1","","",0.7675,,"",
"","100000007949470","FHS1","","",0.7026,,"",
"","100000007949391","FHS1","","",0.7411,,"",
"","100000007949402","FHS1","","",0.2472,,"",
"","100000007949427","FHS1","","",0.9682,,"",
"","100000007951880","FHS1","","",0.7791,,"",
"","100000007951818","FHS1","","",0.91,,"",
"","100000007951832","FHS1","","",0.973,,"",
"","100000007954336","FHS1","","",1.1132,,"",
"","100000007954351","FHS1","","",1.3613,,"",
"","100000007954296","FHS1","","",1.6002,,"",
"","100000007939277","FHS1","","",0.3372,,"",
"","100000007939298","FHS1","","",0.3962,,"",
"","100000007939343","FHS1","","",0.423,,"",
"","100000007939231","FHS1","","",0.5126,,"",
"","100000007951851","FHS1","","",1.1783,,"",
"","100000007949448","FHS1","","",1.093,,"",
"","100000007950148","FHS1","","",1.1325,,"",
"","100000007950249","FHS1","","",1.4504,,"",
"","100000007950171","FHS1","","",1.5095,,"",
"","100000007952099","FHS1","","",1.3081,,"",
"","100000007952123","FHS1","","",1.666,,"",
"","100000007952031","FHS1","","",1.7919,,"",
"","100000007952044","FHS1","","",1.9183,,"",
"","100000007952066","FHS1","","",2.2064,,"",
"","100000007941111","FHS1","","",1.284,,"",
"","100000007941136","FHS1","","",1.1709,,"",
"","100000007941152","FHS1","","",1.3921,,"",
"","100000007941173","FHS1","","",1.5853,,"",
"","100000007941191","FHS1","","",2.7738,,"",
"","100000007951304","FHS1","","",5.6002,,"",
"","100000007952100","FHS1","","",2.4702,,"",
"","100000007952067","FHS1","","",0.1234,,"",
"","100000007952086","FHS1","","",0.1691,,"",
"","100000007952101","FHS1","","",0.1368,,"",
"","100000007944000","FHS1","","",0.2847,,"",
"","100000007944037","FHS1","","",0.4136,,"",
"","100000007943939","FHS1","","",0.5585,,"",
"","100000007943954","FHS1","","",0.1958,,"",
"","100000007941235","FHS1","","",3.3725,,"",
"","100000007941137","FHS1","","",0.9992,,"",
"","100000007941159","FHS1","","",1.5328,,"",
"","100000007941174","FHS1","","",1.6442,,"",
"","100000007941200","FHS1","","",1.7513,,"",
"","100000007941215","FHS1","","",1.8542,,"",
"","100000007941112","FHS1","","",1.9096,,"",
"","100000007941185","FHS1","","",2.1357,,"",
"","100000007943976","FHS1","","",0.5358,,"",
"","100000007943955","FHS1","","",0.1327,,"",
"","100000007943977","FHS1","","",0.1831,,"",
"","100000007945202","FHS1","","",4.5539,,"",
"","100000007945235","FHS1","","",6.1179,,"",
"","100000007941225","FHS1","","",2.4585,,"",
"","100000007941120","FHS1","","",2.5185,,"",
"","100000007941138","FHS1","","",2.7011,,"",
"","100000007941128","FHS1","","",3.1213,,"",
"","100000007941459","FHS1","","",3.4794,,"",
"","100000007941482","FHS1","","",4.0226,,"",
"","100000007942487","FHS1","","",0.2075,,"",
"","100000007932909","FHS1","","",0.3719,,"",
"","100000007932922","FHS1","","",0.5174,,"",
"","100000007932885","FHS1","","",0.2651,,"",
"","100000007932871","FHS1","","",0.6447,,"",
"","100000007932872","FHS1","","",0.3057,,"",
"","100000007942458","FHS1","","",13.0706,,"",
"","100000007942475","FHS1","","",0.6009,,"",
"","100000007943981","FHS1","","",2.58,,"",
"","100000007941495","FHS1","","",1.336,,"",
"","100000007941518","FHS1","","",1.1142,,"",
"","100000007941536","FHS1","","",1.5196,,"",
"","100000007941430","FHS1","","",1.6949,,"",
"","100000007941449","FHS1","","",1.7536,,"",
"","100000007941488","FHS1","","",1.9825,,"",
"","100000007935439","FHS1","","",0.064,,"",
"","100000007944041","FHS1","","",2.7763,,"",
"","100000007943945","FHS1","","",3.0937,,"",
"","100000007943961","FHS1","","",3.3507,,"",
"","100000007944006","FHS1","","",3.9711,,"",
"","100000007941528","FHS1","","",2.2134,,"",
"","100000007941441","FHS1","","",2.7226,,"",
"","100000007943211","FHS1","","",0.813,,"",
"","100000007943232","FHS1","","",0.7004,,"",
"","100000007943301","FHS1","","",1.0362,,"",
"","100000007943999","FHS1","","",0.2025,,"",
"","100000007944013","FHS1","","",0.2693,,"",
"","100000007944036","FHS1","","",0.238,,"",
"","100000007943938","FHS1","","",0.3039,,"",
"","100000007935375","FHS1","","",0.0625,,"",
"","100000007935239","FHS1","","",0.0628,,"",
"","100000007943326","FHS1","","",1.1421,,"",
"","100000007943293","FHS1","","",0.5117,,"",
"","100000007927069","NAT1","","",0.7713,,"",
"","100000007927082","NAT1","","",0.5243,,"",
"","100000007927101","NAT1","","",0.8,,"",
"","100000007929455","NAT1","","",2.2682,,"",
"","100000007929469","NAT1","","",1.3383,,"",
"","100000007923826","NAT1","","",0.6833,,"",
"","100000007931569","NAT1","","",0.2316,,"",
"","100000007931522","NAT1","","",0.6215,,"",
"","100000007927664","NAT1","","",0.1518,,"",
"","100000007925713","NAT1","","",0.5173,,"",
"","100000007925734","NAT1","","",0.8187,,"",
"","100000007925669","NAT1","","",0.5723,,"",
"","100000007925688","NAT1","","",0.4848,,"",
"","100000007925714","NAT1","","",0.3704,,"",
"","100000007923417","NAT1","","",1.2746,,"",
"","100000007923462","NAT1","","",1.8773,,"",
"","100000007923482","NAT1","","",0.8224,,"",
"","100000007923515","NAT1","","",2.2058,,"",
"","100000007923533","NAT1","","",2.3936,,"",
"","100000007923401","NAT1","","",2.4604,,"",
"","100000007927886","NAT1","","",2.5102,,"",
"","100000007927904","NAT1","","",27.7916,,"",
"","100000007924235","NAT1","","",0.9378,,"",
"","100000007924275","NAT1","","",0.3695,,"",
"","100000007927298","NAT1","","",0.3719,,"",
"","100000007927230","NAT1","","",0.4518,,"",
"","100000007929874","NAT1","","",1.687,,"",
"","100000007929896","NAT1","","",1.0094,,"",
"","100000007918941","NAT1","","",6.8404,,"",
"","100000007918978","NAT1","","",2.4912,,"",
"","100000007918915","NAT1","","",4.0981,,"",
"","100000007927024","NAT1","","",0.9751,,"",
"","100000007927042","NAT1","","",0.6898,,"",
"","100000007927055","NAT1","","",0.2999,,"",
"","100000007927075","NAT1","","",0.6256,,"",
"","100000007927088","NAT1","","",0.7173,,"",
"","100000007927025","NAT1","","",0.5672,,"",
"","100000007927039","NAT1","","",1.0196,,"",
"","100000007927056","NAT1","","",0.8906,,"",
"","100000007917460","NAT1","","",0.0231,,"",
"","100000007917470","NAT1","","",0.0374,,"",
"","100000007917463","NAT1","","",0.0332,,"",
"","100000007923865","NAT1","","",1.098,,"",
"","100000007923900","NAT1","","",1.0272,,"",
"","100000007931536","NAT1","","",2.3412,,"",
"","100000007927635","NAT1","","",0.3014,,"",
"","100000007926975","NAT1","","",2.0421,,"",
"","100000007926870","NAT1","","",1.3652,,"",
"","100000007924491","NAT1","","",1.2211,,"",
"","100000007924563","NAT1","","",1.0741,,"",
"","100000007924530","NAT1","","",0.6333,,"",
"","100000007922043","NAT1","","",1.0357,,"",
"","100000007923196","NAT1","","",0.9495,,"",
"","100000007923212","NAT1","","",0.8916,,"",
"","100000007923230","NAT1","","",0.2479,,"",
"","100000007923240","NAT1","","",0.9188,,"",
"","100000007923125","NAT1","","",0.554,,"",
"","100000007929812","NAT1","","",0.9925,,"",
"","100000007929834","NAT1","","",2.2555,,"",
"","100000007929849","NAT1","","",1.0166,,"",
"","100000007929889","NAT1","","",2.3653,,"",
"","100000007929784","NAT1","","",2.1008,,"",
"","100000007927011","NAT1","","",0.6864,,"",
"","100000007927032","NAT1","","",0.4522,,"",
"","100000007927077","NAT1","","",0.7202,,"",
"","100000007927276","NAT1","","",0.4638,,"",
"","100000007927293","NAT1","","",0.1886,,"",
"","100000007917489","NAT1","","",0.0508,,"",
"","100000007917505","NAT1","","",0.0754,,"",
"","100000007917516","NAT1","","",0.0252,,"",
"","100000007917440","NAT1","","",0.0888,,"",
"","100000007917456","NAT1","","",0.2737,,"",
"","100000007924720","NAT1","","",1.5005,,"",
"","100000007924743","NAT1","","",1.4314,,"",
"","100000007929104","NAT1","","",36.3485,,"",
"","100000007927667","NAT1","","",1.15,,"",
"","100000007930263","NAT1","","",0.1863,,"",
"","100000007926903","NAT1","","",0.5566,,"",
"","100000007924557","NAT1","","",0.8649,,"",
"","100000007924521","NAT1","","",0.7183,,"",
"","100000007924564","NAT1","","",1.0145,,"",
"","100000007924484","NAT1","","",0.5573,,"",
"","100000007923213","NAT1","","",0.8482,,"",
"","100000007923241","NAT1","","",1.1862,,"",
"","100000007923149","NAT1","","",1.0404,,"",
"","100000007923188","NAT1","","",0.6049,,"",
"","100000007929797","NAT1","","",1.6036,,"",
"","100000007929805","NAT1","","",1.1805,,"",
"","100000007929818","NAT1","","",1.3938,,"",
"","100000007929828","NAT1","","",1.1866,,"",
"","100000007929846","NAT1","","",1.0322,,"",
"","100000007929860","NAT1","","",0.9865,,"",
"","100000007929863","NAT1","","",1.0506,,"",
"","100000007927299","NAT1","","",1.5505,,"",
"","100000007925964","NAT1","","",0.906,,"",
"","100000007925847","NAT1","","",0.6053,,"",
"","100000007929116","NAT1","","",11.7094,,"",
"","100000007929501","NAT1","","",1.0675,,"",
"","100000007929470","NAT1","","",2.0932,,"",
"","100000007929482","NAT1","","",1.7182,,"",
"","100000007929502","NAT1","","",2.1559,,"",
"","100000007929517","NAT1","","",1.7986,,"",
"","100000007932985","NAT1","","",1.3507,,"",
"","100000007930284","NAT1","","",0.2256,,"",
"","100000007930301","NAT1","","",0.275,,"",
"","100000007930201","NAT1","","",0.229,,"",
"","100000007930295","NAT1","","",0.1324,,"",
"","100000007930205","NAT1","","",0.1284,,"",
"","100000007930218","NAT1","","",0.1273,,"",
"","100000007930241","NAT1","","",0.1452,,"",
"","100000007930258","NAT1","","",0.1139,,"",
"","100000007930282","NAT1","","",0.1166,,"",
"","100000007930296","NAT1","","",0.1137,,"",
"","100000007927699","NAT1","","",1.218,,"",
"","100000007925651","NAT1","","",0.3131,,"",
"","100000007925764","NAT1","","",1.8886,,"",
"","100000007932178","NAT1","","",0.4958,,"",
"","100000007932211","NAT1","","",1.0536,,"",
"","100000007922115","NAT1","","",0.4472,,"",
"","100000007928029","NAT1","","",0.8205,,"",
"","100000007928047","NAT1","","",0.3554,,"",
"","100000007928090","NAT1","","",1.0048,,"",
"","100000007925837","NAT1","","",0.9397,,"",
"","100000007929536","NAT1","","",1.8106,,"",
"","100000007929444","NAT1","","",1.7753,,"",
"","100000007932998","NAT1","","",1.0803,,"",
"","100000007933020","NAT1","","",1.228,,"",
"","100000007932932","NAT1","","",0.9406,,"",
"","100000007932945","NAT1","","",1.0444,,"",
"","100000007929061","NAT1","","",14.0066,,"",
"","100000007930211","NAT1","","",0.1691,,"",
"","100000007931389","NAT1","","",0.215,,"",
"","100000007927704","NAT1","","",1.5157,,"",
"","100000007925661","NAT1","","",0.43,,"",
"","100000007925689","NAT1","","",0.6209,,"",
"","100000007925683","NAT1","","",0.6172,,"",
"","100000007932136","NAT1","","",0.6227,,"",
"","100000007932169","NAT1","","",1.9687,,"",
"","100000007932111","NAT1","","",0.3241,,"",
"","100000007929353","NAT1","","",0.3729,,"",
"","100000007917499","NAT1","","",0.1365,,"",
"","100000007917409","NAT1","","",0.1753,,"",
"","100000007917426","NAT1","","",0.2052,,"",
"","100000007917449","NAT1","","",0.2283,,"",
"","100000007931643","NAT1","","",0.0871,,"",
"","100000007931688","NAT1","","",0.0653,,"",
"","100000007931733","NAT1","","",0.0729,,"",
"","100000007931359","NAT1","","",0.0768,,"",
"","100000007931288","NAT1","","",0.0662,,"",
"","100000007929786","NAT1","","",0.857,,"",
"","100000007929821","NAT1","","",1.2297,,"",
"","100000007929870","NAT1","","",0.9189,,"",
"","100000007929901","NAT1","","",0.913,,"",
"","100000007929822","NAT1","","",1.067,,"",
"","100000007929853","NAT1","","",0.8733,,"",
"","100000007929885","NAT1","","",1.249,,"",
"","100000007929810","NAT1","","",0.7268,,"",
"","100000007929842","NAT1","","",0.7197,,"",
"","100000007918564","NAT1","","",1.8899,,"",
"","100000007918608","NAT1","","",17.3088,,"",
"","100000007918628","NAT1","","",4.9158,,"",
"","100000007927006","NAT1","","",0.3762,,"",
"","100000007927040","NAT1","","",0.3721,,"",
"","100000007927072","NAT1","","",0.3576,,"",
"","100000007927018","NAT1","","",0.6598,,"",
"","100000007917490","NAT1","","",0.3456,,"",
"","100000007917506","NAT1","","",0.3837,,"",
"","100000007917522","NAT1","","",0.4144,,"",
"","100000007917416","NAT1","","",0.4929,,"",
"","100000007929076","NAT1","","",14.0066,,"",
"","100000007931466","NAT1","","",0.4247,,"",
"","100000007931377","NAT1","","",0.1846,,"",
"","100000007926938","NAT1","","",1.1219,,"",
"","100000007926883","NAT1","","",1.0239,,"",
"","100000007917508","NAT1","","",0.0414,,"",
"","100000007917518","NAT1","","",0.0549,,"",
"","100000007917412","NAT1","","",0.0514,,"",
"","100000007917404","NAT1","","",0.0628,,"",
"","100000007917430","NAT1","","",0.0395,,"",
"","100000007918893","NAT1","","",2.1763,,"",
"","100000007928412","NAT1","","",2.2575,,"",
"","100000007928450","NAT1","","",2.021,,"",
"","100000007928470","NAT1","","",1.0041,,"",
"","100000007921763","NAT1","","",0.5497,,"",
"","100000007921811","NAT1","","",2.389,,"",
"","100000007929803","NAT1","","",3.1453,,"",
"","100000007918553","NAT1","","",3.7872,,"",
"","100000007918606","NAT1","","",12.8529,,"",
"","100000007918624","NAT1","","",6.9398,,"",
"","100000007927074","NAT1","","",0.3643,,"",
"","100000007917465","NAT1","","",0.0464,,"",
"","100000007917483","NAT1","","",0.0654,,"",
"","100000007917498","NAT1","","",0.0474,,"",
"","100000007917523","NAT1","","",0.0758,,"",
"","100000007917408","NAT1","","",0.0836,,"",
"","100000007917417","NAT1","","",0.0919,,"",
"","100000007930274","NAT1","","",0.1393,,"",
"","100000007930275","NAT1","","",0.3047,,"",
"","100000007926858","NAT1","","",1.1429,,"",
"","100000007926942","NAT1","","",1.5429,,"",
"","100000007932183","NAT1","","",0.5736,,"",
"","100000007932217","NAT1","","",0.7841,,"",
"","100000007932151","NAT1","","",0.2967,,"",
"","100000007929388","NAT1","","",0.8299,,"",
"","100000007929407","NAT1","","",0.3886,,"",
"","100000007929158","NAT1","","",8.5157,,"",
"","100000007929179","NAT1","","",8.4131,,"",
"","100000007929207","NAT1","","",12.6344,,"",
"","100000007922780","NAT1","","",2.09,,"",
"","100000007922687","NAT1","","",1.3194,,"",
"","100000007922716","NAT1","","",1.2004,,"",
"","100000007931333","NAT1","","",0.0983,,"",
"","100000007931351","NAT1","","",0.1689,,"",
"","100000007931330","NAT1","","",0.7846,,"",
"","100000007931346","NAT1","","",0.6478,,"",
"","100000007931363","NAT1","","",0.9963,,"",
"","100000007931298","NAT1","","",0.6929,,"",
"","100000007931331","NAT1","","",0.0925,,"",
"","100000007931347","NAT1","","",0.1249,,"",
"","100000007927048","NAT1","","",2.2485,,"",
"","100000007928063","NAT1","","",0.6185,,"",
"","100000007927972","NAT1","","",0.5641,,"",
"","100000007917448","NAT1","","",0.1089,,"",
"","100000007917491","NAT1","","",0.1093,,"",
"","100000007929411","NAT1","","",0.2322,,"",
"","100000007929379","NAT1","","",0.2249,,"",
"","100000007932827","NAT1","","",1.1889,,"",
"","100000007932843","NAT1","","",1.1835,,"",
"","100000007932873","NAT1","","",1.1597,,"",
"","100000007930297","NAT1","","",0.1589,,"",
"","100000007930189","NAT1","","",0.1326,,"",
"","100000007930212","NAT1","","",1.1361,,"",
"","100000007930229","NAT1","","",0.6811,,"",
"","100000007932865","NAT1","","",0.5993,,"",
"","100000007932892","NAT1","","",1.2391,,"",
"","100000007932912","NAT1","","",1.1562,,"",
"","100000007932819","NAT1","","",1.3111,,"",
"","100000007932838","NAT1","","",1.1634,,"",
"","100000007929312","NAT1","","",0.7566,,"",
"","100000007929326","NAT1","","",0.567,,"",
"","100000007929359","NAT1","","",0.7691,,"",
"","100000007929382","NAT1","","",1.03,,"",
"","100000007929333","NAT1","","",1.4397,,"",
"","100000007929354","NAT1","","",1.1947,,"",
"","100000007929389","NAT1","","",0.761,,"",
"","100000007929408","NAT1","","",0.4924,,"",
"","100000007929222","NAT1","","",11.6973,,"",
"","100000007929272","NAT1","","",10.6706,,"",
"","100000007929305","NAT1","","",11.8801,,"",
"","100000007929169","NAT1","","",12.1144,,"",
"","100000007929197","NAT1","","",12.6924,,"",
"","100000007929260","NAT1","","",0.9928,,"",
"","100000007929297","NAT1","","",1.0383,,"",
"","100000007922679","NAT1","","",0.9508,,"",
"","100000007922706","NAT1","","",0.8865,,"",
"","100000007922671","NAT1","","",1.1213,,"",
"","100000007954639","NYS1","","",0.1668,,"",
"","100000007950662","NYS1","","",11.75,,"",
"","100000007950762","NYS1","","",19.27,,"",
"","100000007954981","NYS1","","",0.102,,"",
"","100000007934381","NYS1","","",0.74,,"",
"","100000007934406","NYS1","","",0.59,,"",
"","100000007934424","NYS1","","",0.3,,"",
"","100000007934449","NYS1","","",0.65,,"",
"","100000007934469","NYS1","","",0.3,,"",
"","100000007934352","NYS1","","",0.71,,"",
"","100000007933660","NYS1","","",1.86,,"",
"","100000007933679","NYS1","","",1.9,,"",
"","100000007933692","NYS1","","",1.93,,"",
"","100000007933724","NYS1","","",1.8,,"",
"","100000007953160","NYS1","","",3.19,,"",
"","100000007953178","NYS1","","",4.29,,"",
"","100000007932271","NYS1","","",0.51,,"",
"","100000007932312","NYS1","","",0.38,,"",
"","100000007932912","NYS1","","",1.45,,"",
"","100000007932819","NYS1","","",1.67,,"",
"","100000007932838","NYS1","","",1.44,,"",
"","100000007934205","NYS1","","",0.33,,"",
"","100000007934115","NYS1","","",0.72,,"",
"","100000007949275","NYS1","","",0.94,,"",
"","100000007949292","NYS1","","",0.2492,,"",
"","100000007949313","NYS1","","",0.8,,"",
"","100000007949326","NYS1","","",1.26,,"",
"","100000007949365","NYS1","","",1.43,,"",
"","100000007950105","NYS1","","",17.17,,"",
"","100000007949934","NYS1","","",0.98,,"",
"","100000007949957","NYS1","","",1.5,,"",
"","100000007949993","NYS1","","",1.8,,"",
"","100000007950065","NYS1","","",1.37,,"",
"","100000007950106","NYS1","","",1.55,,"",
"","100000007949613","NYS1","","",1.79,,"",
"","100000007949557","NYS1","","",5.85,,"",
"","100000007949623","NYS1","","",4.6,,"",
"","100000007949542","NYS1","","",8.37,,"",
"","100000007944783","NYS1","","",7.96,,"",
"","100000007945475","NYS1","","",2.49,,"",
"","100000007945472","NYS1","","",0.5683,,"",
"","100000007945486","NYS1","","",0.7467,,"",
"","100000007945418","NYS1","","",0.84,,"",
"","100000007953467","NYS1","","",5.58,,"",
"","100000007953482","NYS1","","",6.73,,"",
"","100000007953546","NYS1","","",6.9,,"",
"","100000007953573","NYS1","","",9.14,,"",
"","100000007953459","NYS1","","",10.03,,"",
"","100000007953509","NYS1","","",11.8,,"",
"","100000007950780","NYS1","","",23.13,,"",
"","100000007950993","NYS1","","",0.89,,"",
"","100000007954973","NYS1","","",0.2272,,"",
"","100000007954996","NYS1","","",0.2953,,"",
"","100000007955017","NYS1","","",0.2633,,"",
"","100000007955030","NYS1","","",0.1966,,"",
"","100000007934398","NYS1","","",1.06,,"",
"","100000007934414","NYS1","","",0.83,,"",
"","100000007934460","NYS1","","",0.33,,"",
"","100000007934345","NYS1","","",0.56,,"",
"","100000007934399","NYS1","","",0.4,,"",
"","100000007935054","NYS1","","",0.34,,"",
"","100000007935070","NYS1","","",0.43,,"",
"","100000007935092","NYS1","","",0.5,,"",
"","100000007934988","NYS1","","",0.58,,"",
"","100000007935009","NYS1","","",0.66,,"",
"","100000007935023","NYS1","","",1.42,,"",
"","100000007953209","NYS1","","",6.36,,"",
"","100000007953443","NYS1","","",10.93,,"",
"","100000007953399","NYS1","","",17.49,,"",
"","100000007953427","NYS1","","",0.62,,"",
"","100000007932899","NYS1","","",2.04,,"",
"","100000007932920","NYS1","","",1.9,,"",
"","100000007932845","NYS1","","",1.96,,"",
"","100000007932860","NYS1","","",1.74,,"",
"","100000007932880","NYS1","","",1.73,,"",
"","100000007932893","NYS1","","",2.33,,"",
"","100000007932913","NYS1","","",1.95,,"",
"","100000007932820","NYS1","","",1.31,,"",
"","100000007949354","NYS1","","",3.1,,"",
"","100000007949378","NYS1","","",3.41,,"",
"","100000007949322","NYS1","","",3.68,,"",
"","100000007949333","NYS1","","",4.08,,"",
"","100000007949355","NYS1","","",4.42,,"",
"","100000007944000","NYS1","","",0.4619,,"",
"","100000007949298","NYS1","","",1.47,,"",
"","100000007949034","NYS1","","",0.2486,,"",
"","100000007949920","NYS1","","",1.64,,"",
"","100000007944063","NYS1","","",5.72,,"",
"","100000007944092","NYS1","","",5.95,,"",
"","100000007944112","NYS1","","",6.88,,"",
"","100000007944143","NYS1","","",6.86,,"",
"","100000007949606","NYS1","","",5.77,,"",
"","100000007944579","NYS1","","",0.95,,"",
"","100000007944550","NYS1","","",1.3,,"",
"","100000007944563","NYS1","","",1.41,,"",
"","100000007944597","NYS1","","",1.8,,"",
"","100000007944681","NYS1","","",0.4224,,"",
"","100000007944722","NYS1","","",0.5937,,"",
"","100000007944684","NYS1","","",0.7111,,"",
"","100000007944699","NYS1","","",0.82,,"",
"","100000007944724","NYS1","","",0.85,,"",
"","100000007945050","NYS1","","",1.26,,"",
"","100000007945024","NYS1","","",0.466,,"",
"","100000007950934","NYS1","","",1.06,,"",
"","100000007950949","NYS1","","",1.4,,"",
"","100000007950970","NYS1","","",1.18,,"",
"","100000007929979","NYS1","","",1.03,,"",
"","100000007929988","NYS1","","",1.02,,"",
"","100000007930042","NYS1","","",0.97,,"",
"","100000007929940","NYS1","","",0.9,,"",
"","100000007929977","NYS1","","",1.35,,"",
"","100000007930023","NYS1","","",1.59,,"",
"","100000007953335","NYS1","","",0.69,,"",
"","100000007953349","NYS1","","",0.67,,"",
"","100000007953343","NYS1","","",0.6,,"",
"","100000007953626","NYS1","","",1.21,,"",
"","100000007953655","NYS1","","",1.35,,"",
"","100000007953669","NYS1","","",1.59,,"",
"","100000007953697","NYS1","","",1.58,,"",
"","100000007953600","NYS1","","",1.94,,"",
"","100000007953627","NYS1","","",2.47,,"",
"","100000007952169","NYS1","","",10.9,,"",
"","100000007932839","NYS1","","",1.43,,"",
"","100000007932856","NYS1","","",1.47,,"",
"","100000007933534","NYS1","","",1.87,,"",
"","100000007933460","NYS1","","",0.27,,"",
"","100000007933480","NYS1","","",0.1874,,"",
"","100000007944037","NYS1","","",0.751,,"",
"","100000007943954","NYS1","","",0.3315,,"",
"","100000007943976","NYS1","","",0.89,,"",
"","100000007944335","NYS1","","",3.02,,"",
"","100000007944216","NYS1","","",3.51,,"",
"","100000007944257","NYS1","","",3.99,,"",
"","100000007944209","NYS1","","",0.4347,,"",
"","100000007944544","NYS1","","",0.6849,,"",
"","100000007944591","NYS1","","",0.1997,,"",
"","100000007944605","NYS1","","",0.3065,,"",
"","100000007944518","NYS1","","",0.2383,,"",
"","100000007944557","NYS1","","",0.1601,,"",
"","100000007944748","NYS1","","",0.2953,,"",
"","100000007945778","NYS1","","",1.27,,"",
"","100000007945682","NYS1","","",1.48,,"",
"","100000007945709","NYS1","","",1.4,,"",
"","100000007951843","NYS1","","",0.9,,"",
"","100000007951859","NYS1","","",1.26,,"",
"","100000007951880","NYS1","","",1.17,,"",
"","100000007951818","NYS1","","",1.33,,"",
"","100000007951832","NYS1","","",1.49,,"",
"","100000007951851","NYS1","","",1.75,,"",
"","100000007950877","NYS1","","",5.08,,"",
"","100000007950821","NYS1","","",5.54,,"",
"","100000007957698","NYS1","","",0.3009,,"",
"","100000007951655","NYS1","","",30.9,,"",
"","100000007951670","NYS1","","",31.75,,"",
"","100000007930050","NYS1","","",0.88,,"",
"","100000007929913","NYS1","","",0.8,,"",
"","100000007952212","NYS1","","",17.1,,"",
"","100000007952241","NYS1","","",15.49,,"",
"","100000007952273","NYS1","","",16.66,,"",
"","100000007952158","NYS1","","",19.85,,"",
"","100000007952203","NYS1","","",22.8,,"",
"","100000007933440","NYS1","","",0.156,,"",
"","100000007933472","NYS1","","",1.67,,"",
"","100000007933424","NYS1","","",1.18,,"",
"","100000007933454","NYS1","","",0.65,,"",
"","100000007943955","NYS1","","",0.2477,,"",
"","100000007943977","NYS1","","",0.3358,,"",
"","100000007943994","NYS1","","",0.2933,,"",
"","100000007944017","NYS1","","",0.1654,,"",
"","100000007944032","NYS1","","",0.2635,,"",
"","100000007944203","NYS1","","",0.7051,,"",
"","100000007944227","NYS1","","",0.537,,"",
"","100000007945202","NYS1","","",6.48,,"",
"","100000007945235","NYS1","","",9.17,,"",
"","100000007945978","NYS1","","",3.76,,"",
"","100000007945969","NYS1","","",0.2999,,"",
"","100000007944578","NYS1","","",0.3176,,"",
"","100000007945567","NYS1","","",0.3806,,"",
"","100000007945581","NYS1","","",0.4929,,"",
"","100000007945607","NYS1","","",0.4369,,"",
"","100000007945529","NYS1","","",0.5872,,"",
"","100000007945582","NYS1","","",0.7338,,"",
"","100000007945608","NYS1","","",0.83,,"",
"","100000007945624","NYS1","","",0.94,,"",
"","100000007945530","NYS1","","",1.2,,"",
"","100000007945728","NYS1","","",1.59,,"",
"","100000007945770","NYS1","","",2.08,,"",
"","100000007945647","NYS1","","",1.85,,"",
"","100000007945692","NYS1","","",2.56,,"",
"","100000007945694","NYS1","","",3.46,,"",
"","100000007945771","NYS1","","",5.17,,"",
"","100000007945677","NYS1","","",7.17,,"",
"","100000007945701","NYS1","","",8.32,,"",
"","100000007952099","NYS1","","",1.97,,"",
"","100000007952123","NYS1","","",2.71,,"",
"","100000007952031","NYS1","","",2.84,,"",
"","100000007952044","NYS1","","",3.2,,"",
"","100000007952066","NYS1","","",3.3,,"",
"","100000007952100","NYS1","","",3.78,,"",
"","100000007958318","NYS1","","",4.71,,"",
"","100000007957721","NYS1","","",0.196,,"",
"","100000007957737","NYS1","","",0.62,,"",
"","100000007957769","NYS1","","",0.2147,,"",
"","100000007957667","NYS1","","",0.56,,"",
"","100000007952117","NYS1","","",0.72,,"",
"","100000007952039","NYS1","","",10.55,,"",
"","100000007952058","NYS1","","",2.34,,"",
"","100000007951907","NYS1","","",0.534,,"",
"","100000007951927","NYS1","","",0.6295,,"",
"","100000007935304","NYS1","","",13.57,,"",
"","100000007951867","NYS1","","",19.23,,"",
"","100000007933477","NYS1","","",4.29,,"",
"","100000007933490","NYS1","","",4.08,,"",
"","100000007933401","NYS1","","",4.2,,"",
"","100000007933982","NYS1","","",1,,"",
"","100000007934020","NYS1","","",1.05,,"",
"","100000007945151","NYS1","","",9.68,,"",
"","100000007945183","NYS1","","",10.7,,"",
"","100000007945102","NYS1","","",12.26,,"",
"","100000007945120","NYS1","","",14.03,,"",
"","100000007945152","NYS1","","",15.53,,"",
"","100000007945171","NYS1","","",16.03,,"",
"","100000007945198","NYS1","","",17.69,,"",
"","100000007945215","NYS1","","",20.46,,"",
"","100000007945991","NYS1","","",0.2399,,"",
"","100000007946005","NYS1","","",0.1615,,"",
"","100000007946025","NYS1","","",0.3789,,"",
"","100000007945963","NYS1","","",0.4501,,"",
"","100000007945977","NYS1","","",0.4002,,"",
"","100000007945997","NYS1","","",0.6441,,"",
"","100000007946011","NYS1","","",0.6515,,"",
"","100000007945957","NYS1","","",0.1863,,"",
"","100000007945583","NYS1","","",0.2938,,"",
"","100000007945635","NYS1","","",1.4,,"",
"","100000007945526","NYS1","","",2.12,,"",
"","100000007945537","NYS1","","",2.23,,"",
"","100000007945822","NYS1","","",2.27,,"",
"","100000007945868","NYS1","","",2.52,,"",
"","100000007945747","NYS1","","",9.09,,"",
"","100000007945669","NYS1","","",0.6601,,"",
"","100000007945693","NYS1","","",0.81,,"",
"","100000007945752","NYS1","","",0.99,,"",
"","100000007957715","NYS1","","",0.56,,"",
"","100000007954142","NYS1","","",2.13,,"",
"","100000007952125","NYS1","","",2.63,,"",
"","100000007952032","NYS1","","",2.85,,"",
"","100000007952046","NYS1","","",2.57,,"",
"","100000007952082","NYS1","","",3.23,,"",
"","100000007951941","NYS1","","",0.74,,"",
"","100000007951967","NYS1","","",0.6448,,"",
"","100000007951979","NYS1","","",0.6406,,"",
"","100000007952007","NYS1","","",0.86,,"",
"","100000007951908","NYS1","","",1.09,,"",
"","100000007952009","NYS1","","",0.2774,,"",
"","100000007952799","NYS1","","",3.31,,"",
"","100000007952300","NYS1","","",3.21,,"",
"","100000007952324","NYS1","","",4.19,,"",
"","100000007952336","NYS1","","",4.53,,"",
"","100000007952360","NYS1","","",4.94,,"",
"","100000007952372","NYS1","","",5.37,,"",
"","100000007952397","NYS1","","",5.85,,"",
"","100000007952649","NYS1","","",6.61,,"",
"","100000007952550","NYS1","","",6.8,,"",
"","100000007952604","NYS1","","",9.54,,"",
"","100000007952626","NYS1","","",10.11,,"",
"","100000007952641","NYS1","","",12.06,,"",
"","100000007952665","NYS1","","",11.58,,"",
"","100000007952564","NYS1","","",11.56,,"",
"","100000007952595","NYS1","","",16.47,,"",
"","100000007934044","NYS1","","",1.09,,"",
"","100000007934060","NYS1","","",1.04,,"",
"","100000007934100","NYS1","","",3.33,,"",
"","100000007934000","NYS1","","",3.79,,"",
"","100000007934035","NYS1","","",4.13,,"",
"","100000007934053","NYS1","","",4.08,,"",
"","100000007934076","NYS1","","",3.07,,"",
"","100000007945088","NYS1","","",20.67,,"",
"","100000007945138","NYS1","","",21.62,,"",
"","100000007947919","NYS1","","",0.61,,"",
"","100000007945970","NYS1","","",0.76,,"",
"","100000007946006","NYS1","","",1.54,,"",
"","100000007947147","NYS1","","",1.4,,"",
"","100000007952517","NYS1","","",55.18,,"",
"","100000007953750","NYS1","","",4.16,,"",
"","100000007959297","NYS1","","",0.2688,,"",
"","100000007959369","NYS1","","",0.2911,,"",
"","100000007959411","NYS1","","",0.3283,,"",
"","100000007959145","NYS1","","",0.49,,"",
"","100000007954527","NYS1","","",0.2732,,"",
"","100000007954541","NYS1","","",0.1954,,"",
"","100000007954586","NYS1","","",0.1596,,"",
"","100000007954219","NYS1","","",2.54,,"",
"","100000007954238","NYS1","","",4.12,,"",
"","100000007954125","NYS1","","",4.63,,"",
"","100000007954202","NYS1","","",5.54,,"",
"","100000007954227","NYS1","","",8.99,,"",
"","100000007953981","NYS1","","",4.49,,"",
"","100000007951958","NYS1","","",0.1859,,"",
"","100000007951980","NYS1","","",1.29,,"",
"","100000007951997","NYS1","","",2.03,,"",
"","100000007951899","NYS1","","",2.16,,"",
"","100000007951917","NYS1","","",1.96,,"",
"","100000007935821","NYS1","","",17.63,,"",
"","100000007951909","NYS1","","",0.3493,,"",
"","100000007951931","NYS1","","",0.3516,,"",
"","100000007952771","NYS1","","",0.1941,,"",
"","100000007952798","NYS1","","",0.4449,,"",
"","100000007952818","NYS1","","",0.5256,,"",
"","100000007952693","NYS1","","",0.6489,,"",
"","100000007952301","NYS1","","",8.33,,"",
"","100000007952337","NYS1","","",8.94,,"",
"","100000007952367","NYS1","","",11.97,,"",
"","100000007952389","NYS1","","",0.6201,,"",
"","100000007952295","NYS1","","",0.6534,,"",
"","100000007952318","NYS1","","",0.5924,,"",
"","100000007952634","NYS1","","",19,,"",
"","100000007952551","NYS1","","",15.48,,"",
"","100000007934092","NYS1","","",3.05,,"",
"","100000007933990","NYS1","","",2.92,,"",
"","100000007934006","NYS1","","",3.49,,"",
"","100000007934045","NYS1","","",3.08,,"",
"","100000007934099","NYS1","","",2.36,,"",
"","100000007933999","NYS1","","",2.27,,"",
"","100000007947900","NYS1","","",1.35,,"",
"","100000007948420","NYS1","","",4.55,,"",
"","100000007946054","NYS1","","",14.71,,"",
"","100000007946147","NYS1","","",21.94,,"",
"","100000007946448","NYS1","","",2.17,,"",
"","100000007946257","NYS1","","",2.93,,"",
"","100000007953763","NYS1","","",4.16,,"",
"","100000007953785","NYS1","","",4.54,,"",
"","100000007953717","NYS1","","",0.2821,,"",
"","100000007954499","NYS1","","",0.1162,,"",
"","100000007954542","NYS1","","",0.3613,,"",
"","100000007954632","NYS1","","",0.57,,"",
"","100000007954532","NYS1","","",0.1439,,"",
"","100000007954111","NYS1","","",7.31,,"",
"","100000007955340","NYS1","","",0.3072,,"",
"","100000007955360","NYS1","","",0.44,,"",
"","100000007955386","NYS1","","",0.3871,,"",
"","100000007955297","NYS1","","",0.49,,"",
"","100000007955336","NYS1","","",0.5,,"",
"","100000007955361","NYS1","","",0.73,,"",
"","100000007954930","NYS1","","",7.08,,"",
"","100000007936132","NYS1","","",37.82,,"",
"","100000007936158","NYS1","","",39.59,,"",
"","100000007936174","NYS1","","",31.95,,"",
"","100000007936191","NYS1","","",25.16,,"",
"","100000007934244","NYS1","","",0.67,,"",
"","100000007952714","NYS1","","",0.4826,,"",
"","100000007952772","NYS1","","",0.8,,"",
"","100000007952790","NYS1","","",0.99,,"",
"","100000007952338","NYS1","","",0.6597,,"",
"","100000007952351","NYS1","","",0.6182,,"",
"","100000007953073","NYS1","","",1.53,,"",
"","100000007953000","NYS1","","",1.8,,"",
"","100000007949279","NYS1","","",5.03,,"",
"","100000007949300","NYS1","","",6.73,,"",
"","100000007949315","NYS1","","",8.04,,"",
"","100000007948347","NYS1","","",5.12,,"",
"","100000007948376","NYS1","","",5.19,,"",
"","100000007948421","NYS1","","",6.6,,"",
"","100000007948317","NYS1","","",10.71,,"",
"","100000007949071","NYS1","","",0.3222,,"",
"","100000007949971","NYS1","","",0.2791,,"",
"","100000007950020","NYS1","","",0.1254,,"",
"","100000007950067","NYS1","","",0.5245,,"",
"","100000007950018","NYS1","","",1.86,,"",
"","100000007950066","NYS1","","",3.05,,"",
"","100000007950093","NYS1","","",3.34,,"",
"","100000007949921","NYS1","","",5.18,,"",
"","100000007949945","NYS1","","",5.87,,"",
"","100000007949514","NYS1","","",8.81,,"",
"","100000007953740","NYS1","","",0.49,,"",
"","100000007953765","NYS1","","",0.4159,,"",
"","100000007953776","NYS1","","",0.2606,,"",
"","100000007953801","NYS1","","",0.54,,"",
"","100000007953832","NYS1","","",0.62,,"",
"","100000007953734","NYS1","","",0.7,,"",
"","100000007953357","NYS1","","",0.96,,"",
"","100000007953667","NYS1","","",1.14,,"",
"","100000007954761","NYS1","","",29.97,,"",
"","100000007954714","NYS1","","",0.67,,"",
"","100000007954753","NYS1","","",0.76,,"",
"","100000007954774","NYS1","","",0.8,,"",
"","100000007944386","FHS1","","",0.1166,,"",
"","100000007944407","FHS1","","",0.1189,,"",
"","100000007944435","FHS1","","",0.0851,,"",
"","100000007944494","FHS1","","",0.1493,,"",
"","100000007944618","FHS1","","",15.7719,,"",
"","100000007953546","FHS1","","",4.1372,,"",
"","100000007953573","FHS1","","",4.5828,,"",
"","100000007953459","FHS1","","",5.0275,,"",
"","100000007953509","FHS1","","",5.9177,,"",
"","100000007939971","FHS1","","",1.2914,,"",
"","100000007940012","FHS1","","",0.23,,"",
"","100000007940032","FHS1","","",0.2472,,"",
"","100000007940083","FHS1","","",0.3149,,"",
"","100000007949602","FHS1","","",0.5814,,"",
"","100000007949612","FHS1","","",0.5307,,"",
"","100000007949575","FHS1","","",0.5926,,"",
"","100000007945472","FHS1","","",0.3667,,"",
"","100000007945486","FHS1","","",0.4212,,"",
"","100000007945506","FHS1","","",0.41,,"",
"","100000007945418","FHS1","","",0.5274,,"",
"","100000007945432","FHS1","","",0.6405,,"",
"","100000007945017","FHS1","","",0.7988,,"",
"","100000007944353","FHS1","","",0.1505,,"",
"","100000007944436","FHS1","","",0.2528,,"",
"","100000007945050","FHS1","","",0.8696,,"",
"","100000007945064","FHS1","","",0.9316,,"",
"","100000007945083","FHS1","","",1.0642,,"",
"","100000007945869","FHS1","","",0.2174,,"",
"","100000007945898","FHS1","","",0.2379,,"",
"","100000007945918","FHS1","","",0.1584,,"",
"","100000007945792","FHS1","","",0.2758,,"",
"","100000007945814","FHS1","","",0.3323,,"",
"","100000007945841","FHS1","","",0.4414,,"",
"","100000007945860","FHS1","","",0.4065,,"",
"","100000007941877","FHS1","","",1.3515,,"",
"","100000007941903","FHS1","","",1.4083,,"",
"","100000007941875","FHS1","","",1.5455,,"",
"","100000007941901","FHS1","","",1.6092,,"",
"","100000007941916","FHS1","","",1.8291,,"",
"","100000007942674","FHS1","","",1.5477,,"",
"","100000007942690","FHS1","","",1.6274,,"",
"","100000007949613","FHS1","","",1.0149,,"",
"","100000007949557","FHS1","","",2.317,,"",
"","100000007939972","FHS1","","",0.3195,,"",
"","100000007940004","FHS1","","",0.3282,,"",
"","100000007940022","FHS1","","",0.3437,,"",
"","100000007940052","FHS1","","",0.3556,,"",
"","100000007940084","FHS1","","",0.4495,,"",
"","100000007939932","FHS1","","",0.4658,,"",
"","100000007945031","FHS1","","",1.7668,,"",
"","100000007945888","FHS1","","",0.4963,,"",
"","100000007945908","FHS1","","",0.4793,,"",
"","100000007945936","FHS1","","",0.6742,,"",
"","100000007945870","FHS1","","",0.1519,,"",
"","100000007945899","FHS1","","",0.7495,,"",
"","100000007945919","FHS1","","",1.2767,,"",
"","100000007945827","FHS1","","",1.3509,,"",
"","100000007937099","FHS1","","",0.3055,,"",
"","100000007944525","FHS1","","",0.4718,,"",
"","100000007944547","FHS1","","",0.5807,,"",
"","100000007944566","FHS1","","",0.5207,,"",
"","100000007944579","FHS1","","",0.6423,,"",
"","100000007944599","FHS1","","",0.7035,,"",
"","100000007944531","FHS1","","",0.8953,,"",
"","100000007944550","FHS1","","",0.8293,,"",
"","100000007944563","FHS1","","",0.9686,,"",
"","100000007944585","FHS1","","",1.0356,,"",
"","100000007944597","FHS1","","",1.2544,,"",
"","100000007943348","FHS1","","",0.3706,,"",
"","100000007954349","FHS1","","",0.7121,,"",
"","100000007954258","FHS1","","",0.8828,,"",
"","100000007942728","FHS1","","",1.8094,,"",
"","100000007942768","FHS1","","",2.0485,,"",
"","100000007932388","FHS1","","",0.4979,,"",
"","100000007932403","FHS1","","",0.6515,,"",
"","100000007952517","FHS1","","",57.2623,,"",
"","100000007950957","FHS1","","",0.4523,,"",
"","100000007950993","FHS1","","",0.5416,,"",
"","100000007939992","FHS1","","",0.6486,,"",
"","100000007940041","FHS1","","",0.3381,,"",
"","100000007941025","FHS1","","",0.7928,,"",
"","100000007941047","FHS1","","",0.8909,,"",
"","100000007941079","FHS1","","",0.9089,,"",
"","100000007941105","FHS1","","",0.9342,,"",
"","100000007940963","FHS1","","",1.0166,,"",
"","100000007941013","FHS1","","",1.1519,,"",
"","100000007949623","FHS1","","",2.6149,,"",
"","100000007949542","FHS1","","",3.316,,"",
"","100000007949606","FHS1","","",3.6514,,"",
"","100000007945024","FHS1","","",0.3223,,"",
"","100000007947535","FHS1","","",5.9168,,"",
"","100000007944544","FHS1","","",0.4711,,"",
"","100000007944555","FHS1","","",1.3926,,"",
"","100000007945778","FHS1","","",0.8923,,"",
"","100000007934947","FHS1","","",0.1083,,"",
"","100000007934972","FHS1","","",0.1985,,"",
"","100000007934872","FHS1","","",0.1374,,"",
"","100000007934888","FHS1","","",0.0615,,"",
"","100000007934948","FHS1","","",0.2117,,"",
"","100000007932361","FHS1","","",0.7091,,"",
"","100000007940907","FHS1","","",0.5226,,"",
"","100000007940932","FHS1","","",0.5132,,"",
"","100000007940792","FHS1","","",0.6017,,"",
"","100000007940832","FHS1","","",0.6392,,"",
"","100000007940896","FHS1","","",0.7398,,"",
"","100000007940920","FHS1","","",0.8002,,"",
"","100000007940782","FHS1","","",0.8562,,"",
"","100000007941034","FHS1","","",1.5606,,"",
"","100000007949514","FHS1","","",5.2974,,"",
"","100000007938978","FHS1","","",13.0362,,"",
"","100000007947608","FHS1","","",6.9467,,"",
"","100000007947543","FHS1","","",8.0293,,"",
"","100000007947455","FHS1","","",9.1128,,"",
"","100000007945682","FHS1","","",0.8774,,"",
"","100000007945709","FHS1","","",0.8921,,"",
"","100000007945728","FHS1","","",1.0667,,"",
"","100000007945751","FHS1","","",1.0507,,"",
"","100000007945770","FHS1","","",1.2189,,"",
"","100000007945647","FHS1","","",1.2767,,"",
"","100000007945692","FHS1","","",1.694,,"",
"","100000007945717","FHS1","","",1.6281,,"",
"","100000007945745","FHS1","","",2.0574,,"",
"","100000007944591","FHS1","","",0.1321,,"",
"","100000007944605","FHS1","","",0.194,,"",
"","100000007944518","FHS1","","",0.1561,,"",
"","100000007944557","FHS1","","",0.0993,,"",
"","100000007944578","FHS1","","",0.2184,,"",
"","100000007944592","FHS1","","",0.2412,,"",
"","100000007934858","FHS1","","",0.2721,,"",
"","100000007934860","FHS1","","",0.0919,,"",
"","100000007934875","FHS1","","",0.0619,,"",
"","100000007934932","FHS1","","",0.0691,,"",
"","100000007934964","FHS1","","",0.2509,,"",
"","100000007942646","FHS1","","",0.8189,,"",
"","100000007940817","FHS1","","",0.8881,,"",
"","100000007940881","FHS1","","",0.8987,,"",
"","100000007940908","FHS1","","",1.1008,,"",
"","100000007940769","FHS1","","",0.6409,,"",
"","100000007940770","FHS1","","",0.7166,,"",
"","100000007940757","FHS1","","",0.783,,"",
"","100000007940795","FHS1","","",0.8698,,"",
"","100000007940821","FHS1","","",0.9526,,"",
"","100000007941059","FHS1","","",1.1987,,"",
"","100000007940550","FHS1","","",1.2411,,"",
"","100000007940433","FHS1","","",1.313,,"",
"","100000007940463","FHS1","","",1.336,,"",
"","100000007940488","FHS1","","",1.7342,,"",
"","100000007940516","FHS1","","",1.4087,,"",
"","100000007946448","FHS1","","",1.5944,,"",
"","100000007946257","FHS1","","",2.133,,"",
"","100000007949350","FHS1","","",0.2986,,"",
"","100000007949373","FHS1","","",0.3872,,"",
"","100000007949275","FHS1","","",0.5226,,"",
"","100000007945694","FHS1","","",2.287,,"",
"","100000007945718","FHS1","","",2.9907,,"",
"","100000007945753","FHS1","","",3.2268,,"",
"","100000007945771","FHS1","","",3.5584,,"",
"","100000007945661","FHS1","","",3.813,,"",
"","100000007945677","FHS1","","",5.2312,,"",
"","100000007945701","FHS1","","",5.7239,,"",
"","100000007937345","FHS1","","",0.11,,"",
"","100000007937357","FHS1","","",0.1238,,"",
"","100000007944612","FHS1","","",0.2875,,"",
"","100000007944519","FHS1","","",0.266,,"",
"","100000007944545","FHS1","","",0.4232,,"",
"","100000007944795","FHS1","","",0.1168,,"",
"","100000007934848","FHS1","","",0.2485,,"",
"","100000007934880","FHS1","","",0.2275,,"",
"","100000007940885","FHS1","","",1.1357,,"",
"","100000007953292","FHS1","","",6.7751,,"",
"","100000007953325","FHS1","","",1.0353,,"",
"","100000007940691","FHS1","","",1.3902,,"",
"","100000007950877","FHS1","","",2.6839,,"",
"","100000007950821","FHS1","","",3.2456,,"",
"","100000007950835","FHS1","","",3.8595,,"",
"","100000007940403","FHS1","","",1.7858,,"",
"","100000007940454","FHS1","","",0.2845,,"",
"","100000007940478","FHS1","","",0.3111,,"",
"","100000007940507","FHS1","","",0.3408,,"",
"","100000007940529","FHS1","","",0.3745,,"",
"","100000007940561","FHS1","","",0.4098,,"",
"","100000007940414","FHS1","","",0.4623,,"",
"","100000007949666","FHS1","","",8.9925,,"",
"","100000007949292","FHS1","","",0.1202,,"",
"","100000007949313","FHS1","","",0.4514,,"",
"","100000007949326","FHS1","","",0.7291,,"",
"","100000007949365","FHS1","","",0.7753,,"",
"","100000007949298","FHS1","","",0.8688,,"",
"","100000007947420","FHS1","","",1.9546,,"",
"","100000007945747","FHS1","","",6.5946,,"",
"","100000007945762","FHS1","","",0.3625,,"",
"","100000007945649","FHS1","","",0.4625,,"",
"","100000007945669","FHS1","","",0.4049,,"",
"","100000007934942","FHS1","","",0.1981,,"",
"","100000007934950","FHS1","","",0.2708,,"",
"","100000007934849","FHS1","","",0.2189,,"",
"","100000007934876","FHS1","","",0.2462,,"",
"","100000007934760","FHS1","","",0.2325,,"",
"","100000007934777","FHS1","","",0.1513,,"",
"","100000007934792","FHS1","","",0.2532,,"",
"","100000007934812","FHS1","","",0.2706,,"",
"","100000007940608","FHS1","","",0.9687,,"",
"","100000007940629","FHS1","","",1.074,,"",
"","100000007940661","FHS1","","",1.177,,"",
"","100000007940682","FHS1","","",1.2798,,"",
"","100000007940714","FHS1","","",1.5323,,"",
"","100000007940601","FHS1","","",1.723,,"",
"","100000007940651","FHS1","","",1.9806,,"",
"","100000007950848","FHS1","","",2.3789,,"",
"","100000007950878","FHS1","","",4.4728,,"",
"","100000007950890","FHS1","","",5.087,,"",
"","100000007950798","FHS1","","",5.7028,,"",
"","100000007950812","FHS1","","",6.6991,,"",
"","100000007940496","FHS1","","",0.6802,,"",
"","100000007949742","FHS1","","",0.6663,,"",
"","100000007952780","FHS1","","",0.7862,,"",
"","100000007952808","FHS1","","",0.9394,,"",
"","100000007952678","FHS1","","",1.1106,,"",
"","100000007952699","FHS1","","",1.1936,,"",
"","100000007952727","FHS1","","",1.1245,,"",
"","100000007952752","FHS1","","",1.4928,,"",
"","100000007952781","FHS1","","",1.7213,,"",
"","100000007949034","FHS1","","",0.124,,"",
"","100000007949071","FHS1","","",0.1646,,"",
"","100000007945693","FHS1","","",0.5209,,"",
"","100000007945711","FHS1","","",0.5211,,"",
"","100000007945737","FHS1","","",0.7097,,"",
"","100000007945752","FHS1","","",0.6577,,"",
"","100000007945779","FHS1","","",0.8582,,"",
"","100000007945660","FHS1","","",0.8278,,"",
"","100000007946505","FHS1","","",1.0502,,"",
"","100000007946563","FHS1","","",0.3189,,"",
"","100000007937342","FHS1","","",0.1443,,"",
"","100000007944796","FHS1","","",2.4532,,"",
"","100000007944809","FHS1","","",2.8212,,"",
"","100000007944758","FHS1","","",3.1932,,"",
"","100000007944770","FHS1","","",3.9396,,"",
"","100000007944823","FHS1","","",4.3344,,"",
"","100000007944856","FHS1","","",5.13,,"",
"","100000007934723","FHS1","","",0.2772,,"",
"","100000007934765","FHS1","","",0.1834,,"",
"","100000007934775","FHS1","","",0.1987,,"",
"","100000007943643","FHS1","","",0.2993,,"",
"","100000007943682","FHS1","","",0.4489,,"",
"","100000007952863","FHS1","","",0.7789,,"",
"","100000007952925","FHS1","","",0.9483,,"",
"","100000007952828","FHS1","","",1.1847,,"",
"","100000007952879","FHS1","","",1.363,,"",
"","100000007950869","FHS1","","",16.0118,,"",
"","100000007940465","FHS1","","",0.8087,,"",
"","100000007940489","FHS1","","",1.0081,,"",
"","100000007940518","FHS1","","",1.1172,,"",
"","100000007940541","FHS1","","",1.2172,,"",
"","100000007940405","FHS1","","",1.2674,,"",
"","100000007940425","FHS1","","",1.3762,,"",
"","100000007940455","FHS1","","",1.524,,"",
"","100000007940558","FHS1","","",1.5245,,"",
"","100000007940421","FHS1","","",1.7747,,"",
"","100000007895694","FOS1","","",54.2605024,,"",
"","100000007895697","FOS1","","",110.1947684,,"",
"","100000007895702","FOS1","","",173.2308563,,"",
"","100000007935903","FOS1","","",11.57802507,,"",
"","100000007935937","FOS1","","",27.08296554,,"",
"","100000007935869","FOS1","","",20.21291748,,"",
"","100000007935885","FOS1","","",39.71216728,,"",
"","100000008031253","FOS1","","",7.190605618,,"",
"","100000008031444","FOS1","","",7.959728007,,"",
"","100000008031815","FOS1","","",11.2175617,,"",
"","100000008030169","FOS1","","",0.588343169,,"",
"","100000008029846","FOS1","","",0.592149897,,"",
"","100000008030323","FOS1","","",14.232469,,"",
"","100000008025726","FOS1","","",7.828648628,,"",
"","100000008025812","FOS1","","",7.424281824,,"",
"","100000008030542","FOS1","","",79.96143936,,"",
"","100000008030166","FOS1","","",11.32147741,,"",
"","100000008030543","FOS1","","",70.76076581,,"",
"","100000008030322","FOS1","","",33.28886124,,"",
"","100000008000234","FOS1","","",10.8075705,,"",
"","100000008000482","FOS1","","",12.39105325,,"",
"","100000008000725","FOS1","","",14.07369648,,"",
"","100000008000880","FOS1","","",16.88609648,,"",
"","100000008000901","FOS1","","",18.47886033,,"",
"","100000007893065","FOS1","","",48.20551117,,"",
"","100000007893042","FOS1","","",0.819789525,,"",
"","100000007893331","FOS1","","",0.223335415,,"",
"","100000007893343","FOS1","","",0.190300519,,"",
"","100000007894395","FOS1","","",1.824819615,,"",
"","100000007894403","FOS1","","",1.653799509,,"",
"","100000007894563","FOS1","","",2.00419382,,"",
"","100000007894472","FOS1","","",2.068780915,,"",
"","100000007894498","FOS1","","",1.48700703,,"",
"","100000007894515","FOS1","","",1.260232188,,"",
"","100000007894445","FOS1","","",2.203347881,,"",
"","100000007894463","FOS1","","",1.809761511,,"",
"","100000007894829","FOS1","","",56.08891478,,"",
"","100000007894833","FOS1","","",13.13544637,,"",
"","100000007894849","FOS1","","",52.067749,,"",
"","100000007894864","FOS1","","",18.38401411,,"",
"","100000007894808","FOS1","","",62.48507278,,"",
"","100000007895184","FOS1","","",89.73244383,,"",
"","100000007895905","FOS1","","",26.44914101,,"",
"","100000007938227","FOS1","","",129.9689366,,"",
"","100000007938195","FOS1","","",100.0393271,,"",
"","100000007998324","FOS1","","",4.671042114,,"",
"","100000007998575","FOS1","","",2.716589025,,"",
"","100000007998855","FOS1","","",2.487024618,,"",
"","100000007998325","FOS1","","",1.143773085,,"",
"","100000008019578","FOS1","","",965.0673553,,"",
"","100000008020667","FOS1","","",35.8781463,,"",
"","100000008001129","FOS1","","",25.52131627,,"",
"","100000007893003","FOS1","","",0.777732274,,"",
"","100000007893007","FOS1","","",1.140523412,,"",
"","100000007893015","FOS1","","",1.05234235,,"",
"","100000007892996","FOS1","","",2.02490808,,"",
"","100000007893010","FOS1","","",0.20016659,,"",
"","100000007892990","FOS1","","",0.110461221,,"",
"","100000007893376","FOS1","","",0.187640476,,"",
"","100000007893295","FOS1","","",0.50434462,,"",
"","100000007893321","FOS1","","",0.322640755,,"",
"","100000007897824","FOS1","","",39.35937864,,"",
"","100000007897832","FOS1","","",39.55319976,,"",
"","100000007895163","FOS1","","",81.79520881,,"",
"","100000007895167","FOS1","","",139.2239917,,"",
"","100000307430403","FOS1","","",17.1127,,"",
"","100000007938229","FOS1","","",146.0597711,,"",
"","100000007938131","FOS1","","",81.36604488,,"",
"","100000007998858","FOS1","","",1.44407881,,"",
"","100000007896294","FOS1","","",2.607438045,,"",
"","100000007892999","FOS1","","",0.679154193,,"",
"","100000007896703","FOS1","","",22.24153199,,"",
"","100000007896635","FOS1","","",35.09765058,,"",
"","100000007897141","FOS1","","",45.78589055,,"",
"","100000007896991","FOS1","","",52.87013343,,"",
"","100000007897085","FOS1","","",44.39590805,,"",
"","100000007897111","FOS1","","",45.28990704,,"",
"","100000007897788","FOS1","","",14.29902961,,"",
"","100000007897793","FOS1","","",13.62410318,,"",
"","100000007897798","FOS1","","",13.62410318,,"",
"","100000007897801","FOS1","","",14.37735401,,"",
"","100000307430424","FOS1","","",11.3774,,"",
"","100000307430425","FOS1","","",11.8118,,"",
"","100000307430426","FOS1","","",16.194,,"",
"","100000307430427","FOS1","","",19.1885,,"",
"","100000307430428","FOS1","","",23.208,,"",
"","100000008011278","FOS1","","",201.9391809,,"",
"","100000307493554","FOS1","","",2.0211,,"",
"","100000307493555","FOS1","","",0.0805,,"",
"","100000008010233","FOS1","","",144.407881,,"",
"","100000007896596","FOS1","","",1.531750358,,"",
"","100000007896612","FOS1","","",60.30214581,,"",
"","100000007896576","FOS1","","",18.51514404,,"",
"","100000007896580","FOS1","","",17.61717936,,"",
"","100000007896584","FOS1","","",28.59941726,,"",
"","100000007896856","FOS1","","",60.95198387,,"",
"","100000007896874","FOS1","","",53.71360201,,"",
"","100000007896883","FOS1","","",61.93500559,,"",
"","100000007896901","FOS1","","",4.813025445,,"",
"","100000007896919","FOS1","","",2.73564886,,"",
"","100000007896857","FOS1","","",3.022931609,,"",
"","100000007897440","FOS1","","",44.38223088,,"",
"","100000307430501","FOS1","","",35.6708,,"",
"","100000007897790","FOS1","","",13.62410318,,"",
"","100000007897795","FOS1","","",13.62410318,,"",
"","100000007897975","FOS1","","",13.62410318,,"",
"","100000007897856","FOS1","","",36.89389257,,"",
"","100000007898218","FOS1","","",14.1210819,,"",
"","100000307430529","FOS1","","",186.5795,,"",
"","100000307430530","FOS1","","",198.8258,,"",
"","100000307430531","FOS1","","",206.1596,,"",
"","100000307430532","FOS1","","",242.1809,,"",
"","100000307438586","FOS1","","",145.8902,,"",
"","100000307430429","FOS1","","",25.2915,,"",
"","100000307430430","FOS1","","",28.9496,,"",
"","100000307430431","FOS1","","",29.9311,,"",
"","100000307438617","FOS1","","",51.6438,,"",
"","100000307438624","FOS1","","",11.2149,,"",
"","100000008016394","FOS1","","",117.3447744,,"",
"","100000008011083","FOS1","","",13.50784908,,"",
"","100000008011228","FOS1","","",60.42101189,,"",
"","100000008011411","FOS1","","",52.06706377,,"",
"","100000008011579","FOS1","","",3.044280098,,"",
"","100000008011524","FOS1","","",69.34252509,,"",
"","100000008013469","FOS1","","",1.007795527,,"",
"","100000008031094","FOS1","","",1.469903405,,"",
"","100000008031291","FOS1","","",2.211410046,,"",
"","100000008031587","FOS1","","",3.389820512,,"",
"","100000008031682","FOS1","","",2.554689451,,"",
"","100000007896588","FOS1","","",28.97564644,,"",
"","100000007896567","FOS1","","",18.51491324,,"",
"","100000007896579","FOS1","","",28.95691331,,"",
"","100000007896583","FOS1","","",10.65987014,,"",
"","100000307430448","FOS1","","",11.1785,,"",
"","100000307430448","FOS1","","",0.1118,,"",
"","100000307430449","FOS1","","",16.7643,,"",
"","100000307430449","FOS1","","",0.1676,,"",
"","100000007896884","FOS1","","",3.009634579,,"",
"","100000307430473","FOS1","","",18.1842,,"",
"","100000307430473","FOS1","","",0.1818,,"",
"","100000307430474","FOS1","","",21.7715,,"",
"","100000307430475","FOS1","","",25.4945,,"",
"","100000307430501","FOS1","","",0.3567,,"",
"","100000307430502","FOS1","","",38.6633,,"",
"","100000307430502","FOS1","","",0.3866,,"",
"","100000307430533","FOS1","","",127.4054,,"",
"","100000307430534","FOS1","","",138.8474,,"",
"","100000307430535","FOS1","","",147.2641,,"",
"","100000307430536","FOS1","","",158.1663,,"",
"","100000307430537","FOS1","","",153.0133,,"",
"","100000307430538","FOS1","","",165.4749,,"",
"","100000007902259","FOS1","","",77.71842378,,"",
"","100000307438587","FOS1","","",136.6374,,"",
"","100000307438624","FOS1","","",0.1121,,"",
"","100000307438625","FOS1","","",13.9762,,"",
"","100000307438625","FOS1","","",0.1398,,"",
"","100000307438626","FOS1","","",17.3351,,"",
"","100000307438626","FOS1","","",0.1734,,"",
"","100000307438627","FOS1","","",19.8025,,"",
"","100000307438627","FOS1","","",0.198,,"",
"","100000307438628","FOS1","","",24.2015,,"",
"","100000307438628","FOS1","","",0.242,,"",
"","100000307438629","FOS1","","",26.017,,"",
"","100000307438629","FOS1","","",0.2602,,"",
"","100000008010643","FOS1","","",0.46150376,,"",
"","100000008010788","FOS1","","",0.494956077,,"",
"","100000008010365","FOS1","","",7.246237679,,"",
"","100000008010740","FOS1","","",10.28736514,,"",
"","100000008010520","FOS1","","",10.20434776,,"",
"","100000008011032","FOS1","","",2.67843951,,"",
"","100000008012753","FOS1","","",2.255514092,,"",
"","100000008012915","FOS1","","",1.217356352,,"",
"","100000008013163","FOS1","","",2.726723993,,"",
"","100000008013547","FOS1","","",5.496995538,,"",
"","100000008012671","FOS1","","",1.711500812,,"",
"","100000008012831","FOS1","","",4.559261027,,"",
"","100000008031194","FOS1","","",0.614607699,,"",
"","100000008031777","FOS1","","",0.456164505,,"",
"","100000008032034","FOS1","","",0.688412564,,"",
"","100000307430450","FOS1","","",18.2202,,"",
"","100000307430450","FOS1","","",0.1822,,"",
"","100000307430451","FOS1","","",20.6503,,"",
"","100000307430451","FOS1","","",0.2065,,"",
"","100000307430452","FOS1","","",24.9588,,"",
"","100000307430452","FOS1","","",0.2496,,"",
"","100000307430453","FOS1","","",27.6611,,"",
"","100000307430453","FOS1","","",0.2766,,"",
"","100000307430454","FOS1","","",32.8508,,"",
"","100000307430454","FOS1","","",0.3285,,"",
"","100000307430455","FOS1","","",35.6719,,"",
"","100000307430485","FOS1","","",15.5801,,"",
"","100000307430485","FOS1","","",0.1558,,"",
"","100000307430486","FOS1","","",19.722,,"",
"","100000307430486","FOS1","","",0.1972,,"",
"","100000307430510","FOS1","","",31.2717,,"",
"","100000307430510","FOS1","","",0.3127,,"",
"","100000307438714","FOS1","","",29.7277,,"",
"","100000307438714","FOS1","","",0.2973,,"",
"","100000007903911","FOS1","","",303.42257,,"",
"","100000007903627","FOS1","","",722.2565731,,"",
"","100000007903095","FOS1","","",3.003134226,,"",
"","100000007902757","FOS1","","",5.108580445,,"",
"","100000007902942","FOS1","","",4.310599925,,"",
"","100000307438771","FOS1","","",9.1623,,"",
"","100000307438772","FOS1","","",12.4339,,"",
"","100000307438773","FOS1","","",14.147,,"",
"","100000307438774","FOS1","","",16.1962,,"",
"","100000307438775","FOS1","","",19.2315,,"",
"","100000307438630","FOS1","","",29.1951,,"",
"","100000307438630","FOS1","","",0.292,,"",
"","100000008010494","FOS1","","",0.743462291,,"",
"","100000008010884","FOS1","","",17.04470487,,"",
"","100000008030781","FOS1","","",12.76764921,,"",
"","100000008012926","FOS1","","",10.63534882,,"",
"","100000008012808","FOS1","","",0.664594739,,"",
"","100000008013601","FOS1","","",0.933252692,,"",
"","100000008012564","FOS1","","",0.580274994,,"",
"","100000008012895","FOS1","","",1.042199731,,"",
"","100000008012565","FOS1","","",0.840739925,,"",
"","100000008013318","FOS1","","",0.638635328,,"",
"","100000007999958","FOS1","","",19.1868988,,"",
"","100000307430455","FOS1","","",0.3567,,"",
"","100000307430456","FOS1","","",37.1538,,"",
"","100000307430456","FOS1","","",0.3715,,"",
"","100000307430457","FOS1","","",39.773,,"",
"","100000307430487","FOS1","","",20.379,,"",
"","100000307430487","FOS1","","",0.2038,,"",
"","100000307438717","FOS1","","",14.1076,,"",
"","100000307438718","FOS1","","",18.313,,"",
"","100000007903071","FOS1","","",6.308435502,,"",
"","100000007902855","FOS1","","",32.03715583,,"",
"","100000007902779","FOS1","","",64.48639076,,"",
"","100000007903625","FOS1","","",7.663026519,,"",
"","100000307438777","FOS1","","",25.3317,,"",
"","100000007936067","FOS1","","",18.95957552,,"",
"","100000007935991","FOS1","","",34.73895379,,"",
"","100000007935621","FOS1","","",265.3701136,,"",
"","100000007935725","FOS1","","",130.4275442,,"",
"","100000007935613","FOS1","","",73.24394169,,"",
"","100000008031254","FOS1","","",16.7334596,,"",
"","100000008032063","FOS1","","",2.280170489,,"",
"","100000008030782","FOS1","","",4.327238287,,"",
"","100000008029806","FOS1","","",8.038486293,,"",
"","100000008030052","FOS1","","",2.449467015,,"",
"","100000008030211","FOS1","","",3.670906159,,"",
"","100000008030435","FOS1","","",3.719434041,,"",
"","100000008030270","FOS1","","",1.577789811,,"",
"","100000008030544","FOS1","","",55.70359707,,"",
"","100000008030473","FOS1","","",53.43237698,,"",
"","100000008030614","FOS1","","",22.50047132,,"",
"","100000008030474","FOS1","","",12.90917622,,"",
"","100000008025377","FOS1","","",12.66177473,,"",
"","100000008025613","FOS1","","",13.13566651,,"",
"","100000008025785","FOS1","","",13.27330661,,"",
"","100000008026248","FOS1","","",38.82968396,,"",
"","100000008000648","FOS1","","",31.34879179,,"",
"","100000008000803","FOS1","","",22.28987147,,"",
"","100000008001044","FOS1","","",32.25656655,,"",
"","100000008001214","FOS1","","",27.17007539,,"",
"","100000007999710","FOS1","","",39.44474528,,"",
"","100000007998391","FOS1","","",65.37521585,,"",
"","100000307438698","FOS1","","",13.2582,,"",
"","100000307438698","FOS1","","",0.1326,,"",
"","100000307438700","FOS1","","",15.534,,"",
"","100000307438700","FOS1","","",0.1553,,"",
"","100000307438702","FOS1","","",18.053,,"",
"","100000007902854","FOS1","","",5.76580435,,"",
"","100000007903717","FOS1","","",15.86481026,,"",
"","100000007903741","FOS1","","",629.2584802,,"",
"","100000007894437","FOS1","","",2.201197972,,"",
"","100000007894441","FOS1","","",2.094824749,,"",
"","100000007895172","FOS1","","",20.49789645,,"",
"","100000007895173","FOS1","","",52.48582967,,"",
"","100000007895180","FOS1","","",62.57996955,,"",
"","100000007895174","FOS1","","",5.972426206,,"",
"","100000007895679","FOS1","","",206.4595022,,"",
"","100000007895685","FOS1","","",206.4595022,,"",
"","100000008023482","B4U1","","",3.395,,"",
"","100000008026620","B4U1","","",0.090428571,,"",
"","100000008026776","B4U1","","",6.065857143,,"",
"","100000008027902","B4U1","","",11.5,,"",
"","100000008027903","B4U1","","",5.363857143,,"",
"","100000008023561","B4U1","","",0.253571429,,"",
"","100000008022734","B4U1","","",0.242285714,,"",
"","100000008023129","B4U1","","",0.241857143,,"",
"","100000008027805","B4U1","","",10.589,,"",
"","100000008027992","B4U1","","",2.668428571,,"",
"","100000008027416","B4U1","","",35.13342857,,"",
"","100000008028190","B4U1","","",15.714,,"",
"","100000008028645","B4U1","","",15.27428571,,"",
"","100000008029024","B4U1","","",15.61885714,,"",
"","100000008025996","B4U1","","",13.70885714,,"",
"","100000008028271","B4U1","","",14.54571429,,"",
"","100000008030542","B4U1","","",43.86242857,,"",
"","100000008030166","B4U1","","",6.719285714,,"",
"","100000008030543","B4U1","","",37.81485714,,"",
"","100000008030322","B4U1","","",20.21942857,,"",
"","100000008030544","B4U1","","",29.23714286,,"",
"","100000008023061","B4U1","","",0.229571429,,"",
"","100000008023424","B4U1","","",0.218571429,,"",
"","100000008022440","B4U1","","",0.236428571,,"",
"","100000008022600","B4U1","","",0.222,,"",
"","100000008022838","B4U1","","",0.238,,"",
"","100000008029635","B4U1","","",52.68857143,,"",
"","100000008030270","B4U1","","",1.160714286,,"",
"","100000008030473","B4U1","","",22.869,,"",
"","100000008030614","B4U1","","",12.26571429,,"",
"","100000008030474","B4U1","","",7.293857143,,"",
"","100000008025377","B4U1","","",7.507571429,,"",
"","100000008025613","B4U1","","",6.881142857,,"",
"","100000008025785","B4U1","","",6.881142857,,"",
"","100000008026248","B4U1","","",19.98014286,,"",
"","100000008012734","B4U1","","",0.339428571,,"",
"","100000008029824","B4U1","","",64.72285714,,"",
"","100000008030394","B4U1","","",64.30471429,,"",
"","100000008012753","B4U1","","",1.249714286,,"",
"","100000008012915","B4U1","","",0.678857143,,"",
"","100000008013163","B4U1","","",1.118285714,,"",
"","100000008013547","B4U1","","",3.017857143,,"",
"","100000008012671","B4U1","","",0.987428571,,"",
"","100000008022679","B4U1","","",0.218,,"",
"","100000008017113","B4U1","","",5.568285714,,"",
"","100000008025726","B4U1","","",4.196,,"",
"","100000008025812","B4U1","","",4.309285714,,"",
"","100000008012926","B4U1","","",5.653285714,,"",
"","100000008026960","B4U1","","",5.860285714,,"",
"","100000008013545","B4U1","","",0.54,,"",
"","100000008012505","B4U1","","",0.987428571,,"",
"","100000008012914","B4U1","","",0.648,,"",
"","100000008013236","B4U1","","",1.274428571,,"",
"","100000008013469","B4U1","","",0.493714286,,"",
"","100000008027941","B4U1","","",3.659857143,,"",
"","100000008027664","B4U1","","",4.330285714,,"",
"","100000008023040","B4U1","","",0.200857143,,"",
"","100000008023258","B4U1","","",0.252428571,,"",
"","100000008029081","B4U1","","",10.56771429,,"",
"","100000008030169","B4U1","","",0.316285714,,"",
"","100000008029846","B4U1","","",0.316285714,,"",
"","100000008030323","B4U1","","",10.32457143,,"",
"","100000008028469","B4U1","","",11.66728571,,"",
"","100000008028997","B4U1","","",11.325,,"",
"","100000008025138","B4U1","","",12.26571429,,"",
"","100000008028078","B4U1","","",11.666,,"",
"","100000008028242","B4U1","","",12.53914286,,"",
"","100000008028471","B4U1","","",12.90528571,,"",
"","100000008028619","B4U1","","",12.82014286,,"",
"","100000008028838","B4U1","","",13.21871429,,"",
"","100000008030051","B4U1","","",1.600714286,,"",
"","100000008026074","B4U1","","",30.78,,"",
"","100000008030575","B4U1","","",5.109,,"",
"","100000008030444","B4U1","","",2.415142857,,"",
"","100000008029806","B4U1","","",5.135857143,,"",
"","100000008030052","B4U1","","",1.448857143,,"",
"","100000008030211","B4U1","","",2.273142857,,"",
"","100000008030435","B4U1","","",2.266857143,,"",
"","100000008012808","B4U1","","",0.319428571,,"",
"","100000008013601","B4U1","","",0.524571429,,"",
"","100000008012564","B4U1","","",0.324,,"",
"","100000008012895","B4U1","","",0.524571429,,"",
"","100000008012565","B4U1","","",0.401142857,,"",
"","100000008013212","B4U1","","",0.339428571,,"",
"","100000008012486","B4U1","","",0.262285714,,"",
"","100000008012651","B4U1","","",3.996,,"",
"","100000008012812","B4U1","","",0.447428571,,"",
"","100000008013213","B4U1","","",0.324,,"",
"","100000008013446","B4U1","","",0.601714286,,"",
"","100000008013603","B4U1","","",0.694285714,,"",
"","100000008010740","B4U1","","",4.258285714,,"",
"","100000008010520","B4U1","","",5.338285714,,"",
"","100000008010884","B4U1","","",8.578285714,,"",
"","100000007927069","B4U1","","",0.167857143,,"",
"","100000007927082","B4U1","","",0.132,,"",
"","100000007927101","B4U1","","",0.187142857,,"",
"","100000007927024","B4U1","","",0.203285714,,"",
"","100000007927042","B4U1","","",0.147142857,,"",
"","100000007927055","B4U1","","",0.093428571,,"",
"","100000007927075","B4U1","","",0.172571429,,"",
"","100000007927070","B4U1","","",0.458571429,,"",
"","100000008010494","B4U1","","",0.410142857,,"",
"","100000007928132","B4U1","","",0.241285714,,"",
"","100000007928153","B4U1","","",0.285285714,,"",
"","100000007928173","B4U1","","",0.540428571,,"",
"","100000007928197","B4U1","","",0.625142857,,"",
"","100000007928217","B4U1","","",0.997142857,,"",
"","100000008026033","B4U1","","",4.125285714,,"",
"","100000008026216","B4U1","","",3.756571429,,"",
"","100000008026299","B4U1","","",4.120857143,,"",
"","100000008026467","B4U1","","",4.227714286,,"",
"","100000008025290","B4U1","","",4.264428571,,"",
"","100000008021481","B4U1","","",18.04842857,,"",
"","100000007928116","B4U1","","",1.061,,"",
"","100000007928133","B4U1","","",1.54,,"",
"","100000007928154","B4U1","","",1.99,,"",
"","100000007928174","B4U1","","",3.885142857,,"",
"","100000007928397","B4U1","","",1.471571429,,"",
"","100000007928484","B4U1","","",1.509,,"",
"","100000007928506","B4U1","","",0.601714286,,"",
"","100000007929231","B4U1","","",4.633714286,,"",
"","100000008025682","B4U1","","",2.748142857,,"",
"","100000008025853","B4U1","","",2.765142857,,"",
"","100000008026128","B4U1","","",2.875285714,,"",
"","100000008026300","B4U1","","",2.682428571,,"",
"","100000008025212","B4U1","","",2.842285714,,"",
"","100000008022958","B4U1","","",1.272714286,,"",
"","100000007929607","B4U1","","",0.553,,"",
"","100000007929632","B4U1","","",0.634142857,,"",
"","100000007929259","B4U1","","",4.669571429,,"",
"","100000007929285","B4U1","","",4.560714286,,"",
"","100000007929158","B4U1","","",6.190714286,,"",
"","100000007929179","B4U1","","",4.922714286,,"",
"","100000007929207","B4U1","","",6.213714286,,"",
"","100000007929222","B4U1","","",6.295142857,,"",
"","100000007929272","B4U1","","",6.323285714,,"",
"","100000007929305","B4U1","","",6.378,,"",
"","100000007929169","B4U1","","",6.786285714,,"",
"","100000007929197","B4U1","","",6.537428571,,"",
"","100000008023318","B4U1","","",1.265714286,,"",
"","100000008021533","B4U1","","",1.279142857,,"",
"","100000008021696","B4U1","","",1.291857143,,"",
"","100000008021987","B4U1","","",1.252285714,,"",
"","100000008022198","B4U1","","",1.94,,"",
"","100000008021009","B4U1","","",1.929571429,,"",
"","100000008021449","B4U1","","",12.32742857,,"",
"","100000007929621","B4U1","","",0.484142857,,"",
"","100000007929260","B4U1","","",0.554714286,,"",
"","100000007929297","B4U1","","",0.495428571,,"",
"","100000008038401","B4U1","","",7.034142857,,"",
"","100000008031099","B4U1","","",2.661428571,,"",
"","100000008031002","B4U1","","",2.304,,"",
"","100000008030168","B4U1","","",2.304,,"",
"","100000008030399","B4U1","","",2.675285714,,"",
"","100000008030476","B4U1","","",13.48671429,,"",
"","100000007927298","B4U1","","",0.058142857,,"",
"","100000007927230","B4U1","","",0.077285714,,"",
"","100000007927276","B4U1","","",0.121857143,,"",
"","100000007927293","B4U1","","",0.082428571,,"",
"","100000007925046","B4U1","","",0.189571429,,"",
"","100000007925070","B4U1","","",0.082285714,,"",
"","100000007924955","B4U1","","",0.129,,"",
"","100000008038838","B4U1","","",106.6824286,,"",
"","100000008038404","B4U1","","",119.6142857,,"",
"","100000008038747","B4U1","","",157.2034286,,"",
"","100000008039101","B4U1","","",215.7522857,,"",
"","100000007927299","B4U1","","",0.544285714,,"",
"","100000007927088","B4U1","","",0.153428571,,"",
"","100000007925014","B4U1","","",0.248428571,,"",
"","100000007924990","B4U1","","",0.072428571,,"",
"","100000008036620","B4U1","","",21.6,,"",
"","100000008036790","B4U1","","",24.68571429,,"",
"","100000008037070","B4U1","","",37.02857143,,"",
"","100000008026499","B4U1","","",4.306571429,,"",
"","100000007927025","B4U1","","",0.136142857,,"",
"","100000007927039","B4U1","","",0.216285714,,"",
"","100000007927056","B4U1","","",0.202285714,,"",
"","100000007927011","B4U1","","",0.148142857,,"",
"","100000007927032","B4U1","","",0.060857143,,"",
"","100000007927077","B4U1","","",0.228428571,,"",
"","100000007926589","B4U1","","",0.463714286,,"",
"","100000007926579","B4U1","","",0.394714286,,"",
"","100000007926607","B4U1","","",0.274714286,,"",
"","100000008010644","B4U1","","",1.116857143,,"",
"","100000008009862","B4U1","","",3.932714286,,"",
"","100000008010185","B4U1","","",0.227714286,,"",
"","100000008027027","B4U1","","",2.171285714,,"",
"","100000008027336","B4U1","","",2.926571429,,"",
"","100000008027544","B4U1","","",1.731,,"",
"","100000008027828","B4U1","","",1.758571429,,"",
"","100000008026518","B4U1","","",1.706,,"",
"","100000008026751","B4U1","","",1.688,,"",
"","100000007927006","B4U1","","",0.097714286,,"",
"","100000007927040","B4U1","","",0.123714286,,"",
"","100000007927072","B4U1","","",0.110142857,,"",
"","100000007927018","B4U1","","",0.097,,"",
"","100000007926627","B4U1","","",0.259142857,,"",
"","100000007926677","B4U1","","",0.225428571,,"",
"","100000008010026","B4U1","","",0.420428571,,"",
"","100000008010425","B4U1","","",0.250571429,,"",
"","100000008026930","B4U1","","",2.367428571,,"",
"","100000008027442","B4U1","","",1.737,,"",
"","100000008027735","B4U1","","",2.681285714,,"",
"","100000007928190","B4U1","","",99.82285714,,"",
"","100000008031031","B4U1","","",3.119714286,,"",
"","100000008025602","B4U1","","",2.370571429,,"",
"","100000008025857","B4U1","","",2.326,,"",
"","100000008026038","B4U1","","",1.983714286,,"",
"","100000008026304","B4U1","","",2.672857143,,"",
"","100000008026907","B4U1","","",1.005428571,,"",
"","100000007928412","B4U1","","",1.095428571,,"",
"","100000007928450","B4U1","","",0.941142857,,"",
"","100000007928470","B4U1","","",0.451428571,,"",
"","100000008023624","B4U1","","",0.889571429,,"",
"","100000008026472","B4U1","","",2.138142857,,"",
"","100000007929569","B4U1","","",1.026714286,,"",
"","100000007929590","B4U1","","",0.522428571,,"",
"","100000008022648","B4U1","","",0.873142857,,"",
"","100000008022884","B4U1","","",0.311428571,,"",
"","100000008023032","B4U1","","",0.307285714,,"",
"","100000008023243","B4U1","","",0.311285714,,"",
"","100000008023391","B4U1","","",0.311714286,,"",
"","100000008023625","B4U1","","",0.313714286,,"",
"","100000008022803","B4U1","","",0.280571429,,"",
"","100000008023033","B4U1","","",0.315571429,,"",
"","100000008023169","B4U1","","",0.235142857,,"",
"","100000008023244","B4U1","","",0.243714286,,"",
"","100000008023392","B4U1","","",0.248714286,,"",
"","100000007929662","B4U1","","",0.842428571,,"",
"","100000007929549","B4U1","","",6.644142857,,"",
"","100000007929215","B4U1","","",4.298,,"",
"","100000007925023","B4U1","","",0.047,,"",
"","100000008023466","B4U1","","",0.248857143,,"",
"","100000008023626","B4U1","","",0.236714286,,"",
"","100000008022885","B4U1","","",0.246285714,,"",
"","100000008022957","B4U1","","",0.245285714,,"",
"","100000008023101","B4U1","","",0.357857143,,"",
"","100000008023245","B4U1","","",0.354,,"",
"","100000008023317","B4U1","","",0.355,,"",
"","100000008023467","B4U1","","",0.350714286,,"",
"","100000008037988","B4U1","","",4.721142857,,"",
"","100000007927320","B4U1","","",0.263,,"",
"","100000007927263","B4U1","","",0.228428571,,"",
"","100000007927281","B4U1","","",0.396285714,,"",
"","100000007925040","B4U1","","",0.070142857,,"",
"","100000007924948","B4U1","","",0.227285714,,"",
"","100000007924974","B4U1","","",0.245142857,,"",
"","100000007925057","B4U1","","",0.072142857,,"",
"","100000007924985","B4U1","","",0.083285714,,"",
"","100000007925001","B4U1","","",0.083285714,,"",
"","100000007925024","B4U1","","",0.070857143,,"",
"","100000008037989","B4U1","","",17.02057143,,"",
"","100000008038217","B4U1","","",32.81342857,,"",
"","100000008038377","B4U1","","",58.25557143,,"",
"","100000008038626","B4U1","","",16.53971429,,"",
"","100000008038812","B4U1","","",13.73271429,,"",
"","100000008037917","B4U1","","",24.45714286,,"",
"","100000008038141","B4U1","","",13.57471429,,"",
"","100000008038293","B4U1","","",20.58042857,,"",
"","100000008038545","B4U1","","",8.469,,"",
"","100000008038718","B4U1","","",6.639571429,,"",
"","100000008031253","B4U1","","",3.932714286,,"",
"","100000008031444","B4U1","","",4.292285714,,"",
"","100000008031815","B4U1","","",6.080428571,,"",
"","100000008030781","B4U1","","",6.580714286,,"",
"","100000007927275","B4U1","","",0.398285714,,"",
"","100000007927285","B4U1","","",0.341571429,,"",
"","100000007927305","B4U1","","",0.429571429,,"",
"","100000007925041","B4U1","","",0.068142857,,"",
"","100000007924976","B4U1","","",0.029,,"",
"","100000007925065","B4U1","","",0.039571429,,"",
"","100000007925018","B4U1","","",0.067,,"",
"","100000008038486","B4U1","","",368.9501429,,"",
"","100000008038743","B4U1","","",115.0298571,,"",
"","100000008038931","B4U1","","",231.9618571,,"",
"","100000008038165","B4U1","","",12.359,,"",
"","100000008031254","B4U1","","",9.172571429,,"",
"","100000008032063","B4U1","","",1.160285714,,"",
"","100000008030782","B4U1","","",2.375714286,,"",
"","100000007926202","B4U1","","",0.120142857,,"",
"","100000007926219","B4U1","","",0.1,,"",
"","100000007927074","B4U1","","",0.106857143,,"",
"","100000007927048","B4U1","","",0.671142857,,"",
"","100000008010643","B4U1","","",0.140142857,,"",
"","100000008010788","B4U1","","",0.157714286,,"",
"","100000008010962","B4U1","","",0.305142857,,"",
"","100000008010365","B4U1","","",3.486857143,,"",
"","100000008033664","VULC","","",5.5147,,"",
"","100000008033755","VULC","","",4.5827,,"",
"","100000007916607","VULC","","",1.9239,,"",
"","100000007941358","SEE1","","",984.388032,,"",
"","100000007975578","VULC","","",0.1304,,"",
"","100000007975354","VULC","","",0.3521,,"",
"","100000007975532","VULC","","",0.3209,,"",
"","100000007948778","VULC","","",9.6383,,"",
"","100000007948374","VULC","","",178.9072,,"",
"","100000008012486","SMC1","","",0.4459,,"",
"","100000008013545","SMC1","","",1.2642,,"",
"","100000008013318","SMC1","","",1.0476,,"",
"","100000008030903","SMC1","","",1.0163,,"",
"","100000008031777","SMC1","","",0.5045,,"",
"","100000007931641","SEE1","","",0.6235,,"",
"","100000007931659","SEE1","","",0.777872,,"",
"","100000007933376","SEE1","","",0.499167,,"",
"","100000007927752","SMC1","","",5.1658,,"",
"","100000007927764","SMC1","","",5.1486,,"",
"","100000007927771","SMC1","","",5.1803,,"",
"","100000008022734","SMC1","","",0.5426,,"",
"","100000008023129","SMC1","","",0.4441,,"",
"","100000008029806","VULC","","",8.9598,,"",
"","100000008030052","VULC","","",2.4773,,"",
"","100000007920835","VULC","","",8.0981,,"",
"","100000007920665","VULC","","",8.7337,,"",
"","100000007934213","VULC","","",460.1785,,"",
"","100000007945360","VULC","","",15.3359,,"",
"","100000007945256","VULC","","",24.4041,,"",
"","100000007945289","VULC","","",393.7413,,"",
"","100000007945350","VULC","","",5.7315,,"",
"","100000007945278","VULC","","",19.3754,,"",
"","100000007945268","VULC","","",13.6199,,"",
"","100000007945269","VULC","","",4.7426,,"",
"","100000007945257","VULC","","",11.07,,"",
"","100000007945209","VULC","","",222.496,,"",
"","100000007984663","VULC","","",7.9242,,"",
"","100000008036732","VULC","","",167.9325,,"",
"","100000008036646","VULC","","",139.922,,"",
"","100000008037275","VULC","","",64.001,,"",
"","100000008037547","VULC","","",104.2105,,"",
"","100000007935666","SEE1","","",153.3308491,,"",
"","100000007935743","SEE1","","",26.43507547,,"",
"","100000007935667","SEE1","","",18.53535849,,"",
"","100000007935702","SEE1","","",120.2485094,,"",
"","100000007935950","SEE1","","",21.74543396,,"",
"","100000007935903","SEE1","","",19.74109434,,"",
"","100000007935937","SEE1","","",53.74198113,,"",
"","100000008025508","SMC1","","",4.3198,,"",
"","100000008026907","SMC1","","",3.3156,,"",
"","100000008027027","SMC1","","",2.8815,,"",
"","100000008027544","SMC1","","",6.3018,,"",
"","100000007923792","SEE1","","",49.018236,,"",
"","100000007923828","SEE1","","",24.480546,,"",
"","100000007933314","SEE1","","",0.65436,,"",
"","100000007933327","SEE1","","",0.817848,,"",
"","100000007933384","SEE1","","",1.43,,"",
"","100000007933279","SEE1","","",2.2458,,"",
"","100000008022679","SMC1","","",0.646,,"",
"","100000008023061","SMC1","","",0.4452,,"",
"","100000008023424","SMC1","","",0.5442,,"",
"","100000008022440","SMC1","","",0.59,,"",
"","100000008022600","SMC1","","",0.5426,,"",
"","100000008022838","SMC1","","",0.3876,,"",
"","100000008023278","SMC1","","",0.4024,,"",
"","100000008023426","SMC1","","",0.4024,,"",
"","100000008022441","SMC1","","",0.4024,,"",
"","100000008022601","SMC1","","",0.4024,,"",
"","100000007933303","SEE1","","",0.378444,,"",
"","100000007933354","SEE1","","",0.559475,,"",
"","100000007933377","SEE1","","",0.672748,,"",
"","100000007933271","SEE1","","",0.8734,,"",
"","100000007933293","SEE1","","",1.24,,"",
"","100000007933347","SEE1","","",1.248595,,"",
"","100000008030211","VULC","","",2.603,,"",
"","100000008030435","VULC","","",3.1895,,"",
"","100000008030575","VULC","","",11.7408,,"",
"","100000008030444","VULC","","",3.436,,"",
"","100000007897805","VULC","","",97.2,,"",
"","100000007920592","VULC","","",9.3779,,"",
"","100000007920654","VULC","","",7.65,,"",
"","100000007920619","VULC","","",19.2314,,"",
"","100000007920697","VULC","","",8.1095,,"",
"","100000007920498","VULC","","",19.9831,,"",
"","100000007920415","VULC","","",7.6024,,"",
"","100000007920442","VULC","","",10.1287,,"",
"","100000007935050","VULC","","",201.9362,,"",
"","100000007935071","VULC","","",261.5048,,"",
"","100000007935041","VULC","","",144.431,,"",
"","100000007934628","VULC","","",155.4058,,"",
"","100000007945241","VULC","","",60.0687,,"",
"","100000007945109","VULC","","",113.0536,,"",
"","100000007945134","VULC","","",135.7474,,"",
"","100000007945157","VULC","","",105.8262,,"",
"","100000007945186","VULC","","",94.7919,,"",
"","100000007945096","VULC","","",98.991,,"",
"","100000007945210","VULC","","",48.2957,,"",
"","100000007945110","VULC","","",83.4599,,"",
"","100000007984487","VULC","","",10.7958,,"",
"","100000007985283","VULC","","",25.6195,,"",
"","100000007985307","VULC","","",23.947,,"",
"","100000007985325","VULC","","",7.0628,,"",
"","100000007985349","VULC","","",7.948,,"",
"","100000008036817","VULC","","",169.1839,,"",
"","100000008036924","VULC","","",198.1152,,"",
"","100000008037115","VULC","","",79.8576,,"",
"","100000008037572","VULC","","",49.9198,,"",
"","100000008036432","VULC","","",36.3688,,"",
"","100000008036584","VULC","","",22.4673,,"",
"","100000008036839","VULC","","",20.2941,,"",
"","100000007956970","SEE1","","",25.1187,,"",
"","100000007915968","VULC","","",0.3008,,"",
"","100000007915957","VULC","","",0.5901,,"",
"","100000007916011","VULC","","",0.6485,,"",
"","100000007915943","VULC","","",0.4227,,"",
"","100000007916068","VULC","","",0.5283,,"",
"","100000007915999","VULC","","",0.5812,,"",
"","100000007916000","VULC","","",0.2273,,"",
"","100000007916052","VULC","","",0.4509,,"",
"","100000007932115","SEE1","","",9.22,,"",
"","100000007931765","SEE1","","",10.214997,,"",
"","100000007931785","SEE1","","",8.874,,"",
"","100000007931855","SEE1","","",7.3636,,"",
"","100000007931872","SEE1","","",11.7857,,"",
"","100000007931758","SEE1","","",7.5636,,"",
"","100000007949463","VULC","","",302.3334,,"",
"","100000007948910","VULC","","",48.1527,,"",
"","100000007935869","SEE1","","",21.03132075,,"",
"","100000007935885","SEE1","","",103.0859057,,"",
"","100000008022839","SMC1","","",0.4024,,"",
"","100000008022992","SMC1","","",0.4024,,"",
"","100000008023204","SMC1","","",0.4024,,"",
"","100000008023351","SMC1","","",0.4024,,"",
"","100000008023599","SMC1","","",0.4024,,"",
"","100000007934024","SEE1","","",0.644556,,"",
"","100000007934049","SEE1","","",0.31,,"",
"","100000007934064","SEE1","","",0.35,,"",
"","100000007934088","SEE1","","",0.39,,"",
"","100000007934103","SEE1","","",0.49,,"",
"","100000007934015","SEE1","","",0.76,,"",
"","100000007934055","SEE1","","",1.1118,,"",
"","100000007933705","SEE1","","",0.3489,,"",
"","100000007897821","VULC","","",10.0672,,"",
"","100000007897817","VULC","","",40.4668,,"",
"","100000007897824","VULC","","",39.5971,,"",
"","100000007897832","VULC","","",31.3631,,"",
"","100000007898212","VULC","","",161.355,,"",
"","100000007920499","VULC","","",11.9042,,"",
"","100000007921401","VULC","","",12.5926,,"",
"","100000007921461","VULC","","",9.6562,,"",
"","100000007921300","VULC","","",14.4303,,"",
"","100000007944963","VULC","","",646.2777,,"",
"","100000007944552","VULC","","",19.1479,,"",
"","100000007944581","VULC","","",6.1501,,"",
"","100000007944553","VULC","","",202.7154,,"",
"","100000007983834","VULC","","",72.8904,,"",
"","100000007983948","VULC","","",49.8806,,"",
"","100000008038377","VULC","","",142.4084,,"",
"","100000008038545","VULC","","",22.2102,,"",
"","100000008037763","VULC","","",56.9514,,"",
"","100000008036846","VULC","","",28.1726,,"",
"","100000007916255","VULC","","",0.5716,,"",
"","100000007916960","VULC","","",7.9122,,"",
"","100000007916984","VULC","","",11.4752,,"",
"","100000007916308","VULC","","",0.3935,,"",
"","100000007956893","SEE1","","",29.9825,,"",
"","100000007933908","SEE1","","",2.04,,"",
"","100000007927180","SEE1","","",26.463472,,"",
"","100000007927217","SEE1","","",32.127648,,"",
"","100000007927105","SEE1","","",39.670956,,"",
"","100000007939184","SEE1","","",214.463228,,"",
"","100000007939081","SEE1","","",343.25304,,"",
"","100000007937884","SMC1","","",138.1301,,"",
"","100000007935781","SEE1","","",531.7480189,,"",
"","100000007936492","SEE1","","",43.23437736,,"",
"","100000007920045","VULC","","",6.9113,,"",
"","100000007944582","VULC","","",200.8923,,"",
"","100000007945438","VULC","","",6.5419,,"",
"","100000007945030","VULC","","",16.325,,"",
"","100000007945076","VULC","","",32.078,,"",
"","100000007945343","VULC","","",6.7564,,"",
"","100000007985602","VULC","","",25.3995,,"",
"","100000007985532","VULC","","",38.827,,"",
"","100000007985446","VULC","","",39.892,,"",
"","100000007985625","VULC","","",41.9921,,"",
"","100000008038743","VULC","","",292.6897,,"",
"","100000008038165","VULC","","",33.2802,,"",
"","100000008037528","VULC","","",104.3069,,"",
"","100000008036792","VULC","","",102.2276,,"",
"","100000008037255","VULC","","",43.1241,,"",
"","100000007916900","VULC","","",4.7546,,"",
"","100000007916850","VULC","","",19.1371,,"",
"","100000007916530","VULC","","",4.1615,,"",
"","100000007916470","VULC","","",6.5769,,"",
"","100000007916493","VULC","","",5.6125,,"",
"","100000007916617","VULC","","",2.5979,,"",
"","100000007932763","SMC1","","",0.277,,"",
"","100000007932909","SMC1","","",0.438,,"",
"","100000007932922","SMC1","","",0.5392,,"",
"","100000007932885","SMC1","","",0.3122,,"",
"","100000007932871","SMC1","","",0.7593,,"",
"","100000007933630","SMC1","","",1.0691,,"",
"","100000007956408","SEE1","","",33.42376,,"",
"","100000007946485","VULC","","",13.489,,"",
"","100000007948420","VULC","","",2.1309,,"",
"","100000007939173","SEE1","","",255.639117,,"",
"","100000007955259","SMC1","","",0.3558,,"",
"","100000007955204","SMC1","","",0.3792,,"",
"","100000007955748","SMC1","","",15.0287,,"",
"","100000007955763","SMC1","","",6.89,,"",
"","100000007932114","STA1","","",0.1107,,"",
"","100000007931827","STA1","","",0.0931,,"",
"","100000007932021","STA1","","",0.0278,,"",
"","100000007969546","STA1","","",0.0071,,"",
"","100000007983856","STA1","","",0.0093,,"",
"","100000007983836","STA1","","",0.0119,,"",
"","100000008033074","STA1","","",0.0221,,"",
"","100000008032173","STA1","","",0.0376,,"",
"","100000008032374","STA1","","",0.03,,"",
"","100000007936356","SEE1","","",8.452,,"",
"","100000007936392","SEE1","","",4.434773585,,"",
"","100000007936394","SEE1","","",25.14486792,,"",
"","100000007936416","SEE1","","",5.032339623,,"",
"","100000007936371","SEE1","","",4.521113208,,"",
"","100000007936385","SEE1","","",16.30971698,,"",
"","100000007936427","SEE1","","",14.02120755,,"",
"","100000007920015","VULC","","",21.9137,,"",
"","100000007920008","VULC","","",12.071,,"",
"","100000007920028","VULC","","",11.0722,,"",
"","100000007920060","VULC","","",7.9887,,"",
"","100000007919952","VULC","","",9.6281,,"",
"","100000007919828","VULC","","",12.1108,,"",
"","100000007919723","VULC","","",7.9122,,"",
"","100000007919781","VULC","","",14.4899,,"",
"","100000007919829","VULC","","",29.8973,,"",
"","100000007943991","VULC","","",7.519,,"",
"","100000007984392","VULC","","",206.9968,,"",
"","100000007984414","VULC","","",196.1735,,"",
"","100000007984470","VULC","","",212.8679,,"",
"","100000008022839","VULC","","",0.5859,,"",
"","100000008022992","VULC","","",0.5859,,"",
"","100000008023204","VULC","","",0.5859,,"",
"","100000008023599","VULC","","",0.5859,,"",
"","100000008023541","VULC","","",0.696,,"",
"","100000008022647","VULC","","",0.696,,"",
"","100000008022802","VULC","","",0.696,,"",
"","100000008023031","VULC","","",0.696,,"",
"","100000008023168","VULC","","",0.696,,"",
"","100000007915679","VULC","","",0.0601,,"",
"","100000007915689","VULC","","",41.8891,,"",
"","100000007915663","VULC","","",0.0697,,"",
"","100000007915671","VULC","","",33.9641,,"",
"","100000007915577","VULC","","",0.0857,,"",
"","100000007915597","VULC","","",50.9228,,"",
"","100000007915625","VULC","","",0.223,,"",
"","100000007915643","VULC","","",0.223,,"",
"","100000007916581","VULC","","",4.7664,,"",
"","100000007933516","SMC1","","",1.2453,,"",
"","100000007933531","SMC1","","",0.6605,,"",
"","100000007933229","SMC1","","",0.5947,,"",
"","100000007933214","SMC1","","",0.5342,,"",
"","100000007937471","SMC1","","",0.27,,"",
"","100000007942194","SMC1","","",1.39,,"",
"","100000007953769","SMC1","","",1.378,,"",
"","100000007953792","SMC1","","",1.801,,"",
"","100000007953747","SMC1","","",2.0471,,"",
"","100000007953762","SMC1","","",2.3836,,"",
"","100000007953750","SMC1","","",2.4204,,"",
"","100000007916226","VULC","","",0.8551,,"",
"","100000007948347","VULC","","",2.7024,,"",
"","100000007948421","VULC","","",3.3257,,"",
"","100000007948332","VULC","","",4.1045,,"",
"","100000007948589","VULC","","",0.3102,,"",
"","100000007948579","VULC","","",0.4536,,"",
"","100000007949447","VULC","","",0.6349,,"",
"","100000007969707","STA1","","",0.0181,,"",
"","100000007969857","STA1","","",0.0188,,"",
"","100000007969952","STA1","","",0.0148,,"",
"","100000007971904","STA1","","",0.0184,,"",
"","100000007971809","STA1","","",0.0531,,"",
"","100000007971905","STA1","","",0.0614,,"",
"","100000007972035","STA1","","",0.0405,,"",
"","100000007983138","STA1","","",0.0078,,"",
"","100000007984029","STA1","","",0.0078,,"",
"","100000007949488","VULC","","",0.1128,,"",
"","100000007939037","SEE1","","",207.014933,,"",
"","100000008032806","STA1","","",0.0578,,"",
"","100000007891936","STA1","","",0.0138,,"",
"","100000007891923","STA1","","",0.0257,,"",
"","100000007892231","STA1","","",0.0176,,"",
"","100000007892591","STA1","","",0.0377,,"",
"","100000007892939","STA1","","",0.0726,,"",
"","100000007899434","STA1","","",0.0534,,"",
"","100000007928735","STA1","","",0.3338,,"",
"","100000007928786","STA1","","",0.3338,,"",
"","100000007928757","STA1","","",0.2071,,"",
"","100000007919724","VULC","","",14.4541,,"",
"","100000007919761","VULC","","",7.8408,,"",
"","100000007919792","VULC","","",7.6859,,"",
"","100000007944009","VULC","","",3.1818,,"",
"","100000007944029","VULC","","",8.9728,,"",
"","100000007943922","VULC","","",9.8935,,"",
"","100000007943946","VULC","","",14.0728,,"",
"","100000007943963","VULC","","",16.2296,,"",
"","100000007943983","VULC","","",18.9465,,"",
"","100000007943931","VULC","","",21.1747,,"",
"","100000007943953","VULC","","",4.3374,,"",
"","100000007943970","VULC","","",24.6781,,"",
"","100000007943992","VULC","","",2.5133,,"",
"","100000007984278","VULC","","",328.5803,,"",
"","100000007983231","VULC","","",223.2533,,"",
"","100000007983352","VULC","","",586.1024,,"",
"","100000007983098","VULC","","",252.5478,,"",
"","100000007983141","VULC","","",312.2949,,"",
"","100000008023390","VULC","","",0.696,,"",
"","100000008023032","VULC","","",1.5491,,"",
"","100000008023391","VULC","","",1.5013,,"",
"","100000008022803","VULC","","",1.5491,,"",
"","100000008022958","VULC","","",2.589,,"",
"","100000008023318","VULC","","",2.589,,"",
"","100000008021533","VULC","","",2.589,,"",
"","100000007915664","VULC","","",58.9539,,"",
"","100000007915552","VULC","","",0.2355,,"",
"","100000007915578","VULC","","",0.2355,,"",
"","100000007915587","VULC","","",73.5396,,"",
"","100000007915549","VULC","","",0.1541,,"",
"","100000007915680","VULC","","",0.4435,,"",
"","100000007928506","SMC1","","",0.8674,,"",
"","100000007928988","SMC1","","",1.296,,"",
"","100000007928948","SMC1","","",1.089,,"",
"","100000007929002","SMC1","","",1.2932,,"",
"","100000007928952","SMC1","","",1.1687,,"",
"","100000007928993","SMC1","","",1.1924,,"",
"","100000007953717","SMC1","","",0.152,,"",
"","100000007953740","SMC1","","",0.2893,,"",
"","100000007953776","SMC1","","",0.1525,,"",
"","100000007953801","SMC1","","",0.2498,,"",
"","100000007953832","SMC1","","",0.3816,,"",
"","100000007953734","SMC1","","",0.4398,,"",
"","100000007953357","SMC1","","",0.5012,,"",
"","100000007953445","SMC1","","",0.1654,,"",
"","100000007953427","SMC1","","",0.2887,,"",
"","100000007924491","VULC","","",0.8103,,"",
"","100000007924557","VULC","","",0.9576,,"",
"","100000007949402","VULC","","",0.2045,,"",
"","100000007949427","VULC","","",0.8011,,"",
"","100000007949482","VULC","","",0.9707,,"",
"","100000007949403","VULC","","",1.0374,,"",
"","100000007949394","VULC","","",0.0758,,"",
"","100000007949453","VULC","","",0.0639,,"",
"","100000007949444","VULC","","",0.1762,,"",
"","100000007949399","VULC","","",0.0664,,"",
"","100000007949432","VULC","","",0.2158,,"",
"","100000007949376","VULC","","",1.2296,,"",
"","100000007928658","STA1","","",0.3338,,"",
"","100000007928988","STA1","","",0.4428,,"",
"","100000007928948","STA1","","",0.4521,,"",
"","100000007929024","STA1","","",0.3198,,"",
"","100000007928866","STA1","","",0.4384,,"",
"","100000007931660","STA1","","",0.0198,,"",
"","100000007931700","STA1","","",0.0305,,"",
"","100000007949373","VULC","","",0.38,,"",
"","100000007949292","VULC","","",0.1241,,"",
"","100000007939055","SEE1","","",175.871952,,"",
"","100000007927986","VULC","","",7.885,,"",
"","100000007928031","VULC","","",19.2082,,"",
"","100000007944010","VULC","","",14.323,,"",
"","100000007944031","VULC","","",9.3848,,"",
"","100000007944238","VULC","","",3.4355,,"",
"","100000007944265","VULC","","",2.4812,,"",
"","100000007944286","VULC","","",19.4692,,"",
"","100000007944314","VULC","","",4.8354,,"",
"","100000007944333","VULC","","",2.6722,,"",
"","100000007944213","VULC","","",7.9853,,"",
"","100000007944229","VULC","","",3.2134,,"",
"","100000007944315","VULC","","",290.8941,,"",
"","100000008026960","VULC","","",11.2844,,"",
"","100000007915092","VULC","","",162.7868,,"",
"","100000007915455","VULC","","",2.1391,,"",
"","100000007915550","VULC","","",0.4435,,"",
"","100000007916373","VULC","","",0.8584,,"",
"","100000007929023","SMC1","","",1.2396,,"",
"","100000007928967","SMC1","","",0.9626,,"",
"","100000007929000","SMC1","","",0.999,,"",
"","100000007929024","SMC1","","",0.8352,,"",
"","100000007928874","SMC1","","",1.7668,,"",
"","100000007928890","SMC1","","",0.8791,,"",
"","100000007928854","SMC1","","",1.818,,"",
"","100000007931267","SEE1","","",0.38082,,"",
"","100000007953335","SMC1","","",0.6117,,"",
"","100000007953349","SMC1","","",0.4802,,"",
"","100000007953626","SMC1","","",0.6935,,"",
"","100000007928807","SMC1","","",1.072,,"",
"","100000007928836","SMC1","","",1.1134,,"",
"","100000007928856","SMC1","","",1.153,,"",
"","100000007928920","SMC1","","",1.1795,,"",
"","100000007928799","SMC1","","",1.2073,,"",
"","100000007928829","SMC1","","",1.2238,,"",
"","100000007928871","SMC1","","",1.0247,,"",
"","100000007925242","VULC","","",0.7151,,"",
"","100000007913708","VULC","","",0.1308,,"",
"","100000007913732","VULC","","",0.0272,,"",
"","100000007913765","VULC","","",0.3396,,"",
"","100000007913784","VULC","","",0.0624,,"",
"","100000007913810","VULC","","",0.041,,"",
"","100000007913827","VULC","","",0.2918,,"",
"","100000007913863","VULC","","",0.0938,,"",
"","100000007913668","VULC","","",0.4081,,"",
"","100000007913584","VULC","","",0.4524,,"",
"","100000007955244","SEE1","","",4.2815,,"",
"","100000007955204","SEE1","","",0.575357143,,"",
"","100000007955235","SEE1","","",1.050178571,,"",
"","100000007955256","SEE1","","",1.4425,,"",
"","100000007955268","SEE1","","",1.295589286,,"",
"","100000007949354","VULC","","",1.606,,"",
"","100000007949322","VULC","","",1.9343,,"",
"","100000007949355","VULC","","",2.3344,,"",
"","100000007949279","VULC","","",2.7661,,"",
"","100000007949307","VULC","","",0.1536,,"",
"","100000007949367","VULC","","",0.1611,,"",
"","100000007949296","VULC","","",0.2381,,"",
"","100000007949313","VULC","","",0.3735,,"",
"","100000007949365","VULC","","",0.6415,,"",
"","100000007949298","VULC","","",0.7187,,"",
"","100000007949957","VULC","","",0.7704,,"",
"","100000007950106","VULC","","",1.0275,,"",
"","100000007950018","VULC","","",0.9264,,"",
"","100000007927863","VULC","","",17.6378,,"",
"","100000007927962","VULC","","",23.1291,,"",
"","100000007927928","VULC","","",34.2169,,"",
"","100000007927738","VULC","","",19.1202,,"",
"","100000007982309","VULC","","",111.4149,,"",
"","100000007982300","VULC","","",98.9878,,"",
"","100000007982359","VULC","","",198.533,,"",
"","100000007956385","FHS1","","",32.8879,,"",
"","100000007956428","FHS1","","",43.92,,"",
"","100000007956445","FHS1","","",100.384,,"",
"","100000007932108","FOS1","","",0.038825109,,"",
"","100000007932038","FOS1","","",0.047668453,,"",
"","100000007932018","FOS1","","",0.060002747,,"",
"","100000007932075","FOS1","","",0.158507947,,"",
"","100000007932098","FOS1","","",0.216729531,,"",
"","100000007932000","FOS1","","",0.139538789,,"",
"","100000007932021","FOS1","","",0.123993478,,"",
"","100000007932603","FOS1","","",0.13466934,,"",
"","100000007932143","FOS1","","",0.174167258,,"",
"","100000007932212","FOS1","","",0.217259485,,"",
"","100000007932126","FOS1","","",0.17489641,,"",
"","100000007932157","FOS1","","",0.168439636,,"",
"","100000007930762","FHS1","","",0.114,,"",
"","100000007930777","FHS1","","",0.2477,,"",
"","100000007929868","FHS1","","",0.273,,"",
"","100000007929798","FHS1","","",0.6826,,"",
"","100000007929820","FHS1","","",0.3325,,"",
"","100000007929862","FHS1","","",0.3874,,"",
"","100000007956491","FHS1","","",350.2372,,"",
"","100000007956376","FHS1","","",68.7353,,"",
"","100000007956389","FHS1","","",255.4968,,"",
"","100000007956718","FHS1","","",12.9747,,"",
"","100000007955936","FHS1","","",24.1004,,"",
"","100000007932109","FOS1","","",0.044541711,,"",
"","100000007931959","FOS1","","",0.11217518,,"",
"","100000007931983","FOS1","","",0.086055951,,"",
"","100000007932223","FOS1","","",0.315712179,,"",
"","100000007932250","FOS1","","",0.29936634,,"",
"","100000007932268","FOS1","","",0.261952885,,"",
"","100000007932292","FOS1","","",0.115623562,,"",
"","100000007932516","FOS1","","",0.041287449,,"",
"","100000007932388","FOS1","","",0.392627742,,"",
"","100000007932403","FOS1","","",0.533515708,,"",
"","100000007932361","FOS1","","",0.561412174,,"",
"","100000007932727","FOS1","","",0.25043752,,"",
"","100000007932909","FOS1","","",0.441770259,,"",
"","100000007932922","FOS1","","",0.507762426,,"",
"","100000007932885","FOS1","","",0.233328494,,"",
"","100000007927186","FHS1","","",36.327,,"",
"","100000007927409","FHS1","","",9.2326,,"",
"","100000007930723","FHS1","","",0.08,,"",
"","100000007930745","FHS1","","",0.0889,,"",
"","100000007956611","FHS1","","",39.1887,,"",
"","100000007933531","FOS1","","",0.78284997,,"",
"","100000007932334","FOS1","","",0.392814241,,"",
"","100000007932526","FOS1","","",0.077599377,,"",
"","100000007932546","FOS1","","",0.137169981,,"",
"","100000007932474","FOS1","","",0.037473828,,"",
"","100000007932465","FOS1","","",0.08334589,,"",
"","100000007932763","FOS1","","",0.278139742,,"",
"","100000007932799","FOS1","","",0.246601698,,"",
"","100000007932871","FOS1","","",0.52465088,,"",
"","100000007928004","FHS1","","",25.6855,,"",
"","100000007928031","FHS1","","",29.1038,,"",
"","100000007927682","FHS1","","",26.3815,,"",
"","100000007930776","FHS1","","",18.8262,,"",
"","100000007952999","FHS1","","",2.0989,,"",
"","100000007953045","FHS1","","",2.0989,,"",
"","100000007955063","FHS1","","",1.0019,,"",
"","100000007953405","FHS1","","",2.0989,,"",
"","100000007953549","FHS1","","",2.0989,,"",
"","100000007933023","FOS1","","",0.141044761,,"",
"","100000007932872","FOS1","","",0.28953828,,"",
"","100000007928259","FHS1","","",118.2387,,"",
"","100000007928365","FHS1","","",19.1164,,"",
"","100000007927979","FHS1","","",23.9998,,"",
"","100000007927976","FHS1","","",44.5785,,"",
"","100000007927683","FHS1","","",11.7232,,"",
"","100000007927631","FHS1","","",13.3836,,"",
"","100000007927867","FHS1","","",38.1636,,"",
"","100000007955070","FHS1","","",0.4006,,"",
"","100000007955101","FHS1","","",0.4774,,"",
"","100000007955121","FHS1","","",0.5223,,"",
"","100000007953479","FHS1","","",2.0989,,"",
"","100000007935603","FOS1","","",0.045107642,,"",
"","100000007933873","FOS1","","",0.197516453,,"",
"","100000007934545","FOS1","","",0.082063765,,"",
"","100000007927717","FHS1","","",17.61,,"",
"","100000007927928","FHS1","","",53.9874,,"",
"","100000007927957","FHS1","","",85.0313,,"",
"","100000007955122","FHS1","","",0.9709,,"",
"","100000007955146","FHS1","","",1.9581,,"",
"","100000007955045","FHS1","","",0.254,,"",
"","100000007955065","FHS1","","",0.8294,,"",
"","100000007955114","FHS1","","",1.9281,,"",
"","100000007954286","FHS1","","",2.0989,,"",
"","100000007935494","FOS1","","",0.025110872,,"",
"","100000007935534","FOS1","","",0.029391871,,"",
"","100000007935587","FOS1","","",0.011220101,,"",
"","100000007935535","FOS1","","",0.036604147,,"",
"","100000007935553","FOS1","","",0.010497196,,"",
"","100000007934948","FOS1","","",0.126647418,,"",
"","100000007934858","FOS1","","",0.172850034,,"",
"","100000007934860","FOS1","","",0.064717452,,"",
"","100000007934875","FOS1","","",0.047482929,,"",
"","100000007934932","FOS1","","",0.059372882,,"",
"","100000007934964","FOS1","","",0.128680254,,"",
"","100000007957171","FHS1","","",6.5938,,"",
"","100000007957247","FHS1","","",6.3868,,"",
"","100000007957127","FHS1","","",15.2592,,"",
"","100000007958031","FHS1","","",15.2551,,"",
"","100000007958053","FHS1","","",115.5753,,"",
"","100000007927954","FHS1","","",22.9183,,"",
"","100000007959161","FHS1","","",13.8953,,"",
"","100000007959199","FHS1","","",33.717,,"",
"","100000007935605","FOS1","","",0.056543698,,"",
"","100000007935519","FOS1","","",0.070530635,,"",
"","100000007935545","FOS1","","",0.035245928,,"",
"","100000007934848","FOS1","","",0.216897172,,"",
"","100000007934880","FOS1","","",0.036497021,,"",
"","100000007934942","FOS1","","",0.115805058,,"",
"","100000007934950","FOS1","","",0.142629614,,"",
"","100000007934849","FOS1","","",0.143702769,,"",
"","100000007934876","FOS1","","",0.198098118,,"",
"","100000007934947","FOS1","","",0.101867786,,"",
"","100000007934972","FOS1","","",0.10805292,,"",
"","100000007934872","FOS1","","",0.092979165,,"",
"","100000007957219","FHS1","","",67.8443,,"",
"","100000007957991","FHS1","","",13.5849,,"",
"","100000007958060","FHS1","","",704.2392,,"",
"","100000007957643","FHS1","","",9.2043,,"",
"","100000007957564","FHS1","","",15.2438,,"",
"","100000007929763","FHS1","","",0.6472,,"",
"","100000007957938","FHS1","","",123.3604,,"",
"","100000007957801","FHS1","","",152.8302,,"",
"","100000007934888","FOS1","","",0.055332036,,"",
"","100000007957144","FHS1","","",18.6953,,"",
"","100000007958067","FHS1","","",186.2668,,"",
"","100000007957606","FHS1","","",66.6894,,"",
"","100000007932192","FOS1","","",0.168110356,,"",
"","100000007932206","FOS1","","",0.108078049,,"",
"","100000007929909","FHS1","","",0.6551,,"",
"","100000007929878","FHS1","","",0.3149,,"",
"","100000007929899","FHS1","","",0.4119,,"",
"","100000007929791","FHS1","","",0.3292,,"",
"","100000007929814","FHS1","","",0.3898,,"",
"","100000007929829","FHS1","","",0.3906,,"",
"","100000007929850","FHS1","","",0.4675,,"",
"","100000007931668","NAT1","","",0.6247,,"",
"","100000007931685","NAT1","","",0.5895,,"",
"","100000007931641","NAT1","","",0.2968,,"",
"","100000007931659","NAT1","","",0.3344,,"",
"","100000007931686","NAT1","","",0.3837,,"",
"","100000007931713","NAT1","","",0.3771,,"",
"","100000007931730","NAT1","","",0.08,,"",
"","100000007931615","NAT1","","",0.066,,"",
"","100000007927438","NAT1","","",65.1435,,"",
"","100000007927336","NAT1","","",19.4307,,"",
"","100000008028469","NAT1","","",13.7148,,"",
"","100000008028997","NAT1","","",14.1938,,"",
"","100000008032727","NAT1","","",33.7163,,"",
"","100000008033317","NAT1","","",26.1565,,"",
"","100000008032548","NAT1","","",20.1058,,"",
"","100000008032462","NAT1","","",33.7163,,"",
"","100000007928537","NAT1","","",47.2072,,"",
"","100000007933303","NAT1","","",0.2424,,"",
"","100000007933354","NAT1","","",0.2808,,"",
"","100000007933377","NAT1","","",0.4257,,"",
"","100000007933271","NAT1","","",0.2757,,"",
"","100000007933293","NAT1","","",0.9736,,"",
"","100000007932812","NAT1","","",0.1071,,"",
"","100000007933701","NAT1","","",0.3283,,"",
"","100000007932995","NAT1","","",0.2086,,"",
"","100000007933016","NAT1","","",0.2763,,"",
"","100000007933031","NAT1","","",0.1853,,"",
"","100000007932943","NAT1","","",0.254,,"",
"","100000007932938","NAT1","","",0.1252,,"",
"","100000007935606","NAT1","","",36.4819,,"",
"","100000007935538","NAT1","","",37.0341,,"",
"","100000007931631","NAT1","","",0.052,,"",
"","100000007932188","NAT1","","",0.3432,,"",
"","100000007932115","NAT1","","",7.1399,,"",
"","100000007931318","NAT1","","",0.3038,,"",
"","100000007931350","NAT1","","",0.3471,,"",
"","100000007931280","NAT1","","",0.3295,,"",
"","100000007931313","NAT1","","",0.4802,,"",
"","100000007927297","NAT1","","",15.9662,,"",
"","100000008029081","NAT1","","",17.5681,,"",
"","100000008038401","NAT1","","",20.854,,"",
"","100000007936352","NAT1","","",123.8274,,"",
"","100000007933347","NAT1","","",0.7656,,"",
"","100000007934094","NAT1","","",0.9364,,"",
"","100000007933713","NAT1","","",0.4806,,"",
"","100000007933663","NAT1","","",0.3276,,"",
"","100000007933676","NAT1","","",0.4944,,"",
"","100000007932984","NAT1","","",0.2296,,"",
"","100000007932930","NAT1","","",0.1819,,"",
"","100000007936066","NAT1","","",23.2798,,"",
"","100000007936017","NAT1","","",31.1735,,"",
"","100000007936032","NAT1","","",25.1047,,"",
"","100000007936067","NAT1","","",23.7492,,"",
"","100000007935991","NAT1","","",40.1374,,"",
"","100000007935621","NAT1","","",178.7793,,"",
"","100000007931426","NAT1","","",0.2747,,"",
"","100000007932133","NAT1","","",26.0838,,"",
"","100000007931765","NAT1","","",6.9732,,"",
"","100000007931785","NAT1","","",7.2551,,"",
"","100000007931855","NAT1","","",5.8612,,"",
"","100000007931872","NAT1","","",8.2662,,"",
"","100000007931758","NAT1","","",6.0128,,"",
"","100000007931773","NAT1","","",0.2504,,"",
"","100000007927979","NAT1","","",27.0588,,"",
"","100000008034510","NAT1","","",4.0016,,"",
"","100000008034695","NAT1","","",3.7508,,"",
"","100000008033525","NAT1","","",2.9274,,"",
"","100000008033603","NAT1","","",2.9231,,"",
"","100000008033973","NAT1","","",2.9541,,"",
"","100000008034259","NAT1","","",3.0757,,"",
"","100000008034443","NAT1","","",3.8675,,"",
"","100000008034719","NAT1","","",4.0936,,"",
"","100000008033461","NAT1","","",3.1259,,"",
"","100000007929638","NAT1","","",3.5786,,"",
"","100000007929538","NAT1","","",4.1151,,"",
"","100000007936226","NAT1","","",6.2168,,"",
"","100000007933908","NAT1","","",1.6639,,"",
"","100000007932996","NAT1","","",0.0762,,"",
"","100000007933915","NAT1","","",0.5644,,"",
"","100000007933788","NAT1","","",169.6833,,"",
"","100000007935725","NAT1","","",143.6975,,"",
"","100000007935613","NAT1","","",62.2672,,"",
"","100000007935692","NAT1","","",63.6825,,"",
"","100000007933257","NAT1","","",0.8064,,"",
"","100000007931824","NAT1","","",0.3097,,"",
"","100000007930536","NAT1","","",2.0241,,"",
"","100000007930463","NAT1","","",2.0427,,"",
"","100000007927976","NAT1","","",50.7347,,"",
"","100000007928044","NAT1","","",11.2674,,"",
"","100000008033719","NAT1","","",3.1859,,"",
"","100000008033808","NAT1","","",1.198,,"",
"","100000008034070","NAT1","","",0.9914,,"",
"","100000008034265","NAT1","","",0.7672,,"",
"","100000008034534","NAT1","","",1.6555,,"",
"","100000008034724","NAT1","","",1.1925,,"",
"","100000007930776","NAT1","","",18.2284,,"",
"","100000007930762","NAT1","","",0.1143,,"",
"","100000007930992","NAT1","","",0.9227,,"",
"","100000007936630","NAT1","","",89.0656,,"",
"","100000007936599","NAT1","","",47.1297,,"",
"","100000007936542","NAT1","","",26.458,,"",
"","100000007934302","NAT1","","",0.7656,,"",
"","100000007934285","NAT1","","",532.3381,,"",
"","100000007934213","NAT1","","",515.6054,,"",
"","100000007933164","NAT1","","",0.5984,,"",
"","100000007930022","NAT1","","",0.4825,,"",
"","100000007929868","NAT1","","",0.3459,,"",
"","100000007927994","NAT1","","",12.5729,,"",
"","100000007927986","NAT1","","",15.0429,,"",
"","100000008035507","NAT1","","",49.0171,,"",
"","100000008035775","NAT1","","",33.7163,,"",
"","100000008036331","NAT1","","",26.8559,,"",
"","100000008035964","NAT1","","",20.4851,,"",
"","100000007930777","NAT1","","",0.2402,,"",
"","100000007927988","NAT1","","",15.6367,,"",
"","100000007928031","NAT1","","",34.2419,,"",
"","100000007931088","NAT1","","",3.492,,"",
"","100000007931059","NAT1","","",1.4355,,"",
"","100000007937700","NAT1","","",151.4462,,"",
"","100000007938227","NAT1","","",141.6983,,"",
"","100000007938195","NAT1","","",119.6315,,"",
"","100000007934214","NAT1","","",3.1822,,"",
"","100000007935094","NAT1","","",3.4813,,"",
"","100000007935102","NAT1","","",2.6255,,"",
"","100000007935065","NAT1","","",97.0372,,"",
"","100000007933242","NAT1","","",0.4584,,"",
"","100000007929798","NAT1","","",0.7316,,"",
"","100000008035777","NAT1","","",71.9564,,"",
"","100000008036050","NAT1","","",49.0171,,"",
"","100000008036233","NAT1","","",33.7163,,"",
"","100000008036234","NAT1","","",26.1374,,"",
"","100000007927682","NAT1","","",30.6858,,"",
"","100000007927683","NAT1","","",13.8687,,"",
"","100000007927925","NAT1","","",70.7984,,"",
"","100000007927798","NAT1","","",40.332,,"",
"","100000007938229","NAT1","","",216.6299,,"",
"","100000007938131","NAT1","","",125.1654,,"",
"","100000007935024","NAT1","","",78.2235,,"",
"","100000007938449","NAT1","","",160.3488,,"",
"","100000007935013","NAT1","","",108.1403,,"",
"","100000007935041","NAT1","","",162.7846,,"",
"","100000007934711","NAT1","","",137.943,,"",
"","100000007934628","NAT1","","",148.0076,,"",
"","100000007934122","NAT1","","",117.6228,,"",
"","100000007934156","NAT1","","",70.4988,,"",
"","100000007934173","NAT1","","",9.1992,,"",
"","100000007934188","NAT1","","",8.7101,,"",
"","100000007930679","NAT1","","",41.2745,,"",
"","100000008036333","NAT1","","",20.1362,,"",
"","100000008038120","NAT1","","",5.6779,,"",
"","100000008037916","NAT1","","",6.1107,,"",
"","100000008038063","NAT1","","",6.7085,,"",
"","100000008038462","NAT1","","",6.3446,,"",
"","100000007928259","NAT1","","",113.2783,,"",
"","100000007927867","NAT1","","",45.4637,,"",
"","100000007927928","NAT1","","",59.1761,,"",
"","100000007932381","NAT1","","",0.4627,,"",
"","100000007932394","NAT1","","",0.2616,,"",
"","100000007932414","NAT1","","",0.6551,,"",
"","100000007932426","NAT1","","",0.4197,,"",
"","100000007932448","NAT1","","",0.4711,,"",
"","100000007932365","NAT1","","",0.0871,,"",
"","100000007933109","NAT1","","",0.11,,"",
"","100000007933132","NAT1","","",0.125,,"",
"","100000007933147","NAT1","","",0.0949,,"",
"","100000007933041","NAT1","","",0.0969,,"",
"","100000007933085","NAT1","","",0.1127,,"",
"","100000007938421","NAT1","","",99.8538,,"",
"","100000007938430","NAT1","","",136.5917,,"",
"","100000007938514","NAT1","","",116.7144,,"",
"","100000007934653","NAT1","","",87.7914,,"",
"","100000007934686","NAT1","","",94.845,,"",
"","100000007934621","NAT1","","",156.2794,,"",
"","100000007934718","NAT1","","",95.7118,,"",
"","100000007934819","NAT1","","",14.7251,,"",
"","100000007934836","NAT1","","",12.1733,,"",
"","100000007934768","NAT1","","",12.1764,,"",
"","100000007930941","NAT1","","",0.3475,,"",
"","100000007930960","NAT1","","",0.37,,"",
"","100000007927186","NAT1","","",41.6717,,"",
"","100000007927441","NAT1","","",23.9047,,"",
"","100000008038716","NAT1","","",7.4303,,"",
"","100000008038905","NAT1","","",7.6096,,"",
"","100000008037842","NAT1","","",10.8207,,"",
"","100000008037988","NAT1","","",9.2483,,"",
"","100000008037989","NAT1","","",51.6717,,"",
"","100000008038217","NAT1","","",88.0216,,"",
"","100000008038377","NAT1","","",143.2841,,"",
"","100000008038626","NAT1","","",42.9043,,"",
"","100000008038812","NAT1","","",34.3606,,"",
"","100000007928365","NAT1","","",21.2734,,"",
"","100000007933124","NAT1","","",0.6842,,"",
"","100000007933139","NAT1","","",0.2986,,"",
"","100000007933053","NAT1","","",0.3834,,"",
"","100000007933075","NAT1","","",0.2883,,"",
"","100000007933114","NAT1","","",0.097,,"",
"","100000007933133","NAT1","","",0.05,,"",
"","100000007938311","NAT1","","",150.4135,,"",
"","100000007934736","NAT1","","",9.7531,,"",
"","100000007934728","NAT1","","",9.8985,,"",
"","100000007934729","NAT1","","",9.7497,,"",
"","100000007932146","NAT1","","",0.3565,,"",
"","100000007932165","NAT1","","",30.8564,,"",
"","100000007989415","NAT1","","",15.5535,,"",
"","100000007989116","NAT1","","",27.1715,,"",
"","100000007989137","NAT1","","",26.7178,,"",
"","100000007989222","NAT1","","",9.2734,,"",
"","100000007988140","NAT1","","",23.3207,,"",
"","100000007993596","NAT1","","",3.0927,,"",
"","100000007993620","NAT1","","",3.3362,,"",
"","100000007993711","NAT1","","",7.2071,,"",
"","100000007993777","NAT1","","",12.9839,,"",
"","100000007993830","NAT1","","",13.6496,,"",
"","100000007993573","NAT1","","",0.5323,,"",
"","100000007993273","NAT1","","",0.4361,,"",
"","100000007993339","NAT1","","",8.3738,,"",
"","100000007988743","NAT1","","",17.1164,,"",
"","100000007988790","NAT1","","",26.9875,,"",
"","100000007988982","NAT1","","",19.2879,,"",
"","100000007989029","NAT1","","",7.5658,,"",
"","100000007990612","NAT1","","",11.1594,,"",
"","100000007987085","NAT1","","",14.192,,"",
"","100000007987158","NAT1","","",57.0758,,"",
"","100000007985789","NAT1","","",40.8867,,"",
"","100000008033754","NAT1","","",2.7519,,"",
"","100000008033496","NAT1","","",2.9101,,"",
"","100000008033664","NAT1","","",5.555,,"",
"","100000008033579","NAT1","","",5.5411,,"",
"","100000008033755","NAT1","","",4.5663,,"",
"","100000008033929","NAT1","","",4.586,,"",
"","100000008033497","NAT1","","",1.5525,,"",
"","100000008034021","NAT1","","",1.5464,,"",
"","100000008033665","NAT1","","",2.0265,,"",
"","100000008036069","NAT1","","",157.7669,,"",
"","100000008031031","NAT1","","",7.5849,,"",
"","100000008037031","NAT1","","",46.8992,,"",
"","100000008037486","NAT1","","",65.8733,,"",
"","100000008031253","NAT1","","",11.4895,,"",
"","100000008031444","NAT1","","",12.6732,,"",
"","100000008031815","NAT1","","",18.5656,,"",
"","100000008030781","NAT1","","",17.5994,,"",
"","100000008031254","NAT1","","",19.3662,,"",
"","100000008034189","NAT1","","",1.1968,,"",
"","100000008034374","NAT1","","",0.9805,,"",
"","100000008034644","NAT1","","",0.7448,,"",
"","100000008034836","NAT1","","",1.633,,"",
"","100000008033634","NAT1","","",1.1829,,"",
"","100000008033994","NAT1","","",0.8488,,"",
"","100000008034282","NAT1","","",0.605,,"",
"","100000008023278","NAT1","","",0.5576,,"",
"","100000008023426","NAT1","","",0.5555,,"",
"","100000008022441","NAT1","","",0.5555,,"",
"","100000008022601","NAT1","","",0.5583,,"",
"","100000008022839","NAT1","","",0.5563,,"",
"","100000008022544","NAT1","","",1.379,,"",
"","100000008022778","NAT1","","",1.3723,,"",
"","100000008022937","NAT1","","",1.3519,,"",
"","100000008023148","NAT1","","",1.2828,,"",
"","100000008023298","NAT1","","",1.3307,,"",
"","100000008027805","NAT1","","",14.0243,,"",
"","100000008027992","NAT1","","",14.8342,,"",
"","100000008027902","NAT1","","",16.3494,,"",
"","100000008027903","NAT1","","",15.1458,,"",
"","100000007988208","NAT1","","",35.5772,,"",
"","100000007991426","NAT1","","",19.6032,,"",
"","100000007987854","NAT1","","",8.6984,,"",
"","100000007987729","NAT1","","",6.2714,,"",
"","100000007987903","NAT1","","",7.6612,,"",
"","100000007993424","NAT1","","",14.0936,,"",
"","100000007993146","NAT1","","",6.672,,"",
"","100000007989939","NAT1","","",9.0367,,"",
"","100000007989961","NAT1","","",7.3662,,"",
"","100000008008710","NAT1","","",1.3853,,"",
"","100000008009001","NAT1","","",1.3761,,"",
"","100000008009101","NAT1","","",6.1564,,"",
"","100000008008424","NAT1","","",4.9452,,"",
"","100000008008616","NAT1","","",4.8734,,"",
"","100000008008830","NAT1","","",4.7783,,"",
"","100000008009029","NAT1","","",4.8601,,"",
"","100000007987208","NAT1","","",78.6208,,"",
"","100000007985935","NAT1","","",23.2933,,"",
"","100000007985864","NAT1","","",80.1679,,"",
"","100000007985900","NAT1","","",102.5359,,"",
"","100000007985952","NAT1","","",59.2003,,"",
"","100000007985992","NAT1","","",66.9712,,"",
"","100000007986051","NAT1","","",15.8193,,"",
"","100000008035251","NAT1","","",385.0365,,"",
"","100000008035519","NAT1","","",120.5963,,"",
"","100000008035980","NAT1","","",120.5963,,"",
"","100000008035374","NAT1","","",20.1146,,"",
"","100000008036000","NAT1","","",20.2191,,"",
"","100000008035192","NAT1","","",18.4369,,"",
"","100000008035639","NAT1","","",134.6729,,"",
"","100000008036001","NAT1","","",67.0169,,"",
"","100000008035193","NAT1","","",45.6398,,"",
"","100000008030782","NAT1","","",4.3223,,"",
"","100000008033813","NAT1","","",1.7632,,"",
"","100000008034084","NAT1","","",2.3146,,"",
"","100000008030323","NAT1","","",13.2629,,"",
"","100000008033753","NAT1","","",0.927,,"",
"","100000008022779","NAT1","","",0.692,,"",
"","100000007994534","NAT1","","",46.3517,,"",
"","100000007990298","NAT1","","",6.8558,,"",
"","100000007989997","NAT1","","",7.7543,,"",
"","100000007990065","NAT1","","",7.5428,,"",
"","100000007990112","NAT1","","",11.4907,,"",
"","100000007987902","NAT1","","",33.8006,,"",
"","100000007987950","NAT1","","",33.8108,,"",
"","100000007987657","NAT1","","",33.7978,,"",
"","100000007990769","NAT1","","",9.0207,,"",
"","100000007989847","NAT1","","",19.3891,,"",
"","100000007989899","NAT1","","",20.6399,,"",
"","100000007989920","NAT1","","",17.8959,,"",
"","100000007989932","NAT1","","",20.7389,,"",
"","100000007989953","NAT1","","",11.6454,,"",
"","100000008007715","NAT1","","",8.2949,,"",
"","100000008007813","NAT1","","",11.2122,,"",
"","100000008008107","NAT1","","",8.0181,,"",
"","100000007985972","NAT1","","",206.0594,,"",
"","100000007985810","NAT1","","",86.7207,,"",
"","100000007985865","NAT1","","",91.569,,"",
"","100000008035375","NAT1","","",392.3336,,"",
"","100000008035731","NAT1","","",31.3931,,"",
"","100000008034894","NAT1","","",24.3391,,"",
"","100000008035194","NAT1","","",187.1765,,"",
"","100000008035548","NAT1","","",18.7857,,"",
"","100000008035015","NAT1","","",18.7045,,"",
"","100000008035484","NAT1","","",134.6729,,"",
"","100000008026033","NAT1","","",2.5142,,"",
"","100000008026216","NAT1","","",2.5075,,"",
"","100000008026299","NAT1","","",2.4162,,"",
"","100000008034692","NAT1","","",18.6125,,"",
"","100000008023030","NAT1","","",0.7008,,"",
"","100000008023167","NAT1","","",0.6624,,"",
"","100000008023389","NAT1","","",0.6961,,"",
"","100000008023169","NAT1","","",0.6237,,"",
"","100000008023244","NAT1","","",0.6833,,"",
"","100000008023392","NAT1","","",0.6237,,"",
"","100000008023466","NAT1","","",0.6304,,"",
"","100000008023626","NAT1","","",0.6304,,"",
"","100000008022885","NAT1","","",0.6304,,"",
"","100000008022957","NAT1","","",0.6352,,"",
"","100000008023101","NAT1","","",0.8279,,"",
"","100000008023245","NAT1","","",0.8211,,"",
"","100000008023317","NAT1","","",0.8346,,"",
"","100000007996774","NAT1","","",14.2171,,"",
"","100000007996826","NAT1","","",19.8339,,"",
"","100000007990171","NAT1","","",11.1731,,"",
"","100000007990299","NAT1","","",14.2473,,"",
"","100000007990041","NAT1","","",5.6547,,"",
"","100000007991472","NAT1","","",10.1694,,"",
"","100000007991882","NAT1","","",9.877,,"",
"","100000007990940","NAT1","","",12.1487,,"",
"","100000007989860","NAT1","","",19.2743,,"",
"","100000007989877","NAT1","","",18.3834,,"",
"","100000007989903","NAT1","","",26.1895,,"",
"","100000007994250","NAT1","","",3.6217,,"",
"","100000007993987","NAT1","","",7.0419,,"",
"","100000008006790","NAT1","","",16.8553,,"",
"","100000008009432","NAT1","","",1.2458,,"",
"","100000008008278","NAT1","","",4.1931,,"",
"","100000008006916","NAT1","","",532.4452,,"",
"","100000008009452","NAT1","","",6.5049,,"",
"","100000008009628","NAT1","","",5.4134,,"",
"","100000008008682","NAT1","","",12.3523,,"",
"","100000008008877","NAT1","","",12.4635,,"",
"","100000008009175","NAT1","","",19.4129,,"",
"","100000008009362","NAT1","","",16.3954,,"",
"","100000008009629","NAT1","","",20.5695,,"",
"","100000008008780","NAT1","","",1.2846,,"",
"","100000008008974","NAT1","","",1.1177,,"",
"","100000008035845","NAT1","","",67.0169,,"",
"","100000008026467","NAT1","","",2.4872,,"",
"","100000008025290","NAT1","","",2.494,,"",
"","100000008025682","NAT1","","",5.7331,,"",
"","100000008025853","NAT1","","",5.4184,,"",
"","100000008026128","NAT1","","",5.5901,,"",
"","100000008029806","NAT1","","",8.6915,,"",
"","100000008030052","NAT1","","",2.1993,,"",
"","100000008030211","NAT1","","",3.0491,,"",
"","100000008030435","NAT1","","",3.5147,,"",
"","100000008023467","NAT1","","",0.8346,,"",
"","100000008022958","NAT1","","",2.6225,,"",
"","100000008023318","NAT1","","",2.5616,,"",
"","100000008021533","NAT1","","",2.5851,,"",
"","100000008021696","NAT1","","",2.5851,,"",
"","100000008021987","NAT1","","",2.5517,,"",
"","100000007997960","NAT1","","",29.0492,,"",
"","100000007998183","NAT1","","",16.263,,"",
"","100000007991756","NAT1","","",9.1505,,"",
"","100000008008134","NYS1","","",2.24,,"",
"","100000008008033","NAT1","","",34.486,,"",
"","100000008009074","NAT1","","",2.0143,,"",
"","100000008008709","NAT1","","",1.1395,,"",
"","100000008037070","NAT1","","",72.9225,,"",
"","100000008037624","NAT1","","",127.5419,,"",
"","100000008036375","NAT1","","",142.4771,,"",
"","100000008036458","NAT1","","",124.476,,"",
"","100000008026300","NAT1","","",5.5692,,"",
"","100000008025212","NAT1","","",5.4036,,"",
"","100000008025602","NAT1","","",5.4225,,"",
"","100000008030575","NAT1","","",10.2015,,"",
"","100000008029824","NAT1","","",126.9034,,"",
"","100000008022198","NAT1","","",3.0138,,"",
"","100000008021009","NAT1","","",2.9335,,"",
"","100000007991852","NAT1","","",11.1581,,"",
"","100000007993227","NAT1","","",3.6064,,"",
"","100000007993275","NAT1","","",3.6975,,"",
"","100000007993341","NAT1","","",3.5789,,"",
"","100000007993403","NAT1","","",3.4004,,"",
"","100000007993122","NAT1","","",1.3841,,"",
"","100000007993276","NAT1","","",1.6799,,"",
"","100000008006938","NAT1","","",1.313,,"",
"","100000008008326","NAT1","","",1.9055,,"",
"","100000008037714","NAT1","","",391.6498,,"",
"","100000008036540","NAT1","","",110.3681,,"",
"","100000008037072","NAT1","","",69.7148,,"",
"","100000008037528","NAT1","","",136.5065,,"",
"","100000008036646","NAT1","","",140.345,,"",
"","100000008036906","NAT1","","",186.3451,,"",
"","100000008037275","NAT1","","",79.2195,,"",
"","100000008037547","NAT1","","",105.5463,,"",
"","100000008036647","NAT1","","",64.3348,,"",
"","100000008036817","NAT1","","",172.7866,,"",
"","100000008024644","NAT1","","",21.4123,,"",
"","100000008026499","NAT1","","",15.8256,,"",
"","100000008027027","NAT1","","",3.7827,,"",
"","100000008027336","NAT1","","",6.872,,"",
"","100000008027544","NAT1","","",5.9095,,"",
"","100000008027828","NAT1","","",5.9753,,"",
"","100000008026518","NAT1","","",5.8873,,"",
"","100000008030444","NAT1","","",3.8428,,"",
"","100000007986236","NAT1","","",2.2193,,"",
"","100000007986306","NAT1","","",10.8638,,"",
"","100000007986343","NAT1","","",10.4871,,"",
"","100000007986211","NAT1","","",19.2956,,"",
"","100000007988501","NAT1","","",4.1511,,"",
"","100000008009455","NAT1","","",1.7964,,"",
"","100000008008297","NAT1","","",1.7539,,"",
"","100000008009076","NAT1","","",1.5911,,"",
"","100000008008517","NAT1","","",1.6183,,"",
"","100000008008706","NAT1","","",1.6088,,"",
"","100000007993317","NAT1","","",1.9958,,"",
"","100000007993381","NAT1","","",2.6044,,"",
"","100000007993448","NAT1","","",3.2551,,"",
"","100000007995534","NAT1","","",7.9217,,"",
"","100000007995356","NAT1","","",9.5665,,"",
"","100000007995413","NAT1","","",12.7988,,"",
"","100000007995460","NAT1","","",38.2432,,"",
"","100000008036376","NAT1","","",56.4965,,"",
"","100000008030642","NAT1","","",0.631,,"",
"","100000008030818","NAT1","","",0.6095,,"",
"","100000008037096","NAT1","","",195.1773,,"",
"","100000008037276","NAT1","","",218.1534,,"",
"","100000008036924","NAT1","","",183.7265,,"",
"","100000008037112","NAT1","","",152.6906,,"",
"","100000008037382","NAT1","","",312.1899,,"",
"","100000008024035","NAT1","","",45.8388,,"",
"","100000008024709","NAT1","","",2.9865,,"",
"","100000008023482","NAT1","","",7.751,,"",
"","100000008023561","NAT1","","",0.8226,,"",
"","100000008022734","NAT1","","",0.5588,,"",
"","100000008026620","NAT1","","",0.4509,,"",
"","100000008026776","NAT1","","",12.2342,,"",
"","100000008030542","NAT1","","",65.0248,,"",
"","100000008030166","NAT1","","",10.0166,,"",
"","100000008030543","NAT1","","",76.8603,,"",
"","100000008030322","NAT1","","",39.4913,,"",
"","100000008030544","NAT1","","",61.4518,,"",
"","100000008030473","NAT1","","",60.7808,,"",
"","100000007988549","NAT1","","",4.6692,,"",
"","100000007988612","NAT1","","",26.7445,,"",
"","100000007988694","NAT1","","",10.5804,,"",
"","100000007988401","NAT1","","",17.5016,,"",
"","100000007988614","NAT1","","",16.7432,,"",
"","100000007987354","NAT1","","",22.4045,,"",
"","100000007987406","NAT1","","",36.8235,,"",
"","100000007989158","NAT1","","",15.906,,"",
"","100000007989266","NAT1","","",14.5272,,"",
"","100000008008999","NAT1","","",1.3128,,"",
"","100000008009483","NAT1","","",0.9783,,"",
"","100000008008227","NAT1","","",0.9751,,"",
"","100000007995358","NAT1","","",19.8624,,"",
"","100000007995465","NAT1","","",6.0923,,"",
"","100000007994514","NAT1","","",47.0716,,"",
"","100000007994309","NAT1","","",39.2161,,"",
"","100000307430358","NAT1","","",9.4408,,"",
"","100000008037569","NAT1","","",2.2075,,"",
"","100000008023129","NAT1","","",0.5653,,"",
"","100000008022679","NAT1","","",0.668,,"",
"","100000008023061","NAT1","","",0.5605,,"",
"","100000008026960","NAT1","","",10.3235,,"",
"","100000008022992","NAT1","","",0.5583,,"",
"","100000008023204","NAT1","","",0.5583,,"",
"","100000008025996","NAT1","","",29.9381,,"",
"","100000007939142","NGC1","","",0.32,,"",
"","100000007939180","NGC1","","",0.337,,"",
"","100000007937510","NGC1","","",0.111,,"",
"","100000007937403","NGC1","","",0.122,,"",
"","100000007939926","NAT1","","",154.374,,"",
"","100000007939878","NAT1","","",329.0706,,"",
"","100000007988652","NGC1","","",0.69,,"",
"","100000007988692","NGC1","","",0.83,,"",
"","100000007994490","NGC1","","",9.48,,"",
"","100000007994703","NGC1","","",5.01,,"",
"","100000007994791","NGC1","","",6.28,,"",
"","100000007956543","NAT1","","",160.6852,,"",
"","100000007939477","NAT1","","",165.6364,,"",
"","100000007939428","NAT1","","",249.9901,,"",
"","100000007940376","NAT1","","",640.4111,,"",
"","100000007939966","NAT1","","",170.4745,,"",
"","100000007940037","NAT1","","",84.002,,"",
"","100000007956893","NAT1","","",17.3054,,"",
"","100000007988399","NGC1","","",0.93,,"",
"","100000007988451","NGC1","","",1.04,,"",
"","100000007988693","NGC1","","",1.57,,"",
"","100000007988548","NGC1","","",0.338,,"",
"","100000007988720","NGC1","","",0.417,,"",
"","100000007935494","NGC1","","",0.187,,"",
"","100000007935534","NGC1","","",0.12,,"",
"","100000007935587","NGC1","","",0.1135,,"",
"","100000007941698","NGC1","","",0.47,,"",
"","100000007941725","NGC1","","",0.46,,"",
"","100000007941766","NGC1","","",0.62,,"",
"","100000007931464","NGC1","","",0.1595,,"",
"","100000007931375","NGC1","","",0.203,,"",
"","100000007931387","NGC1","","",0.168,,"",
"","100000007931409","NGC1","","",0.1025,,"",
"","100000007931458","NGC1","","",0.279,,"",
"","100000007939760","NGC1","","",0.261,,"",
"","100000007940069","NAT1","","",208.8734,,"",
"","100000007939989","NAT1","","",193.7235,,"",
"","100000007988547","NGC1","","",0.496,,"",
"","100000007988609","NGC1","","",0.576,,"",
"","100000007988716","NGC1","","",0.744,,"",
"","100000007988175","NGC1","","",4.24,,"",
"","100000007988287","NGC1","","",4.94,,"",
"","100000007988276","NGC1","","",0.4,,"",
"","100000007988320","NGC1","","",0.479,,"",
"","100000007935535","NGC1","","",0.1345,,"",
"","100000007935553","NGC1","","",0.115,,"",
"","100000007935605","NGC1","","",0.128,,"",
"","100000007935519","NGC1","","",0.179,,"",
"","100000007935545","NGC1","","",0.196,,"",
"","100000007935570","NGC1","","",0.189,,"",
"","100000007941758","NGC1","","",1.3,,"",
"","100000007932143","NGC1","","",0.1315,,"",
"","100000007932212","NGC1","","",0.161,,"",
"","100000007941365","NGC1","","",3.69,,"",
"","100000007941408","NGC1","","",4.1,,"",
"","100000007941268","NGC1","","",3.44,,"",
"","100000007931827","NGC1","","",0.253,,"",
"","100000007939277","NGC1","","",0.242,,"",
"","100000007939298","NGC1","","",0.496,,"",
"","100000007939343","NGC1","","",0.383,,"",
"","100000007939260","NGC1","","",0.563,,"",
"","100000007957480","NAT1","","",17.3226,,"",
"","100000007957524","NAT1","","",11.4629,,"",
"","100000007957442","NAT1","","",69.3341,,"",
"","100000007941358","NAT1","","",392.3763,,"",
"","100000007940500","NAT1","","",151.0605,,"",
"","100000007940408","NAT1","","",109.0546,,"",
"","100000007988010","NGC1","","",0.438,,"",
"","100000007957081","NAT1","","",16.7928,,"",
"","100000007935588","NGC1","","",0.145,,"",
"","100000007935495","NGC1","","",0.1325,,"",
"","100000007935524","NGC1","","",0.233,,"",
"","100000007935501","NGC1","","",0.168,,"",
"","100000007938581","NGC1","","",0.2055,,"",
"","100000007941333","NGC1","","",4.13,,"",
"","100000007941355","NGC1","","",4.6,,"",
"","100000007941386","NGC1","","",5.05,,"",
"","100000007932108","NGC1","","",0.043,,"",
"","100000007932038","NGC1","","",0.033,,"",
"","100000007932109","NGC1","","",0.035,,"",
"","100000007931959","NGC1","","",0.0885,,"",
"","100000007931983","NGC1","","",0.062,,"",
"","100000007957481","NAT1","","",33.2966,,"",
"","100000007957485","NAT1","","",26.0671,,"",
"","100000007955936","NAT1","","",22.3114,,"",
"","100000007955870","NAT1","","",100.0109,,"",
"","100000007940449","NAT1","","",165.4322,,"",
"","100000007955041","NAT1","","",0.8028,,"",
"","100000007954950","NAT1","","",0.9101,,"",
"","100000007988166","NGC1","","",0.279,,"",
"","100000007957033","NAT1","","",7.5854,,"",
"","100000007957048","NAT1","","",25.5973,,"",
"","100000007957056","NAT1","","",108.1581,,"",
"","100000007957064","NAT1","","",10.0633,,"",
"","100000007957082","NAT1","","",25.5936,,"",
"","100000007957100","NAT1","","",106.8739,,"",
"","100000007957260","NAT1","","",63.878,,"",
"","100000007956611","NAT1","","",45.3804,,"",
"","100000007935698","NGC1","","",0.17,,"",
"","100000007938606","NGC1","","",0.29,,"",
"","100000007938567","NGC1","","",0.2415,,"",
"","100000007942130","NGC1","","",6.49,,"",
"","100000007942202","NGC1","","",9.43,,"",
"","100000007942233","NGC1","","",0.2085,,"",
"","100000007942410","NGC1","","",3.08,,"",
"","100000007942192","NGC1","","",0.495,,"",
"","100000007942216","NGC1","","",0.415,,"",
"","100000007942122","NGC1","","",0.512,,"",
"","100000007942167","NGC1","","",0.771,,"",
"","100000007942207","NGC1","","",0.817,,"",
"","100000007942225","NGC1","","",1.02,,"",
"","100000007931976","NGC1","","",0.1355,,"",
"","100000007932694","NGC1","","",0.176,,"",
"","100000007932601","NGC1","","",0.0805,,"",
"","100000007932576","NGC1","","",0.103,,"",
"","100000007958031","NAT1","","",13.6843,,"",
"","100000007958053","NAT1","","",114.2623,,"",
"","100000007957991","NAT1","","",12.7333,,"",
"","100000007955259","NAT1","","",0.3664,,"",
"","100000007955279","NAT1","","",0.6743,,"",
"","100000007957295","NAT1","","",53.6555,,"",
"","100000007957515","NAT1","","",341.9124,,"",
"","100000007957531","NAT1","","",41.541,,"",
"","100000007957411","NAT1","","",4.4204,,"",
"","100000007938639","NGC1","","",0.324,,"",
"","100000007938553","NGC1","","",0.284,,"",
"","100000007942467","NGC1","","",3.91,,"",
"","100000007942478","NGC1","","",4.42,,"",
"","100000007942375","NGC1","","",4.09,,"",
"","100000007942432","NGC1","","",5.41,,"",
"","100000007942434","NGC1","","",0.522,,"",
"","100000007932653","NGC1","","",0.1355,,"",
"","100000007932583","NGC1","","",0.083,,"",
"","100000007958060","NAT1","","",498.8233,,"",
"","100000007958067","NAT1","","",141.4729,,"",
"","100000007957643","NAT1","","",8.7393,,"",
"","100000007955907","NAT1","","",32.6603,,"",
"","100000007955957","NAT1","","",17.5689,,"",
"","100000007955187","NAT1","","",0.9244,,"",
"","100000007955223","NAT1","","",0.9218,,"",
"","100000007955243","NAT1","","",0.6885,,"",
"","100000007955770","NAT1","","",33.0002,,"",
"","100000007955777","NAT1","","",10.5071,,"",
"","100000007994254","NGC1","","",10.75,,"",
"","100000007956408","NAT1","","",23.1593,,"",
"","100000007956503","NAT1","","",89.0358,,"",
"","100000007939564","NAT1","","",126.8735,,"",
"","100000007939595","NAT1","","",212.8812,,"",
"","100000007957182","NAT1","","",7.008,,"",
"","100000007957217","NAT1","","",200.7759,,"",
"","100000007957117","NAT1","","",7.3234,,"",
"","100000007957424","NAT1","","",95.3439,,"",
"","100000007957184","NAT1","","",61.0152,,"",
"","100000007957204","NAT1","","",580.6548,,"",
"","100000007957228","NAT1","","",13.4112,,"",
"","100000007957248","NAT1","","",3.9641,,"",
"","100000007957119","NAT1","","",53.2748,,"",
"","100000007942446","NGC1","","",0.684,,"",
"","100000007942470","NGC1","","",0.595,,"",
"","100000007942473","NGC1","","",0.3645,,"",
"","100000007942394","NGC1","","",0.897,,"",
"","100000007942406","NGC1","","",1.044,,"",
"","100000007942428","NGC1","","",0.995,,"",
"","100000007937420","NGC1","","",0.128,,"",
"","100000007937462","NGC1","","",0.1385,,"",
"","100000007937487","NGC1","","",0.1435,,"",
"","100000007937478","NGC1","","",0.172,,"",
"","100000007937495","NGC1","","",0.2075,,"",
"","100000007957564","NAT1","","",14.8308,,"",
"","100000007957606","NAT1","","",62.8353,,"",
"","100000007955790","NAT1","","",129.0573,,"",
"","100000007995155","NGC1","","",0.82,,"",
"","100000007939370","NAT1","","",153.6693,,"",
"","100000007939414","NAT1","","",190.3305,,"",
"","100000007939361","NAT1","","",213.6596,,"",
"","100000007957158","NAT1","","",451.0617,,"",
"","100000007957976","NAT1","","",15.2876,,"",
"","100000007957998","NAT1","","",31.1493,,"",
"","100000307438717","B4U1","","",8.702428571,,"",
"","100000307438718","B4U1","","",10.09871429,,"",
"","100000307438739","B4U1","","",6.305285714,,"",
"","100000307438740","B4U1","","",7.842714286,,"",
"","100000307438741","B4U1","","",8.021714286,,"",
"","100000307438742","B4U1","","",10.49685714,,"",
"","100000007949666","DTR1","","",10.47382,,"",
"","100000007950869","DTR1","","",12.462,,"",
"","100000007950148","DTR1","","",0.71182,,"",
"","100000007950249","DTR1","","",0.93818,,"",
"","100000007950171","DTR1","","",1.10018,,"",
"","100000007951866","DTR1","","",0.46855,,"",
"","100000007951786","DTR1","","",0.53482,,"",
"","100000007906149","B4U1","","",9.874285714,,"",
"","100000007906215","B4U1","","",12.63057143,,"",
"","100000007906265","B4U1","","",10.30628571,,"",
"","100000007906170","B4U1","","",11.63314286,,"",
"","100000007906290","B4U1","","",13.76228571,,"",
"","100000007909233","B4U1","","",76.513,,"",
"","100000007909064","B4U1","","",36.48371429,,"",
"","100000007909125","B4U1","","",40.88357143,,"",
"","100000007924035","B4U1","","",8.192571429,,"",
"","100000007923911","B4U1","","",8.300571429,,"",
"","100000007923964","B4U1","","",5.569714286,,"",
"","100000007923983","B4U1","","",5.122285714,,"",
"","100000307430472","B4U1","","",5.903,,"",
"","100000307430472","B4U1","","",5.903,,"",
"","100000307430473","B4U1","","",10.74328571,,"",
"","100000307430473","B4U1","","",10.74328571,,"",
"","100000307430474","B4U1","","",12.572,,"",
"","100000007904419","B4U1","","",0.151142857,,"",
"","100000307430496","B4U1","","",10.83085714,,"",
"","100000307430496","B4U1","","",10.83085714,,"",
"","100000307430497","B4U1","","",12.93571429,,"",
"","100000307430497","B4U1","","",12.93571429,,"",
"","100000307430498","B4U1","","",15.11928571,,"",
"","100000307430498","B4U1","","",15.11928571,,"",
"","100000007903627","B4U1","","",393.866,,"",
"","100000007910970","B4U1","","",36.56571429,,"",
"","100000007910708","B4U1","","",3.918857143,,"",
"","100000007951663","DTR1","","",10.33009,,"",
"","100000007951655","DTR1","","",21.99655,,"",
"","100000007951670","DTR1","","",23.30645,,"",
"","100000007951809","DTR1","","",0.47209,,"",
"","100000007951823","DTR1","","",0.60655,,"",
"","100000007906313","B4U1","","",13.94742857,,"",
"","100000007908263","B4U1","","",14.46271429,,"",
"","100000307474586","B4U1","","",5.897571429,,"",
"","100000307474586","B4U1","","",5.897571429,,"",
"","100000007902854","B4U1","","",3.058,,"",
"","100000007903095","B4U1","","",1.657857143,,"",
"","100000007902757","B4U1","","",2.465571429,,"",
"","100000007924009","B4U1","","",6.834857143,,"",
"","100000007924027","B4U1","","",9.473142857,,"",
"","100000007923913","B4U1","","",9.241714286,,"",
"","100000007907457","B4U1","","",41.53971429,,"",
"","100000307474578","B4U1","","",7.668,,"",
"","100000307474579","B4U1","","",7.656,,"",
"","100000307430499","B4U1","","",16.99,,"",
"","100000307430499","B4U1","","",16.99,,"",
"","100000307430500","B4U1","","",19.49057143,,"",
"","100000307430500","B4U1","","",19.49057143,,"",
"","100000307430501","B4U1","","",20.824,,"",
"","100000307430501","B4U1","","",20.824,,"",
"","100000307430502","B4U1","","",23.00085714,,"",
"","100000007904746","B4U1","","",0.381428571,,"",
"","100000007904796","B4U1","","",0.635714286,,"",
"","100000007904883","B4U1","","",9.744714286,,"",
"","100000007905428","B4U1","","",4.977428571,,"",
"","100000007949447","DTR1","","",0.63818,,"",
"","100000007908013","B4U1","","",8.612285714,,"",
"","100000007908097","B4U1","","",25.90571429,,"",
"","100000007907837","B4U1","","",25.715,,"",
"","100000007902942","B4U1","","",2.522857143,,"",
"","100000007903071","B4U1","","",3.874142857,,"",
"","100000007902855","B4U1","","",24.08442857,,"",
"","100000007902779","B4U1","","",31.16814286,,"",
"","100000007923951","B4U1","","",8.069142857,,"",
"","100000007923975","B4U1","","",13.87028571,,"",
"","100000007923912","B4U1","","",1.518428571,,"",
"","100000007923930","B4U1","","",2.004714286,,"",
"","100000007923880","B4U1","","",17.072,,"",
"","100000007923894","B4U1","","",18.882,,"",
"","100000007923792","B4U1","","",25.42671429,,"",
"","100000007923828","B4U1","","",13.03571429,,"",
"","100000007921552","B4U1","","",1.151428571,,"",
"","100000007924543","B4U1","","",23.89885714,,"",
"","100000007919939","B4U1","","",4.212,,"",
"","100000007919958","B4U1","","",3.731571429,,"",
"","100000007919985","B4U1","","",11.57142857,,"",
"","100000007907480","B4U1","","",3.725142857,,"",
"","100000007907481","B4U1","","",21.98042857,,"",
"","100000007907523","B4U1","","",10.31485714,,"",
"","100000007907620","B4U1","","",10.09442857,,"",
"","100000007904554","B4U1","","",237.3068571,,"",
"","100000007904718","B4U1","","",7.096,,"",
"","100000007904771","B4U1","","",20.47885714,,"",
"","100000007904863","B4U1","","",12.69285714,,"",
"","100000007904555","B4U1","","",24.88628571,,"",
"","100000007904670","B4U1","","",9.447857143,,"",
"","100000007904719","B4U1","","",9.457714286,,"",
"","100000007904797","B4U1","","",10.54771429,,"",
"","100000007905411","B4U1","","",27.12014286,,"",
"","100000007902259","B4U1","","",43.67642857,,"",
"","100000307430437","B4U1","","",11.6,,"",
"","100000307430437","B4U1","","",11.6,,"",
"","100000307430438","B4U1","","",12.96885714,,"",
"","100000307430438","B4U1","","",12.96885714,,"",
"","100000307430439","B4U1","","",15.07914286,,"",
"","100000307430439","B4U1","","",15.07914286,,"",
"","100000307430440","B4U1","","",16.36128571,,"",
"","100000307430440","B4U1","","",16.36128571,,"",
"","100000307430441","B4U1","","",18.92042857,,"",
"","100000007949470","DTR1","","",0.80645,,"",
"","100000007949391","DTR1","","",0.88336,,"",
"","100000007949402","DTR1","","",0.30164,,"",
"","100000007949427","DTR1","","",0.86073,,"",
"","100000007949448","DTR1","","",0.95918,,"",
"","100000007949482","DTR1","","",1.06473,,"",
"","100000007949742","DTR1","","",0.46364,,"",
"","100000307430529","B4U1","","",103.2495714,,"",
"","100000307430530","B4U1","","",116.2974286,,"",
"","100000307430531","B4U1","","",121.4491429,,"",
"","100000307430532","B4U1","","",133.8042857,,"",
"","100000307430533","B4U1","","",74.52542857,,"",
"","100000307430534","B4U1","","",80.55642857,,"",
"","100000307430535","B4U1","","",85.63942857,,"",
"","100000307430536","B4U1","","",87.25857143,,"",
"","100000307430537","B4U1","","",92.08157143,,"",
"","100000307430538","B4U1","","",98.46971429,,"",
"","100000007922000","B4U1","","",138.6145714,,"",
"","100000007921562","B4U1","","",72.10528571,,"",
"","100000007921581","B4U1","","",63.42542857,,"",
"","100000007921554","B4U1","","",80.04342857,,"",
"","100000007921576","B4U1","","",7.707285714,,"",
"","100000007921594","B4U1","","",9.198,,"",
"","100000007920003","B4U1","","",1.265142857,,"",
"","100000007920045","B4U1","","",3.391285714,,"",
"","100000007920014","B4U1","","",4.674571429,,"",
"","100000007920023","B4U1","","",6.263857143,,"",
"","100000007907524","B4U1","","",54.73814286,,"",
"","100000007909761","B4U1","","",85.046,,"",
"","100000007904820","B4U1","","",12.68228571,,"",
"","100000007904556","B4U1","","",13.56171429,,"",
"","100000007904616","B4U1","","",16.092,,"",
"","100000007904747","B4U1","","",13.95528571,,"",
"","100000007904798","B4U1","","",13.78357143,,"",
"","100000007904864","B4U1","","",3.085714286,,"",
"","100000007908808","B4U1","","",57.16285714,,"",
"","100000007906664","B4U1","","",0.177428571,,"",
"","100000007906717","B4U1","","",1.576857143,,"",
"","100000007906457","B4U1","","",3.911142857,,"",
"","100000307430441","B4U1","","",18.92042857,,"",
"","100000307430442","B4U1","","",22.23142857,,"",
"","100000307430442","B4U1","","",22.23142857,,"",
"","100000307430443","B4U1","","",23.15171429,,"",
"","100000307430448","B4U1","","",6.673571429,,"",
"","100000307438627","B4U1","","",11.82985714,,"",
"","100000007949495","DTR1","","",1.23982,,"",
"","100000007949403","DTR1","","",1.287,,"",
"","100000007949394","DTR1","","",0.07091,,"",
"","100000007910706","B4U1","","",2.499428571,,"",
"","100000007910788","B4U1","","",4.890857143,,"",
"","100000007910838","B4U1","","",3.502285714,,"",
"","100000307438770","B4U1","","",3.296714286,,"",
"","100000307438771","B4U1","","",5.329857143,,"",
"","100000307438772","B4U1","","",7.191285714,,"",
"","100000307438773","B4U1","","",8.618857143,,"",
"","100000307438774","B4U1","","",9.849285714,,"",
"","100000307438775","B4U1","","",11.32957143,,"",
"","100000007922024","B4U1","","",83.50171429,,"",
"","100000007921953","B4U1","","",97.94371429,,"",
"","100000007921969","B4U1","","",78.445,,"",
"","100000007920678","B4U1","","",5.07,,"",
"","100000007920703","B4U1","","",6.290571429,,"",
"","100000007920600","B4U1","","",15.93371429,,"",
"","100000007921502","B4U1","","",37.78457143,,"",
"","100000007921514","B4U1","","",41.54914286,,"",
"","100000007921535","B4U1","","",47.736,,"",
"","100000007921549","B4U1","","",87.41828571,,"",
"","100000007920597","B4U1","","",5.708571429,,"",
"","100000007920688","B4U1","","",8.622,,"",
"","100000007920697","B4U1","","",5.753142857,,"",
"","100000007920562","B4U1","","",11.433,,"",
"","100000007920575","B4U1","","",5.454857143,,"",
"","100000007920396","B4U1","","",5.043857143,,"",
"","100000007909705","B4U1","","",66.25028571,,"",
"","100000007909741","B4U1","","",53.718,,"",
"","100000007906502","B4U1","","",3.191428571,,"",
"","100000007906503","B4U1","","",4.222857143,,"",
"","100000007906617","B4U1","","",0.171571429,,"",
"","100000007906718","B4U1","","",0.052142857,,"",
"","100000007906358","B4U1","","",0.052428571,,"",
"","100000307430568","B4U1","","",5.744,,"",
"","100000307430569","B4U1","","",8.696285714,,"",
"","100000307430570","B4U1","","",12.16471429,,"",
"","100000307430571","B4U1","","",15.28514286,,"",
"","100000307430572","B4U1","","",18.93928571,,"",
"","100000307430573","B4U1","","",21.32,,"",
"","100000307438628","B4U1","","",13.38885714,,"",
"","100000307438628","B4U1","","",13.38885714,,"",
"","100000307438629","B4U1","","",14.30428571,,"",
"","100000307438629","B4U1","","",14.30428571,,"",
"","100000307438630","B4U1","","",16.93442857,,"",
"","100000307438630","B4U1","","",16.93442857,,"",
"","100000307438631","B4U1","","",17.65957143,,"",
"","100000307438631","B4U1","","",17.65957143,,"",
"","100000307438632","B4U1","","",18.81557143,,"",
"","100000307438633","B4U1","","",21.482,,"",
"","100000007946721","DTR1","","",1.63416,,"",
"","100000007946759","DTR1","","",2.2788,,"",
"","100000007946627","DTR1","","",2.08248,,"",
"","100000007946951","DTR1","","",2.64192,,"",
"","100000007946980","DTR1","","",2.30136,,"",
"","100000007951754","DTR1","","",1.99255,,"",
"","100000007951699","DTR1","","",2.21018,,"",
"","100000307438777","B4U1","","",13.96128571,,"",
"","100000007905846","B4U1","","",4.088571429,,"",
"","100000007920665","B4U1","","",4.450857143,,"",
"","100000007920654","B4U1","","",4.069285714,,"",
"","100000007920581","B4U1","","",15.97371429,,"",
"","100000007920392","B4U1","","",9.858857143,,"",
"","100000007920497","B4U1","","",3.903428571,,"",
"","100000007920574","B4U1","","",4.246857143,,"",
"","100000007920397","B4U1","","",8.752142857,,"",
"","100000007920418","B4U1","","",5.551428571,,"",
"","100000007920413","B4U1","","",9.678571429,,"",
"","100000007921401","B4U1","","",5.783571429,,"",
"","100000007921424","B4U1","","",6.413571429,,"",
"","100000007910573","B4U1","","",5.754857143,,"",
"","100000307430448","B4U1","","",6.673571429,,"",
"","100000307430449","B4U1","","",9.266428571,,"",
"","100000307430449","B4U1","","",9.266428571,,"",
"","100000307430450","B4U1","","",11.18685714,,"",
"","100000307430450","B4U1","","",11.18685714,,"",
"","100000307438669","B4U1","","",41.51557143,,"",
"","100000307438670","B4U1","","",70.45428571,,"",
"","100000007904122","B4U1","","",52.00571429,,"",
"","100000007904175","B4U1","","",75.66171429,,"",
"","100000007908517","B4U1","","",18.63771429,,"",
"","100000007908571","B4U1","","",7.695,,"",
"","100000307438700","B4U1","","",9.001857143,,"",
"","100000007908879","B4U1","","",19.90928571,,"",
"","100000007908902","B4U1","","",6.171428571,,"",
"","100000007908151","B4U1","","",12.49714286,,"",
"","100000307438641","B4U1","","",11.72457143,,"",
"","100000007948376","DTR1","","",3.67473,,"",
"","100000007949305","DTR1","","",1.28809,,"",
"","100000007949320","DTR1","","",1.12145,,"",
"","100000007949338","DTR1","","",10.269,,"",
"","100000007949376","DTR1","","",1.28618,,"",
"","100000007949306","DTR1","","",1.41491,,"",
"","100000307430424","B4U1","","",6.300285714,,"",
"","100000307430425","B4U1","","",6.866142857,,"",
"","100000307430426","B4U1","","",9.798285714,,"",
"","100000307430427","B4U1","","",11.37928571,,"",
"","100000307430428","B4U1","","",13.46185714,,"",
"","100000007905776","B4U1","","",1.576857143,,"",
"","100000007920592","B4U1","","",5.502428571,,"",
"","100000007920666","B4U1","","",5.488142857,,"",
"","100000007920661","B4U1","","",5.404857143,,"",
"","100000007920685","B4U1","","",6.038857143,,"",
"","100000007920394","B4U1","","",3.794285714,,"",
"","100000007921461","B4U1","","",7.565571429,,"",
"","100000007921356","B4U1","","",10.93871429,,"",
"","100000307430451","B4U1","","",12.41957143,,"",
"","100000307430451","B4U1","","",12.41957143,,"",
"","100000307430452","B4U1","","",15.74328571,,"",
"","100000307430452","B4U1","","",15.74328571,,"",
"","100000307430453","B4U1","","",16.95028571,,"",
"","100000307430453","B4U1","","",16.95028571,,"",
"","100000307430454","B4U1","","",19.90871429,,"",
"","100000307430454","B4U1","","",19.90871429,,"",
"","100000307430455","B4U1","","",20.78928571,,"",
"","100000307430455","B4U1","","",20.78928571,,"",
"","100000307430475","B4U1","","",15.228,,"",
"","100000307438700","B4U1","","",9.001857143,,"",
"","100000307438702","B4U1","","",10.469,,"",
"","100000307438702","B4U1","","",10.469,,"",
"","100000307438704","B4U1","","",11.77085714,,"",
"","100000307438704","B4U1","","",11.77085714,,"",
"","100000007909101","B4U1","","",66.18271429,,"",
"","100000007948421","DTR1","","",4.89955,,"",
"","100000007948317","DTR1","","",5.43164,,"",
"","100000007948332","DTR1","","",5.47445,,"",
"","100000007950405","DTR1","","",2.54536,,"",
"","100000007950422","DTR1","","",2.69209,,"",
"","100000007948589","DTR1","","",0.27873,,"",
"","100000007948483","DTR1","","",0.33818,,"",
"","100000307430429","B4U1","","",14.74471429,,"",
"","100000307430430","B4U1","","",17.26842857,,"",
"","100000307430431","B4U1","","",19.22628571,,"",
"","100000307430434","B4U1","","",8.187142857,,"",
"","100000307430434","B4U1","","",8.187142857,,"",
"","100000307438613","B4U1","","",13.73914286,,"",
"","100000007908397","B4U1","","",23.77685714,,"",
"","100000007908936","B4U1","","",65.48628571,,"",
"","100000007909151","B4U1","","",40.97214286,,"",
"","100000007909175","B4U1","","",77.37514286,,"",
"","100000007909176","B4U1","","",97.57,,"",
"","100000007990298","DTR1","","",6.56836,,"",
"","100000007989997","DTR1","","",7.06909,,"",
"","100000007990065","DTR1","","",7.33418,,"",
"","100000007990112","DTR1","","",11.11745,,"",
"","100000007990171","DTR1","","",8.92882,,"",
"","100000007916717","DTR1","","",13.04664,,"",
"","100000007916778","DTR1","","",14.43384,,"",
"","100000007916720","DTR1","","",32.32512,,"",
"","100000007916767","DTR1","","",32.44392,,"",
"","100000007916581","DTR1","","",2.95776,,"",
"","100000007916607","DTR1","","",2.04696,,"",
"","100000007916669","DTR1","","",2.06016,,"",
"","100000007916563","DTR1","","",6.30648,,"",
"","100000007916578","DTR1","","",5.09304,,"",
"","100000007916589","DTR1","","",6.16224,,"",
"","100000007917478","DTR1","","",6.58464,,"",
"","100000007917477","DTR1","","",3.39552,,"",
"","100000007917459","DTR1","","",2.31912,,"",
"","100000007917019","DTR1","","",29.39688,,"",
"","100000007917042","DTR1","","",29.60064,,"",
"","100000007917066","DTR1","","",76.41682,,"",
"","100000007917093","DTR1","","",39.95809,,"",
"","100000007915134","DTR1","","",0.09367,,"",
"","100000007915169","DTR1","","",0.06533,,"",
"","100000007915093","DTR1","","",0.104,,"",
"","100000007915096","DTR1","","",0.596,,"",
"","100000007917252","DTR1","","",2.75673,,"",
"","100000007917149","DTR1","","",3.96627,,"",
"","100000007915502","DTR1","","",1.85767,,"",
"","100000007915519","DTR1","","",0.757,,"",
"","100000007915539","DTR1","","",0.94567,,"",
"","100000007915441","DTR1","","",0.826,,"",
"","100000007915460","DTR1","","",0.63967,,"",
"","100000007917638","DTR1","","",10.815,,"",
"","100000007913420","DTR1","","",60.27909,,"",
"","100000007913411","DTR1","","",96.44091,,"",
"","100000007997960","DTR1","","",31.14382,,"",
"","100000007998183","DTR1","","",9.21927,,"",
"","100000007990299","DTR1","","",11.65718,,"",
"","100000007990041","DTR1","","",5.53745,,"",
"","100000007983352","DTR1","","",525.96982,,"",
"","100000007983036","DTR1","","",664.61045,,"",
"","100000007983098","DTR1","","",260.93782,,"",
"","100000007983141","DTR1","","",257.66836,,"",
"","100000007976373","DTR1","","",2.65418,,"",
"","100000007976423","DTR1","","",6.21491,,"",
"","100000007917631","DTR1","","",2.2836,,"",
"","100000007917646","DTR1","","",2.2484,,"",
"","100000007917540","DTR1","","",2.3882,,"",
"","100000007917547","DTR1","","",2.353,,"",
"","100000007917562","DTR1","","",2.3826,,"",
"","100000007917579","DTR1","","",2.4088,,"",
"","100000007917632","DTR1","","",63.1946,,"",
"","100000007917647","DTR1","","",5.237,,"",
"","100000007914954","DTR1","","",342.37964,,"",
"","100000007915107","DTR1","","",104.31767,,"",
"","100000007915127","DTR1","","",0.12667,,"",
"","100000007915164","DTR1","","",0.14633,,"",
"","100000007915160","DTR1","","",146.85433,,"",
"","100000007915181","DTR1","","",0.18533,,"",
"","100000007915083","DTR1","","",0.224,,"",
"","100000007915105","DTR1","","",223.08433,,"",
"","100000007915474","DTR1","","",1.85333,,"",
"","100000007915494","DTR1","","",3.281,,"",
"","100000007915511","DTR1","","",4.245,,"",
"","100000007915531","DTR1","","",5.379,,"",
"","100000007913403","DTR1","","",35.36229,,"",
"","100000007999840","DTR1","","",41.892,,"",
"","100000007993827","DTR1","","",8.02445,,"",
"","100000007993878","DTR1","","",10.31073,,"",
"","100000007993595","DTR1","","",40.05818,,"",
"","100000007993618","DTR1","","",191.16,,"",
"","100000307430359","DTR1","","",19.28373,,"",
"","100000007995602","DTR1","","",0.13036,,"",
"","100000007995358","DTR1","","",18.67418,,"",
"","100000007983257","DTR1","","",259.43564,,"",
"","100000007976495","DTR1","","",5.56691,,"",
"","100000007976540","DTR1","","",9.30464,,"",
"","100000007976608","DTR1","","",1.28373,,"",
"","100000007976289","DTR1","","",1.73782,,"",
"","100000007976350","DTR1","","",1.87009,,"",
"","100000007976398","DTR1","","",2.09127,,"",
"","100000007976472","DTR1","","",3.78409,,"",
"","100000007976518","DTR1","","",6.88664,,"",
"","100000007976269","DTR1","","",2.32691,,"",
"","100000007976324","DTR1","","",1.71845,,"",
"","100000007917548","DTR1","","",14.82,,"",
"","100000007917568","DTR1","","",51.8466,,"",
"","100000007917564","DTR1","","",14.1482,,"",
"","100000007917642","DTR1","","",39.39,,"",
"","100000007917535","DTR1","","",9.5416,,"",
"","100000007915335","DTR1","","",20.46927,,"",
"","100000007915027","DTR1","","",0.89836,,"",
"","100000007915299","DTR1","","",1.70567,,"",
"","100000007915153","DTR1","","",1.835,,"",
"","100000007915173","DTR1","","",1.739,,"",
"","100000007914034","DTR1","","",25.77273,,"",
"","100000007914859","DTR1","","",28.836,,"",
"","100000007914879","DTR1","","",28.836,,"",
"","100000007914912","DTR1","","",14.46818,,"",
"","100000007915503","DTR1","","",0.24667,,"",
"","100000007991940","DTR1","","",9.00409,,"",
"","100000007992053","DTR1","","",4.68491,,"",
"","100000007993596","DTR1","","",2.79382,,"",
"","100000007993620","DTR1","","",3.97064,,"",
"","100000007993711","DTR1","","",7.30991,,"",
"","100000007993777","DTR1","","",9.33709,,"",
"","100000007993830","DTR1","","",13.30527,,"",
"","100000007993573","DTR1","","",0.61609,,"",
"","100000007993273","DTR1","","",0.61555,,"",
"","100000007993339","DTR1","","",4.56545,,"",
"","100000007995465","DTR1","","",5.79927,,"",
"","100000007994514","DTR1","","",44.29964,,"",
"","100000007994309","DTR1","","",32.80882,,"",
"","100000307430361","DTR1","","",1.527,,"",
"","100000007994422","DTR1","","",22.43482,,"",
"","100000007979838","DTR1","","",3.1446,,"",
"","100000007976374","DTR1","","",2.00836,,"",
"","100000007979336","DTR1","","",3.0268,,"",
"","100000007979385","DTR1","","",2.1332,,"",
"","100000007979198","DTR1","","",5.6324,,"",
"","100000007979240","DTR1","","",5.033,,"",
"","100000007979312","DTR1","","",2.3522,,"",
"","100000007979361","DTR1","","",2.3544,,"",
"","100000007979434","DTR1","","",2.3502,,"",
"","100000007914292","DTR1","","",112.35857,,"",
"","100000007914293","DTR1","","",24.03463,,"",
"","100000007914307","DTR1","","",66.44417,,"",
"","100000007913938","DTR1","","",1.55373,,"",
"","100000007913967","DTR1","","",1.55373,,"",
"","100000007913986","DTR1","","",1.53164,,"",
"","100000007913923","DTR1","","",5.56691,,"",
"","100000007913935","DTR1","","",5.56691,,"",
"","100000007914009","DTR1","","",5.72782,,"",
"","100000007914025","DTR1","","",5.77255,,"",
"","100000007914055","DTR1","","",5.76818,,"",
"","100000007914926","DTR1","","",14.46818,,"",
"","100000007914818","DTR1","","",14.46818,,"",
"","100000007914913","DTR1","","",19.48718,,"",
"","100000007914810","DTR1","","",19.48718,,"",
"","100000007914828","DTR1","","",19.48718,,"",
"","100000007914804","DTR1","","",20.94818,,"",
"","100000007914417","DTR1","","",20.94818,,"",
"","100000007914784","DTR1","","",14.46818,,"",
"","100000007914785","DTR1","","",14.46818,,"",
"","100000007914754","DTR1","","",14.13818,,"",
"","100000007992336","DTR1","","",5.44909,,"",
"","100000007991997","DTR1","","",10.089,,"",
"","100000007992054","DTR1","","",12.23645,,"",
"","100000008009452","DTR1","","",5.56691,,"",
"","100000008009628","DTR1","","",4.55264,,"",
"","100000008008682","DTR1","","",10.10291,,"",
"","100000008008877","DTR1","","",9.21927,,"",
"","100000008009175","DTR1","","",11.34,,"",
"","100000008009362","DTR1","","",10.98655,,"",
"","100000008009629","DTR1","","",12.10582,,"",
"","100000007993424","DTR1","","",10.50518,,"",
"","100000008007715","DTR1","","",6.53891,,"",
"","100000008007813","DTR1","","",10.62573,,"",
"","100000008008107","DTR1","","",5.68473,,"",
"","100000008006790","DTR1","","",13.05136,,"",
"","100000008008033","DTR1","","",26.06727,,"",
"","100000007979521","DTR1","","",3.219,,"",
"","100000007979573","DTR1","","",3.2176,,"",
"","100000007979624","DTR1","","",3.2064,,"",
"","100000007979699","DTR1","","",4.8632,,"",
"","100000007979752","DTR1","","",4.0176,,"",
"","100000007979815","DTR1","","",4.072,,"",
"","100000007979622","DTR1","","",3.9732,,"",
"","100000007979484","DTR1","","",2.3496,,"",
"","100000007981494","DTR1","","",2.8264,,"",
"","100000007981572","DTR1","","",2.8148,,"",
"","100000007981625","DTR1","","",2.8728,,"",
"","100000007981471","DTR1","","",3.3566,,"",
"","100000007981547","DTR1","","",3.4128,,"",
"","100000007981600","DTR1","","",3.7794,,"",
"","100000007915622","DTR1","","",0.03067,,"",
"","100000007916368","DTR1","","",0.81133,,"",
"","100000007914205","DTR1","","",48.15818,,"",
"","100000007914021","DTR1","","",9.71345,,"",
"","100000007916268","DTR1","","",0.33055,,"",
"","100000007914440","DTR1","","",20.94818,,"",
"","100000007916969","DTR1","","",14.97552,,"",
"","100000007916867","DTR1","","",14.86872,,"",
"","100000007916892","DTR1","","",14.90928,,"",
"","100000007916912","DTR1","","",20.54112,,"",
"","100000007916960","DTR1","","",7.48392,,"",
"","100000007916984","DTR1","","",10.84704,,"",
"","100000007916436","DTR1","","",3.2004,,"",
"","100000007916470","DTR1","","",6.34152,,"",
"","100000007916493","DTR1","","",6.41376,,"",
"","100000007916502","DTR1","","",6.97152,,"",
"","100000007916526","DTR1","","",6.63624,,"",
"","100000007916449","DTR1","","",10.90512,,"",
"","100000008008710","DTR1","","",1.20464,,"",
"","100000008009001","DTR1","","",1.19673,,"",
"","100000008009101","DTR1","","",2.56909,,"",
"","100000008008780","DTR1","","",0.801,,"",
"","100000008008974","DTR1","","",0.75927,,"",
"","100000008009074","DTR1","","",1.56109,,"",
"","100000008006938","DTR1","","",0.67745,,"",
"","100000007979557","DTR1","","",7.856,,"",
"","100000007986121","DTR1","","",21.76664,,"",
"","100000007986204","DTR1","","",22.14845,,"",
"","100000007986230","DTR1","","",25.35218,,"",
"","100000007986280","DTR1","","",25.977,,"",
"","100000007915631","DTR1","","",22.44933,,"",
"","100000007915652","DTR1","","",0.04067,,"",
"","100000007915679","DTR1","","",0.054,,"",
"","100000007915689","DTR1","","",41.463,,"",
"","100000007915604","DTR1","","",0.06333,,"",
"","100000007915614","DTR1","","",60.29433,,"",
"","100000007915632","DTR1","","",0.063,,"",
"","100000007915550","DTR1","","",0.24167,,"",
"","100000007915567","DTR1","","",0.503,,"",
"","100000007916336","DTR1","","",0.68867,,"",
"","100000007916344","DTR1","","",0.713,,"",
"","100000007916373","DTR1","","",0.83033,,"",
"","100000007916407","DTR1","","",0.385,,"",
"","100000007916369","DTR1","","",1.713,,"",
"","100000007916403","DTR1","","",1.07433,,"",
"","100000007916426","DTR1","","",2.43833,,"",
"","100000007915967","DTR1","","",0.63273,,"",
"","100000007916281","DTR1","","",0.92782,,"",
"","100000007916262","DTR1","","",0.88991,,"",
"","100000007916295","DTR1","","",0.62755,,"",
"","100000007916143","DTR1","","",23.50584,,"",
"","100000007916165","DTR1","","",49.92936,,"",
"","100000007916124","DTR1","","",27.10368,,"",
"","100000007916144","DTR1","","",29.60544,,"",
"","100000007916959","DTR1","","",3.03672,,"",
"","100000007916982","DTR1","","",5.94816,,"",
"","100000007916864","DTR1","","",6.8964,,"",
"","100000007916874","DTR1","","",5.8608,,"",
"","100000007916900","DTR1","","",2.6196,,"",
"","100000007916949","DTR1","","",5.4336,,"",
"","100000007916503","DTR1","","",6.01032,,"",
"","100000007916536","DTR1","","",8.68104,,"",
"","100000007916485","DTR1","","",7.45776,,"",
"","100000007916441","DTR1","","",10.39272,,"",
"","100000007917561","DTR1","","",4.8982,,"",
"","100000008008424","DTR1","","",4.38518,,"",
"","100000008008616","DTR1","","",3.68455,,"",
"","100000008008830","DTR1","","",4.77682,,"",
"","100000008009029","DTR1","","",4.55645,,"",
"","100000008009432","DTR1","","",0.85418,,"",
"","100000008008278","DTR1","","",3.44618,,"",
"","100000008008709","DTR1","","",1.45091,,"",
"","100000008008326","DTR1","","",1.66964,,"",
"","100000008008805","DTR1","","",1.58864,,"",
"","100000008001016","DTR1","","",152.83227,,"",
"","100000008000823","DTR1","","",105.07309,,"",
"","100000007986377","DTR1","","",15.25991,,"",
"","100000007986414","DTR1","","",17.15482,,"",
"","100000007986261","DTR1","","",2.47418,,"",
"","100000007986324","DTR1","","",2.58436,,"",
"","100000007986360","DTR1","","",2.47309,,"",
"","100000007988614","DTR1","","",19.42936,,"",
"","100000007987354","DTR1","","",25.14327,,"",
"","100000007987406","DTR1","","",41.75455,,"",
"","100000007915663","DTR1","","",0.06667,,"",
"","100000007915671","DTR1","","",53.53133,,"",
"","100000007915551","DTR1","","",0.05933,,"",
"","100000007915577","DTR1","","",0.06,,"",
"","100000007915597","DTR1","","",58.032,,"",
"","100000007915625","DTR1","","",0.09833,,"",
"","100000007915633","DTR1","","",43.07733,,"",
"","100000007915643","DTR1","","",0.10333,,"",
"","100000007916690","DTR1","","",32.32464,,"",
"","100000007916323","DTR1","","",1.15733,,"",
"","100000007916353","DTR1","","",15.93667,,"",
"","100000007916374","DTR1","","",0.44733,,"",
"","100000007915997","DTR1","","",0.40609,,"",
"","100000007916021","DTR1","","",0.56209,,"",
"","100000007916049","DTR1","","",0.52582,,"",
"","100000007916066","DTR1","","",0.46336,,"",
"","100000007915934","DTR1","","",0.12382,,"",
"","100000007915993","DTR1","","",0.399,,"",
"","100000007917501","DTR1","","",2.95224,,"",
"","100000007916227","DTR1","","",0.69682,,"",
"","100000007917127","DTR1","","",23.39864,,"",
"","100000007917314","DTR1","","",59.61,,"",
"","100000007917332","DTR1","","",68.34027,,"",
"","100000007917273","DTR1","","",77.88627,,"",
"","100000007917219","DTR1","","",56.83009,,"",
"","100000007916865","DTR1","","",6.336,,"",
"","100000007917150","DTR1","","",0.117,,"",
"","100000007917173","DTR1","","",0.19991,,"",
"","100000007917212","DTR1","","",5.80255,,"",
"","100000007917577","DTR1","","",12.927,,"",
"","100000007917630","DTR1","","",13.9556,,"",
"","100000007917546","DTR1","","",11.124,,"",
"","100000008004989","DTR1","","",169.40155,,"",
"","100000008004042","DTR1","","",21.97664,,"",
"","100000008004125","DTR1","","",454.25918,,"",
"","100000008004378","DTR1","","",394.66555,,"",
"","100000008004560","DTR1","","",409.19782,,"",
"","100000007999986","DTR1","","",7.06909,,"",
"","100000008000265","DTR1","","",35.14473,,"",
"","100000008000838","DTR1","","",206.18182,,"",
"","100000007999892","DTR1","","",58.90909,,"",
"","100000008000761","DTR1","","",9.42655,,"",
"","100000007986236","DTR1","","",2.59091,,"",
"","100000007986306","DTR1","","",12.45764,,"",
"","100000007986343","DTR1","","",12.74864,,"",
"","100000007990150","DTR1","","",6.06764,,"",
"","100000007990278","DTR1","","",7.85209,,"",
"","100000007989978","DTR1","","",12.04691,,"",
"","100000007990151","DTR1","","",6.83345,,"",
"","100000007916710","DTR1","","",46.7916,,"",
"","100000007916791","DTR1","","",3.77016,,"",
"","100000007916596","DTR1","","",16.70016,,"",
"","100000007916673","DTR1","","",21.3876,,"",
"","100000007916576","DTR1","","",13.36512,,"",
"","100000007917111","DTR1","","",2.718,,"",
"","100000007917001","DTR1","","",2.09952,,"",
"","100000007917036","DTR1","","",2.51184,,"",
"","100000007917053","DTR1","","",2.91984,,"",
"","100000007917039","DTR1","","",3.336,,"",
"","100000007917064","DTR1","","",3.07728,,"",
"","100000007917315","DTR1","","",226.44027,,"",
"","100000007917341","DTR1","","",49.32055,,"",
"","100000007917365","DTR1","","",63.26482,,"",
"","100000007917229","DTR1","","",10.45636,,"",
"","100000007917152","DTR1","","",20.994,,"",
"","100000007917188","DTR1","","",43.14164,,"",
"","100000007917230","DTR1","","",3.41673,,"",
"","100000007917555","DTR1","","",10.6694,,"",
"","100000007917567","DTR1","","",11.0358,,"",
"","100000007917578","DTR1","","",17.496,,"",
"","100000007917592","DTR1","","",20.869,,"",
"","100000007917599","DTR1","","",0.0726,,"",
"","100000007917609","DTR1","","",2.2,,"",
"","100000007917624","DTR1","","",2.2532,,"",
"","100000007998686","DTR1","","",123.14045,,"",
"","100000007999196","DTR1","","",125.62364,,"",
"","100000008004918","DTR1","","",616.37509,,"",
"","100000007991940","FSD1","","",4.80386,,"",
"","100000007989266","FSD1","","",7.54974,,"",
"","100000007989443","FSD1","","",3.57086,,"",
"","100000007956940","FSD1","","",1.55696,,"",
"","100000007956959","FSD1","","",2.35237,,"",
"","100000007958349","FSD1","","",0.89695,,"",
"","100000007958101","FSD1","","",1.51384,,"",
"","100000007958237","FSD1","","",1.18465,,"",
"","100000007925914","FSD1","","",7.46444,,"",
"","100000007925946","FSD1","","",10.42323,,"",
"","100000007925967","FSD1","","",13.1037,,"",
"","100000007923555","FSD1","","",0.56563,,"",
"","100000007922397","FSD1","","",0.13603,,"",
"","100000007922338","FSD1","","",0.3504,,"",
"","100000007922377","FSD1","","",0.41942,,"",
"","100000007922307","FSD1","","",0.69652,,"",
"","100000007922407","FSD1","","",0.25228,,"",
"","100000007924521","FSD1","","",0.35521,,"",
"","100000007924564","FSD1","","",0.39241,,"",
"","100000007922572","FSD1","","",0.86173,,"",
"","100000007922589","FSD1","","",0.40745,,"",
"","100000007922607","FSD1","","",0.98449,,"",
"","100000007922573","FSD1","","",0.41852,,"",
"","100000007926073","FSD1","","",0.07939,,"",
"","100000007925986","FSD1","","",0.22811,,"",
"","100000007926041","FSD1","","",0.26846,,"",
"","100000007925978","FSD1","","",0.23256,,"",
"","100000007929662","FSD1","","",0.92402,,"",
"","100000007926309","FSD1","","",0.14444,,"",
"","100000007926361","FSD1","","",0.02628,,"",
"","100000007926277","FSD1","","",0.11007,,"",
"","100000007929590","FSD1","","",0.57305,,"",
"","100000007929549","FSD1","","",7.28794,,"",
"","100000007928484","FSD1","","",1.65517,,"",
"","100000007928506","FSD1","","",0.66002,,"",
"","100000007927635","FSD1","","",0.11689,,"",
"","100000007926743","FSD1","","",0.33822,,"",
"","100000007926767","FSD1","","",0.59584,,"",
"","100000007926054","FSD1","","",0.13023,,"",
"","100000007927502","FSD1","","",0.44864,,"",
"","100000007927520","FSD1","","",1.73923,,"",
"","100000007927531","FSD1","","",1.45941,,"",
"","100000007927559","FSD1","","",1.55801,,"",
"","100000007940120","FSD1","","",6.51565,,"",
"","100000007940128","FSD1","","",6.19415,,"",
"","100000007940144","FSD1","","",7.49779,,"",
"","100000007940154","FSD1","","",6.83146,,"",
"","100000007940170","FSD1","","",2.84051,,"",
"","100000007940199","FSD1","","",4.03367,,"",
"","100000007940207","FSD1","","",4.3086,,"",
"","100000007940225","FSD1","","",4.9609,,"",
"","100000007940060","FSD1","","",121.20821,,"",
"","100000007935379","FSD1","","",0.07891,,"",
"","100000007935393","FSD1","","",0.09374,,"",
"","100000007935419","FSD1","","",0.08386,,"",
"","100000007939405","FSD1","","",13.45418,,"",
"","100000007939468","FSD1","","",4.11241,,"",
"","100000007949457","FSD1","","",16.18927,,"",
"","100000007948991","FSD1","","",26.70593,,"",
"","100000007949021","FSD1","","",7.13439,,"",
"","100000007948899","FSD1","","",4.24384,,"",
"","100000007948926","FSD1","","",9.92411,,"",
"","100000007948985","FSD1","","",130.00108,,"",
"","100000007949013","FSD1","","",1.62263,,"",
"","100000007948891","FSD1","","",1.84219,,"",
"","100000007948283","FSD1","","",20.36995,,"",
"","100000007948158","FSD1","","",21.21467,,"",
"","100000007948182","FSD1","","",22.37874,,"",
"","100000007948208","FSD1","","",23.73365,,"",
"","100000007948228","FSD1","","",24.5712,,"",
"","100000007948254","FSD1","","",25.80561,,"",
"","100000007947814","FSD1","","",27.13874,,"",
"","100000007947839","FSD1","","",28.81607,,"",
"","100000007947855","FSD1","","",30.30923,,"",
"","100000007947135","FSD1","","",31.42301,,"",
"","100000007947094","FSD1","","",6.32257,,"",
"","100000007947130","FSD1","","",11.09256,,"",
"","100000007951456","FSD1","","",42.97498,,"",
"","100000007951342","FSD1","","",90.56631,,"",
"","100000007966101","FSD1","","",7.81866,,"",
"","100000007966208","FSD1","","",4.84012,,"",
"","100000007965002","FSD1","","",8.51252,,"",
"","100000007965091","FSD1","","",5.85553,,"",
"","100000007965132","FSD1","","",7.22633,,"",
"","100000007965197","FSD1","","",10.82041,,"",
"","100000007964978","FSD1","","",11.3049,,"",
"","100000007963549","FSD1","","",2.26775,,"",
"","100000007963597","FSD1","","",1.65175,,"",
"","100000007963302","FSD1","","",2.67391,,"",
"","100000007963344","FSD1","","",4.16318,,"",
"","100000007963400","FSD1","","",9.27408,,"",
"","100000007963523","FSD1","","",1.47234,,"",
"","100000007962394","FSD1","","",3.23239,,"",
"","100000007962461","FSD1","","",4.11241,,"",
"","100000007962523","FSD1","","",7.73404,,"",
"","100000007970506","FSD1","","",0.7954,,"",
"","100000007970577","FSD1","","",1.20932,,"",
"","100000007970628","FSD1","","",2.44084,,"",
"","100000007971562","FSD1","","",1.76004,,"",
"","100000007971312","FSD1","","",2.80372,,"",
"","100000007971377","FSD1","","",3.27813,,"",
"","100000007971574","FSD1","","",0.35279,,"",
"","100000007978181","FSD1","","",36.75049,,"",
"","100000007977864","FSD1","","",74.40033,,"",
"","100000007979953","FSD1","","",24.89094,,"",
"","100000007979999","FSD1","","",26.48485,,"",
"","100000007975142","FSD1","","",1.45542,,"",
"","100000007975164","FSD1","","",1.3708,,"",
"","100000007988140","FSD1","","",13.60294,,"",
"","100000007988208","FSD1","","",21.89004,,"",
"","100000007984663","FSD1","","",5.57194,,"",
"","100000007984829","FSD1","","",40.31178,,"",
"","100000007984487","FSD1","","",8.7156,,"",
"","100000007980822","FSD1","","",57.31086,,"",
"","100000007982966","FSD1","","",22.51473,,"",
"","100000007985044","FSD1","","",15.4466,,"",
"","100000007991195","FSD1","","",3.9601,,"",
"","100000007991264","FSD1","","",3.43547,,"",
"","100000007991127","FSD1","","",5.0432,,"",
"","100000007991133","FSD1","","",5.0432,,"",
"","100000007990278","FSD1","","",4.51159,,"",
"","100000007989978","FSD1","","",6.92171,,"",
"","100000008008999","FSD1","","",0.42987,,"",
"","100000008009483","FSD1","","",0.45189,,"",
"","100000008008227","FSD1","","",0.43583,,"",
"","100000007992053","FSD1","","",2.49953,,"",
"","100000007991997","FSD1","","",5.0225,,"",
"","100000007992054","FSD1","","",6.09155,,"",
"","100000007993879","FSD1","","",0.81937,,"",
"","100000007994012","FSD1","","",18.32322,,"",
"","100000007989118","FSD1","","",3.12074,,"",
"","100000007989159","FSD1","","",7.41249,,"",
"","100000007989200","FSD1","","",4.5546,,"",
"","100000007956908","FSD1","","",2.60622,,"",
"","100000007956828","FSD1","","",3.85856,,"",
"","100000007956478","FSD1","","",3.84163,,"",
"","100000007956495","FSD1","","",2.42006,,"",
"","100000007956380","FSD1","","",2.60622,,"",
"","100000007956397","FSD1","","",2.91836,,"",
"","100000007956440","FSD1","","",4.51857,,"",
"","100000007956415","FSD1","","",3.53276,,"",
"","100000007956436","FSD1","","",26.58682,,"",
"","100000007956460","FSD1","","",5.87564,,"",
"","100000007958082","FSD1","","",1.47234,,"",
"","100000007925812","FSD1","","",9.22903,,"",
"","100000007925442","FSD1","","",17.0144,,"",
"","100000007925477","FSD1","","",23.01997,,"",
"","100000007925364","FSD1","","",28.44251,,"",
"","100000007925404","FSD1","","",61.93386,,"",
"","100000007924023","FSD1","","",0.39296,,"",
"","100000007924051","FSD1","","",0.34873,,"",
"","100000007924926","FSD1","","",0.44123,,"",
"","100000007924853","FSD1","","",0.81158,,"",
"","100000007924875","FSD1","","",0.38269,,"",
"","100000007924893","FSD1","","",0.50877,,"",
"","100000007923578","FSD1","","",0.58777,,"",
"","100000007923611","FSD1","","",0.57257,,"",
"","100000007924743","FSD1","","",0.31997,,"",
"","100000007924757","FSD1","","",0.34541,,"",
"","100000007923533","FSD1","","",0.88046,,"",
"","100000007923401","FSD1","","",0.33674,,"",
"","100000007924484","FSD1","","",0.2163,,"",
"","100000007924335","FSD1","","",0.35929,,"",
"","100000007922608","FSD1","","",0.21972,,"",
"","100000007922561","FSD1","","",0.41199,,"",
"","100000007923731","FSD1","","",0.63346,,"",
"","100000007927599","FSD1","","",0.29154,,"",
"","100000007927466","FSD1","","",0.83771,,"",
"","100000007926304","FSD1","","",0.11087,,"",
"","100000007926257","FSD1","","",0.09281,,"",
"","100000007929446","FSD1","","",1.29294,,"",
"","100000007929462","FSD1","","",0.54917,,"",
"","100000007929477","FSD1","","",0.91387,,"",
"","100000007929511","FSD1","","",14.46959,,"",
"","100000007929531","FSD1","","",0.569,,"",
"","100000007929426","FSD1","","",0.55018,,"",
"","100000007929472","FSD1","","",0.62693,,"",
"","100000007929484","FSD1","","",0.64952,,"",
"","100000007929112","FSD1","","",102.27057,,"",
"","100000007927886","FSD1","","",0.57218,,"",
"","100000007927904","FSD1","","",20.71436,,"",
"","100000007927821","FSD1","","",9.56178,,"",
"","100000007927747","FSD1","","",0.6602,,"",
"","100000007927766","FSD1","","",3.60878,,"",
"","100000007927780","FSD1","","",2.37691,,"",
"","100000007927822","FSD1","","",2.61829,,"",
"","100000007927492","FSD1","","",0.45617,,"",
"","100000007927475","FSD1","","",0.65513,,"",
"","100000007927493","FSD1","","",0.84321,,"",
"","100000007927476","FSD1","","",0.26907,,"",
"","100000007927512","FSD1","","",0.17804,,"",
"","100000007927542","FSD1","","",0.83561,,"",
"","100000007940235","FSD1","","",4.84112,,"",
"","100000007940108","FSD1","","",5.0433,,"",
"","100000007940129","FSD1","","",5.01807,,"",
"","100000007940019","FSD1","","",45.62576,,"",
"","100000007940039","FSD1","","",45.62576,,"",
"","100000007940070","FSD1","","",45.62576,,"",
"","100000007940092","FSD1","","",48.87507,,"",
"","100000007939958","FSD1","","",48.87507,,"",
"","100000007939991","FSD1","","",48.87507,,"",
"","100000007940040","FSD1","","",48.87507,,"",
"","100000007940466","FSD1","","",2.27577,,"",
"","100000007948919","FSD1","","",1.92649,,"",
"","100000007948934","FSD1","","",2.24527,,"",
"","100000007948958","FSD1","","",2.79553,,"",
"","100000007948070","FSD1","","",6.54483,,"",
"","100000007948148","FSD1","","",4.06819,,"",
"","100000007947084","FSD1","","",4.71154,,"",
"","100000007946679","FSD1","","",6.26975,,"",
"","100000007947040","FSD1","","",13.60473,,"",
"","100000007952136","FSD1","","",0.41056,,"",
"","100000007968423","FSD1","","",19.35971,,"",
"","100000007965854","FSD1","","",5.26321,,"",
"","100000007965930","FSD1","","",7.07402,,"",
"","100000007965975","FSD1","","",8.30944,,"",
"","100000007963329","FSD1","","",2.40314,,"",
"","100000007965690","FSD1","","",1.18465,,"",
"","100000007965856","FSD1","","",1.57389,,"",
"","100000007971281","FSD1","","",0.49078,,"",
"","100000007971316","FSD1","","",0.45693,,"",
"","100000007971010","FSD1","","",0.61744,,"",
"","100000007970985","FSD1","","",1.5056,,"",
"","100000007971049","FSD1","","",2.13236,,"",
"","100000007971172","FSD1","","",2.35548,,"",
"","100000007970970","FSD1","","",0.89381,,"",
"","100000007973099","FSD1","","",1.25234,,"",
"","100000007980064","FSD1","","",20.97687,,"",
"","100000007980109","FSD1","","",22.20742,,"",
"","100000007980150","FSD1","","",28.76499,,"",
"","100000007980214","FSD1","","",26.63625,,"",
"","100000007979910","FSD1","","",22.27807,,"",
"","100000007979977","FSD1","","",22.92985,,"",
"","100000007980086","FSD1","","",29.0193,,"",
"","100000007975143","FSD1","","",2.50837,,"",
"","100000007975186","FSD1","","",4.1722,,"",
"","100000007977155","FSD1","","",0.70874,,"",
"","100000007977315","FSD1","","",0.92208,,"",
"","100000007976965","FSD1","","",1.23452,,"",
"","100000007985340","FSD1","","",10.2509,,"",
"","100000007985290","FSD1","","",9.03559,,"",
"","100000007985331","FSD1","","",4.42617,,"",
"","100000007984938","FSD1","","",32.3512,,"",
"","100000007985018","FSD1","","",2.8364,,"",
"","100000007985260","FSD1","","",2.60874,,"",
"","100000007993596","FSD1","","",1.49055,,"",
"","100000007993620","FSD1","","",2.11847,,"",
"","100000007993711","FSD1","","",3.90003,,"",
"","100000007993777","FSD1","","",4.98153,,"",
"","100000007990151","FSD1","","",3.92625,,"",
"","100000007990236","FSD1","","",2.77545,,"",
"","100000007990279","FSD1","","",8.96946,,"",
"","100000007989999","FSD1","","",9.96794,,"",
"","100000007990019","FSD1","","",13.80658,,"",
"","100000007997142","FSD1","","",1.11992,,"",
"","100000007897988","SEE1","","",0.163873,,"",
"","100000007897847","SEE1","","",0.447108,,"",
"","100000007897874","SEE1","","",0.47,,"",
"","100000007898232","SEE1","","",0.8884,,"",
"","100000007898394","SEE1","","",7.98,,"",
"","100000007898427","SEE1","","",0.3465,,"",
"","100000007898442","SEE1","","",0.6406,,"",
"","100000007898342","SEE1","","",2.41625,,"",
"","100000007898337","SEE1","","",0.544875,,"",
"","100000007898358","SEE1","","",0.145017857,,"",
"","100000007898738","SEE1","","",0.776,,"",
"","100000007898718","SEE1","","",0.24429,,"",
"","100000007898724","SEE1","","",6.4885,,"",
"","100000007898726","SEE1","","",0.1043,,"",
"","100000007898716","SEE1","","",0.0829,,"",
"","100000007899241","SEE1","","",0.105732,,"",
"","100000007899231","SEE1","","",0.57048,,"",
"","100000007899237","SEE1","","",0.199066,,"",
"","100000007899604","SEE1","","",1.729908,,"",
"","100000007899616","SEE1","","",0.27643,,"",
"","100000007899632","SEE1","","",0.216227,,"",
"","100000007899642","SEE1","","",1.097235,,"",
"","100000007924233","SEE1","","",0.40131,,"",
"","100000007924506","SEE1","","",0.0423,,"",
"","100000007924525","SEE1","","",1.588667,,"",
"","100000007903758","SEE1","","",2.042118,,"",
"","100000007903818","SEE1","","",0.450406,,"",
"","100000007903869","SEE1","","",5.5053,,"",
"","100000007903546","SEE1","","",0.801002,,"",
"","100000007903616","SEE1","","",0.61442,,"",
"","100000007903688","SEE1","","",3.683988,,"",
"","100000007927018","SEE1","","",1.183901,,"",
"","100000007926975","SEE1","","",2.3051,,"",
"","100000007926870","SEE1","","",1.8521,,"",
"","100000007926768","SEE1","","",2.058405,,"",
"","100000007926784","SEE1","","",0.52,,"",
"","100000007926760","SEE1","","",1.661,,"",
"","100000007923095","SEE1","","",2.920736,,"",
"","100000007922612","SEE1","","",2.3366,,"",
"","100000007922550","SEE1","","",2.80529,,"",
"","100000007922858","SEE1","","",0.75,,"",
"","100000007922932","SEE1","","",2.008488,,"",
"","100000007923575","SEE1","","",1.8738,,"",
"","100000007923176","SEE1","","",3.3428,,"",
"","100000007923418","SEE1","","",0.51568,,"",
"","100000007923497","SEE1","","",1.6867,,"",
"","100000007898220","SEE1","","",0.400846,,"",
"","100000007898226","SEE1","","",0.354167,,"",
"","100000007898208","SEE1","","",1.56,,"",
"","100000007904514","SEE1","","",0.431013,,"",
"","100000007904417","SEE1","","",0.0214,,"",
"","100000007898728","SEE1","","",0.49,,"",
"","100000007898737","SEE1","","",0.1233,,"",
"","100000007898713","SEE1","","",1.080864,,"",
"","100000007898717","SEE1","","",0.1636,,"",
"","100000007899219","SEE1","","",0.180148,,"",
"","100000007899229","SEE1","","",0.963492,,"",
"","100000007899164","SEE1","","",0.077408,,"",
"","100000007900687","SEE1","","",1.024854545,,"",
"","100000007899658","SEE1","","",0.345667,,"",
"","100000007899691","SEE1","","",0.80344,,"",
"","100000007899643","SEE1","","",0.265482,,"",
"","100000007901109","SEE1","","",0.9458,,"",
"","100000007901160","SEE1","","",0.4105,,"",
"","100000007924552","SEE1","","",0.414474,,"",
"","100000007924545","SEE1","","",1.252465,,"",
"","100000007924573","SEE1","","",1.069251,,"",
"","100000007924365","SEE1","","",0.45076,,"",
"","100000007924384","SEE1","","",0.368832,,"",
"","100000007904610","SEE1","","",0.0665,,"",
"","100000007904838","SEE1","","",0.092106,,"",
"","100000007904540","SEE1","","",0.89,,"",
"","100000007904570","SEE1","","",0.1453,,"",
"","100000007904815","SEE1","","",0.1263,,"",
"","100000007903732","SEE1","","",1.1591,,"",
"","100000007905778","SEE1","","",1.543787,,"",
"","100000007905843","SEE1","","",0.45432,,"",
"","100000007905920","SEE1","","",0.0297,,"",
"","100000007905705","SEE1","","",0.1391,,"",
"","100000007905797","SEE1","","",0.057887,,"",
"","100000007905870","SEE1","","",0.33264,,"",
"","100000007905921","SEE1","","",0.0828,,"",
"","100000007905663","SEE1","","",0.0608,,"",
"","100000007905730","SEE1","","",0.2618,,"",
"","100000007927048","SEE1","","",3.85352,,"",
"","100000007926903","SEE1","","",0.860664,,"",
"","100000007927219","SEE1","","",0.5356,,"",
"","100000007927123","SEE1","","",0.602106,,"",
"","100000007927139","SEE1","","",1.0638,,"",
"","100000007925065","SEE1","","",0.282535,,"",
"","100000007925837","SEE1","","",1.393161,,"",
"","100000007922842","SEE1","","",1.10223,,"",
"","100000007923273","SEE1","","",1.29162,,"",
"","100000007923295","SEE1","","",1.596294,,"",
"","100000007923628","SEE1","","",2.464708,,"",
"","100000007923684","SEE1","","",1.777552,,"",
"","100000007923731","SEE1","","",2.0795,,"",
"","100000007923760","SEE1","","",1.91786,,"",
"","100000007923777","SEE1","","",1.569207,,"",
"","100000007923677","SEE1","","",1.596564,,"",
"","100000007923703","SEE1","","",1.017072,,"",
"","100000007923433","SEE1","","",5.840438,,"",
"","100000007923948","SEE1","","",4.39926,,"",
"","100000007924295","SEE1","","",0.2456,,"",
"","100000007898216","SEE1","","",1.5504,,"",
"","100000007905359","SEE1","","",4.400915,,"",
"","100000007905526","SEE1","","",2.27,,"",
"","100000007904309","SEE1","","",0.0441,,"",
"","100000007904347","SEE1","","",0.0636,,"",
"","100000007904391","SEE1","","",0.28032,,"",
"","100000007904433","SEE1","","",0.21312,,"",
"","100000007900672","SEE1","","",4.858659,,"",
"","100000007900659","SEE1","","",0.582012,,"",
"","100000007901189","SEE1","","",4.121488,,"",
"","100000007901234","SEE1","","",1.126092,,"",
"","100000007902488","SEE1","","",0.81,,"",
"","100000007902571","SEE1","","",1.25132,,"",
"","100000007925301","SEE1","","",0.736909,,"",
"","100000007925336","SEE1","","",0.34797,,"",
"","100000007925256","SEE1","","",0.500192,,"",
"","100000007925270","SEE1","","",0.4137,,"",
"","100000007925279","SEE1","","",0.242062,,"",
"","100000007925292","SEE1","","",0.373288,,"",
"","100000007925315","SEE1","","",0.473169,,"",
"","100000007905106","SEE1","","",0.131396226,,"",
"","100000007905157","SEE1","","",0.399622642,,"",
"","100000007905260","SEE1","","",0.047735849,,"",
"","100000007904948","SEE1","","",0.046603774,,"",
"","100000007904997","SEE1","","",0.064339623,,"",
"","100000007905131","SEE1","","",0.072773585,,"",
"","100000007905197","SEE1","","",0.197716981,,"",
"","100000007905261","SEE1","","",0.386735849,,"",
"","100000007904928","SEE1","","",0.665660377,,"",
"","100000007904857","SEE1","","",0.6333,,"",
"","100000007904551","SEE1","","",0.2731,,"",
"","100000007904603","SEE1","","",1.199156,,"",
"","100000007904662","SEE1","","",0.445443,,"",
"","100000007905772","SEE1","","",0.025245,,"",
"","100000007905844","SEE1","","",0.1208,,"",
"","100000007905619","SEE1","","",0.0408,,"",
"","100000007905773","SEE1","","",2.023905,,"",
"","100000007905820","SEE1","","",0.179333,,"",
"","100000007905946","SEE1","","",4.0543,,"",
"","100000007905731","SEE1","","",0.6939,,"",
"","100000007927439","SEE1","","",1.424735,,"",
"","100000007927454","SEE1","","",1.2052,,"",
"","100000007927320","SEE1","","",1.85988,,"",
"","100000007927263","SEE1","","",1.1389,,"",
"","100000007927281","SEE1","","",1.584192,,"",
"","100000007925018","SEE1","","",0.713805,,"",
"","100000007925046","SEE1","","",1.0239,,"",
"","100000007925070","SEE1","","",0.86106,,"",
"","100000007923287","SEE1","","",3.1301,,"",
"","100000007923304","SEE1","","",1.788654,,"",
"","100000007923362","SEE1","","",1.7707,,"",
"","100000007923751","SEE1","","",0.582624,,"",
"","100000007923766","SEE1","","",2.3505,,"",
"","100000007924214","SEE1","","",1.400183,,"",
"","100000007924227","SEE1","","",1.640534,,"",
"","100000007924250","SEE1","","",1.198898,,"",
"","100000007924261","SEE1","","",1.269485,,"",
"","100000007924285","SEE1","","",1.6302,,"",
"","100000007924220","SEE1","","",2.155065,,"",
"","100000007924208","SEE1","","",1.84184,,"",
"","100000007905284","SEE1","","",0.3834,,"",
"","100000007905326","SEE1","","",0.2989,,"",
"","100000007904384","SEE1","","",1.725152,,"",
"","100000007904424","SEE1","","",0.52,,"",
"","100000007904452","SEE1","","",3.46,,"",
"","100000007904453","SEE1","","",1.11,,"",
"","100000007908181","SEE1","","",1.0973,,"",
"","100000007908232","SEE1","","",0.278256,,"",
"","100000007908295","SEE1","","",0.4255,,"",
"","100000007908360","SEE1","","",0.345,,"",
"","100000007908408","SEE1","","",0.6334,,"",
"","100000007908124","SEE1","","",0.61908,,"",
"","100000007908254","SEE1","","",0.917785,,"",
"","100000007908338","SEE1","","",0.398,,"",
"","100000007907202","SEE1","","",0.509343,,"",
"","100000007907304","SEE1","","",0.449384,,"",
"","100000007900673","SEE1","","",0.215784,,"",
"","100000007900949","SEE1","","",1.73,,"",
"","100000007900954","SEE1","","",0.299676,,"",
"","100000007900965","SEE1","","",0.35378,,"",
"","100000007900981","SEE1","","",1.458432,,"",
"","100000007900993","SEE1","","",0.48,,"",
"","100000007902686","SEE1","","",0.2348,,"",
"","100000007902407","SEE1","","",0.254,,"",
"","100000007902450","SEE1","","",0.308,,"",
"","100000007902509","SEE1","","",0.3925,,"",
"","100000007902616","SEE1","","",0.777056,,"",
"","100000007902663","SEE1","","",0.662704,,"",
"","100000007902428","SEE1","","",0.587619,,"",
"","100000007902007","SEE1","","",0.171,,"",
"","100000007902069","SEE1","","",0.3252,,"",
"","100000007925330","SEE1","","",0.555984,,"",
"","100000007922309","SEE1","","",0.5544,,"",
"","100000007922348","SEE1","","",1.450725,,"",
"","100000007904998","SEE1","","",0.38509434,,"",
"","100000007903981","SEE1","","",0.108416,,"",
"","100000007904204","SEE1","","",0.518814,,"",
"","100000007903982","SEE1","","",0.068561,,"",
"","100000007893852","SEE1","","",0.210431034,,"",
"","100000007893855","SEE1","","",1.632137931,,"",
"","100000007893842","SEE1","","",0.512655172,,"",
"","100000007893843","SEE1","","",1.066086207,,"",
"","100000007905774","SEE1","","",0.12684,,"",
"","100000007905845","SEE1","","",0.163185,,"",
"","100000007894329","SEE1","","",0.0779,,"",
"","100000007894442","SEE1","","",0.1545,,"",
"","100000007894431","SEE1","","",0.7726,,"",
"","100000007894439","SEE1","","",0.16906,,"",
"","100000007925669","SEE1","","",0.65,,"",
"","100000007924982","SEE1","","",0.498464,,"",
"","100000007926041","SEE1","","",1.24641,,"",
"","100000007925978","SEE1","","",0.9161,,"",
"","100000007923294","SEE1","","",2.499692,,"",
"","100000007923310","SEE1","","",1.92181,,"",
"","100000007926299","SEE1","","",0.6688,,"",
"","100000007926377","SEE1","","",0.573092,,"",
"","100000007923998","SEE1","","",2.159656,,"",
"","100000007927069","SEE1","","",1.147356,,"",
"","100000007927082","SEE1","","",0.891,,"",
"","100000007927101","SEE1","","",1.235136,,"",
"","100000007927024","SEE1","","",1.475264,,"",
"","100000007927042","SEE1","","",1.04874,,"",
"","100000007927055","SEE1","","",0.60324,,"",
"","100000007927075","SEE1","","",1.015662,,"",
"","100000007927088","SEE1","","",1.223112,,"",
"","100000007924244","SEE1","","",0.752193,,"",
"","100000007924468","SEE1","","",0.753876,,"",
"","100000007924312","SEE1","","",0.594832,,"",
"","100000007904493","SEE1","","",0.335556,,"",
"","100000007908396","SEE1","","",0.599,,"",
"","100000007908443","SEE1","","",0.148,,"",
"","100000007908137","SEE1","","",0.1559,,"",
"","100000007908194","SEE1","","",0.2116,,"",
"","100000007908428","SEE1","","",0.219504,,"",
"","100000007907341","SEE1","","",0.2711,,"",
"","100000007907401","SEE1","","",0.8437,,"",
"","100000007907203","SEE1","","",0.1953,,"",
"","100000007907305","SEE1","","",1.410255,,"",
"","100000007907868","SEE1","","",0.2737,,"",
"","100000007907902","SEE1","","",0.43,,"",
"","100000007904254","SEE1","","",0.851968,,"",
"","100000007903957","SEE1","","",0.183276,,"",
"","100000007902830","SEE1","","",0.0585,,"",
"","100000007902964","SEE1","","",0.1678,,"",
"","100000007903018","SEE1","","",0.7222,,"",
"","100000007903093","SEE1","","",0.061,,"",
"","100000007902780","SEE1","","",0.24864,,"",
"","100000007902831","SEE1","","",1.7909,,"",
"","100000007894443","SEE1","","",0.1299,,"",
"","100000007894728","SEE1","","",1.9548,,"",
"","100000007894754","SEE1","","",0.2661,,"",
"","100000007894783","SEE1","","",0.095892,,"",
"","100000007894723","SEE1","","",0.181755,,"",
"","100000007925688","SEE1","","",0.520857,,"",
"","100000007925714","SEE1","","",1.479088,,"",
"","100000007925531","SEE1","","",0.34247,,"",
"","100000007925547","SEE1","","",0.57816,,"",
"","100000007925571","SEE1","","",1.0601,,"",
"","100000007925587","SEE1","","",0.584955,,"",
"","100000007926495","SEE1","","",0.9869,,"",
"","100000007926068","SEE1","","",1.046719,,"",
"","100000007926284","SEE1","","",1.336932,,"",
"","100000007926276","SEE1","","",1.241366,,"",
"","100000007927025","SEE1","","",1.040996,,"",
"","100000007927039","SEE1","","",1.653652,,"",
"","100000007927056","SEE1","","",1.54757,,"",
"","100000007927011","SEE1","","",0.95997,,"",
"","100000007927032","SEE1","","",0.802516,,"",
"","100000007927077","SEE1","","",1.195201,,"",
"","100000007924419","SEE1","","",0.418068,,"",
"","100000007924453","SEE1","","",0.427032,,"",
"","100000007924304","SEE1","","",0.50692,,"",
"","100000007924306","SEE1","","",0.274364,,"",
"","100000007924325","SEE1","","",0.32096,,"",
"","100000007924326","SEE1","","",0.355524,,"",
"","100000007924345","SEE1","","",0.2627,,"",
"","100000007924374","SEE1","","",0.227052,,"",
"","100000007924397","SEE1","","",0.199234,,"",
"","100000007908472","SEE1","","",0.2056,,"",
"","100000007908180","SEE1","","",0.3525,,"",
"","100000007908294","SEE1","","",3.974154,,"",
"","100000007908337","SEE1","","",2.58804,,"",
"","100000007908407","SEE1","","",2.134864,,"",
"","100000007908152","SEE1","","",2.981992,,"",
"","100000007908231","SEE1","","",4.135074,,"",
"","100000007908317","SEE1","","",3.361098,,"",
"","100000007908359","SEE1","","",3.5927,,"",
"","100000007908474","SEE1","","",0.433776,,"",
"","100000007907529","SEE1","","",0.088842,,"",
"","100000007907601","SEE1","","",0.207774,,"",
"","100000007907651","SEE1","","",0.254694,,"",
"","100000007907725","SEE1","","",0.3468,,"",
"","100000007907790","SEE1","","",0.58,,"",
"","100000007907466","SEE1","","",1.31,,"",
"","100000007896594","SEE1","","",1.7772,,"",
"","100000007902296","SEE1","","",1.566348,,"",
"","100000007901947","SEE1","","",0.317408,,"",
"","100000007901925","SEE1","","",0.319542,,"",
"","100000007901830","SEE1","","",0.3906,,"",
"","100000007901549","SEE1","","",0.280275,,"",
"","100000007901610","SEE1","","",0.756,,"",
"","100000007901657","SEE1","","",0.451458,,"",
"","100000007922328","SEE1","","",1.6614,,"",
"","100000007897778","SEE1","","",0.1761,,"",
"","100000007897736","SEE1","","",0.2292,,"",
"","100000007897743","SEE1","","",0.455223,,"",
"","100000007902896","SEE1","","",0.107576,,"",
"","100000007907763","SEE1","","",1.2628,,"",
"","100000007907439","SEE1","","",1.171532,,"",
"","100000007907525","SEE1","","",1.47,,"",
"","100000007907670","SEE1","","",0.090739,,"",
"","100000007907719","SEE1","","",3.338362,,"",
"","100000007907783","SEE1","","",4.912464,,"",
"","100000007894749","SEE1","","",0.8954,,"",
"","100000007909499","SEE1","","",0.666104,,"",
"","100000007909542","SEE1","","",1.593198,,"",
"","100000007909605","SEE1","","",0.22379,,"",
"","100000007909401","SEE1","","",0.108738,,"",
"","100000007909475","SEE1","","",0.3281,,"",
"","100000007909521","SEE1","","",1.512593,,"",
"","100000007909582","SEE1","","",0.6513,,"",
"","100000007925651","SEE1","","",0.548229,,"",
"","100000007925764","SEE1","","",2.2322,,"",
"","100000007925661","SEE1","","",0.576079,,"",
"","100000007925689","SEE1","","",1.014572,,"",
"","100000007924853","SEE1","","",2.534796,,"",
"","100000007925614","SEE1","","",0.865716,,"",
"","100000007925520","SEE1","","",1.2205,,"",
"","100000007925581","SEE1","","",0.9269,,"",
"","100000007926076","SEE1","","",0.686952,,"",
"","100000007925974","SEE1","","",0.504779,,"",
"","100000007926029","SEE1","","",0.742106,,"",
"","100000007926054","SEE1","","",0.7695,,"",
"","100000007927006","SEE1","","",0.575132,,"",
"","100000007927040","SEE1","","",0.5347,,"",
"","100000007922470","SEE1","","",1.36101,,"",
"","100000007922495","SEE1","","",2.44288,,"",
"","100000007924437","SEE1","","",0.183338,,"",
"","100000007924458","SEE1","","",0.39852,,"",
"","100000007922397","SEE1","","",2.813265,,"",
"","100000007922338","SEE1","","",2.36037,,"",
"","100000007922377","SEE1","","",1.569552,,"",
"","100000007896615","SEE1","","",1.419443,,"",
"","100000008038164","SEE1","","",9.85734,,"",
"","100000007897751","SEE1","","",0.2372,,"",
"","100000007897762","SEE1","","",0.494774,,"",
"","100000007897721","SEE1","","",0.2882,,"",
"","100000007897745","SEE1","","",0.56,,"",
"","100000007897752","SEE1","","",0.595597,,"",
"","100000007907645","SEE1","","",3.203655,,"",
"","100000007907694","SEE1","","",0.193,,"",
"","100000007907784","SEE1","","",0.74,,"",
"","100000007907595","SEE1","","",0.093,,"",
"","100000007907743","SEE1","","",0.165984,,"",
"","100000007908576","SEE1","","",0.10276,,"",
"","100000007908625","SEE1","","",0.3603,,"",
"","100000007908695","SEE1","","",0.113918,,"",
"","100000007908503","SEE1","","",0.24192,,"",
"","100000007909352","SEE1","","",2.6196,,"",
"","100000007909402","SEE1","","",0.8161,,"",
"","100000007909476","SEE1","","",0.5215,,"",
"","100000007909522","SEE1","","",0.896325,,"",
"","100000007924875","SEE1","","",1.681827,,"",
"","100000007924893","SEE1","","",1.980608,,"",
"","100000007924823","SEE1","","",0.14681,,"",
"","100000007921093","SEE1","","",36.2985,,"",
"","100000007921119","SEE1","","",54.446595,,"",
"","100000007921530","SEE1","","",0.488775,,"",
"","100000007921523","SEE1","","",0.3133,,"",
"","100000007921763","SEE1","","",0.609793,,"",
"","100000007921811","SEE1","","",2.246,,"",
"","100000007922043","SEE1","","",1.48995,,"",
"","100000007922115","SEE1","","",1.359124,,"",
"","100000007922134","SEE1","","",2.110368,,"",
"","100000007922161","SEE1","","",0.6593,,"",
"","100000007922307","SEE1","","",2.1662,,"",
"","100000007922407","SEE1","","",3.2596,,"",
"","100000007895200","SEE1","","",0.2269,,"",
"","100000007895212","SEE1","","",0.357,,"",
"","100000007895211","SEE1","","",0.8348,,"",
"","100000007895214","SEE1","","",0.513888,,"",
"","100000007898384","SEE1","","",1.314107143,,"",
"","100000007898250","SEE1","","",0.241303571,,"",
"","100000007898284","SEE1","","",0.230839286,,"",
"","100000007898500","SEE1","","",1.229535714,,"",
"","100000007898506","SEE1","","",0.870357143,,"",
"","100000007898484","SEE1","","",2.791642857,,"",
"","100000007898487","SEE1","","",1.864821429,,"",
"","100000007898493","SEE1","","",8.540428571,,"",
"","100000007896589","SEE1","","",0.9761,,"",
"","100000007896590","SEE1","","",0.413806,,"",
"","100000007896568","SEE1","","",0.478216,,"",
"","100000007899174","SEE1","","",0.2541,,"",
"","100000007899595","SEE1","","",0.2408,,"",
"","100000007897746","SEE1","","",0.8798,,"",
"","100000007897803","SEE1","","",1.470428,,"",
"","100000007899822","SEE1","","",1.193049,,"",
"","100000007908626","SEE1","","",0.184807,,"",
"","100000007908671","SEE1","","",0.6393,,"",
"","100000007903297","SEE1","","",1.697127,,"",
"","100000007903344","SEE1","","",0.4055,,"",
"","100000007903413","SEE1","","",1.102666667,,"",
"","100000007903201","SEE1","","",0.3124,,"",
"","100000007925227","SEE1","","",2.857473,,"",
"","100000007927070","SEE1","","",1.693926,,"",
"","100000007922202","SEE1","","",1.1375,,"",
"","100000007922223","SEE1","","",0.967054,,"",
"","100000007922236","SEE1","","",1.3134,,"",
"","100000007922183","SEE1","","",0.692916,,"",
"","100000007923012","SEE1","","",1.470972,,"",
"","100000007922969","SEE1","","",1.7815,,"",
"","100000007923055","SEE1","","",1.884168,,"",
"","100000007923569","SEE1","","",4.400778,,"",
"","100000007923588","SEE1","","",3.6667,,"",
"","100000007923602","SEE1","","",8.573936,,"",
"","100000007923205","SEE1","","",1.457982,,"",
"","100000007923483","SEE1","","",1.758845,,"",
"","100000007923534","SEE1","","",1.151996,,"",
"","100000007923399","SEE1","","",1.8512,,"",
"","100000007916477","SEE1","","",0.074,,"",
"","100000007916510","SEE1","","",0.0593,,"",
"","100000007916490","SEE1","","",1.185195,,"",
"","100000007916433","SEE1","","",0.445643,,"",
"","100000007916453","SEE1","","",0.519813,,"",
"","100000007917384","SEE1","","",2.175495,,"",
"","100000007917353","SEE1","","",2.008545,,"",
"","100000007917295","SEE1","","",3.732015,,"",
"","100000007917320","SEE1","","",4.930905,,"",
"","100000007925242","SEE1","","",0.99351,,"",
"","100000007925276","SEE1","","",0.4963,,"",
"","100000007925300","SEE1","","",0.615939,,"",
"","100000007925335","SEE1","","",0.5808,,"",
"","100000007925350","SEE1","","",0.64914,,"",
"","100000007917169","SEE1","","",0.678195,,"",
"","100000007917155","SEE1","","",0.376845,,"",
"","100000007920834","SEE1","","",0.129885,,"",
"","100000007920728","SEE1","","",0.66087,,"",
"","100000007920748","SEE1","","",0.34419,,"",
"","100000007920764","SEE1","","",0.18543,,"",
"","100000007920725","SEE1","","",3.354693,,"",
"","100000007920759","SEE1","","",3.430099,,"",
"","100000007920783","SEE1","","",4.7294,,"",
"","100000007920822","SEE1","","",4.19,,"",
"","100000007920717","SEE1","","",5.355,,"",
"","100000007914803","SEE1","","",0.328856,,"",
"","100000007914899","SEE1","","",0.2312,,"",
"","100000007914504","SEE1","","",1.04168,,"",
"","100000007911525","SEE1","","",0.856254,,"",
"","100000007911576","SEE1","","",0.509397,,"",
"","100000007911650","SEE1","","",0.387226,,"",
"","100000007911758","SEE1","","",1.291845,,"",
"","100000007911433","SEE1","","",0.353424,,"",
"","100000007912192","SEE1","","",0.3089,,"",
"","100000007912348","SEE1","","",0.8586,,"",
"","100000007912320","SEE1","","",2.335392,,"",
"","100000007913238","SEE1","","",5.31,,"",
"","100000007913253","SEE1","","",4.35,,"",
"","100000007917246","SEE1","","",0.8715,,"",
"","100000007916492","SEE1","","",0.201488,,"",
"","100000007916511","SEE1","","",0.1783,,"",
"","100000007916448","SEE1","","",0.1959,,"",
"","100000007916756","SEE1","","",0.408524,,"",
"","100000007925228","SEE1","","",0.219003,,"",
"","100000007925091","SEE1","","",0.25248,,"",
"","100000007917245","SEE1","","",1.46895,,"",
"","100000007917260","SEE1","","",1.743,,"",
"","100000007917209","SEE1","","",2.0055,,"",
"","100000007920804","SEE1","","",4.089204,,"",
"","100000007921292","SEE1","","",5.28276,,"",
"","100000007914481","SEE1","","",0.8495,,"",
"","100000007915729","SEE1","","",4.3384,,"",
"","100000007915762","SEE1","","",0.552126,,"",
"","100000007912515","SEE1","","",1.1084,,"",
"","100000007912579","SEE1","","",0.727776,,"",
"","100000007912769","SEE1","","",2.2516,,"",
"","100000007913140","SEE1","","",0.188358491,,"",
"","100000007913032","SEE1","","",0.229320755,,"",
"","100000007913058","SEE1","","",0.302811321,,"",
"","100000007911577","SEE1","","",1.024927,,"",
"","100000007911629","SEE1","","",0.599063,,"",
"","100000007912974","SEE1","","",0.195264,,"",
"","100000007913000","SEE1","","",0.46,,"",
"","100000007913777","SEE1","","",0.1516,,"",
"","100000007913801","SEE1","","",0.6118,,"",
"","100000007913829","SEE1","","",0.0605,,"",
"","100000007913852","SEE1","","",0.66496,,"",
"","100000007913354","SEE1","","",0.0647,,"",
"","100000007913372","SEE1","","",0.071706,,"",
"","100000007917164","SEE1","","",0.934605,,"",
"","100000007917236","SEE1","","",3.58092,,"",
"","100000007927215","SEE1","","",1.260336,,"",
"","100000007927359","SEE1","","",0.5438,,"",
"","100000007921166","SEE1","","",12.97464,,"",
"","100000007921223","SEE1","","",13.25058,,"",
"","100000007915543","SEE1","","",0.340896,,"",
"","100000007915459","SEE1","","",0.834708,,"",
"","100000007915763","SEE1","","",0.757891,,"",
"","100000007915777","SEE1","","",2.49984,,"",
"","100000007915796","SEE1","","",1.056024,,"",
"","100000007915701","SEE1","","",0.816459,,"",
"","100000007915720","SEE1","","",0.4757,,"",
"","100000007913115","SEE1","","",0.399622642,,"",
"","100000007913076","SEE1","","",0.016716981,,"",
"","100000007913091","SEE1","","",0.025245283,,"",
"","100000007913116","SEE1","","",0.028962264,,"",
"","100000007913142","SEE1","","",0.042188679,,"",
"","100000007913023","SEE1","","",0.056415094,,"",
"","100000007913015","SEE1","","",0.02808,,"",
"","100000007912914","SEE1","","",0.2689,,"",
"","100000007912951","SEE1","","",0.042411,,"",
"","100000007912903","SEE1","","",0.095016,,"",
"","100000007913747","SEE1","","",0.072186,,"",
"","100000007913823","SEE1","","",0.925233333,,"",
"","100000007913739","SEE1","","",0.154833333,,"",
"","100000007913757","SEE1","","",0.036533333,,"",
"","100000007913744","SEE1","","",0.466383333,,"",
"","100000007913773","SEE1","","",0.078316667,,"",
"","100000007913790","SEE1","","",0.044666667,,"",
"","100000007913819","SEE1","","",0.342833333,,"",
"","100000007913846","SEE1","","",0.096666667,,"",
"","100000007913394","SEE1","","",0.117448,,"",
"","100000007913364","SEE1","","",0.18512,,"",
"","100000007913291","SEE1","","",0.6721,,"",
"","100000007913308","SEE1","","",0.1023,,"",
"","100000007913350","SEE1","","",0.3365,,"",
"","100000007913365","SEE1","","",0.2202,,"",
"","100000007917220","SEE1","","",9.705796,,"",
"","100000007917256","SEE1","","",9.670232,,"",
"","100000007917168","SEE1","","",35.51286,,"",
"","100000007918112","SEE1","","",0.11172,,"",
"","100000007918322","SEE1","","",0.36246,,"",
"","100000007918374","SEE1","","",0.17262,,"",
"","100000007918279","SEE1","","",3.735165,,"",
"","100000007925492","SEE1","","",0.7723,,"",
"","100000007925407","SEE1","","",0.78628,,"",
"","100000007925789","SEE1","","",0.518295,,"",
"","100000007925668","SEE1","","",1.544928,,"",
"","100000007925713","SEE1","","",0.843024,,"",
"","100000007925255","SEE1","","",0.58135,,"",
"","100000007924848","SEE1","","",0.651784,,"",
"","100000007915732","SEE1","","",0.38005,,"",
"","100000007913117","SEE1","","",0.1629,,"",
"","100000007913024","SEE1","","",0.41667,,"",
"","100000007913042","SEE1","","",0.0814,,"",
"","100000007914573","SEE1","","",0.1847,,"",
"","100000007914592","SEE1","","",0.184,,"",
"","100000007914626","SEE1","","",0.179,,"",
"","100000007914650","SEE1","","",0.1897,,"",
"","100000007913707","SEE1","","",0.668666667,,"",
"","100000007913745","SEE1","","",0.203666667,,"",
"","100000007913764","SEE1","","",2.56865,,"",
"","100000007913809","SEE1","","",4.736333333,,"",
"","100000007913708","SEE1","","",0.2238,,"",
"","100000007914359","SEE1","","",0.51,,"",
"","100000007914366","SEE1","","",0.197964,,"",
"","100000007914384","SEE1","","",0.1797,,"",
"","100000007914286","SEE1","","",0.9416,,"",
"","100000007918148","SEE1","","",3.916395,,"",
"","100000007918360","SEE1","","",4.097835,,"",
"","100000007918255","SEE1","","",0.878955,,"",
"","100000007918280","SEE1","","",1.335705,,"",
"","100000007925383","SEE1","","",2.441,,"",
"","100000007916202","SEE1","","",10.04,,"",
"","100000007914431","SEE1","","",1.299845,,"",
"","100000007914513","SEE1","","",0.1867,,"",
"","100000007914531","SEE1","","",0.266526,,"",
"","100000007914533","SEE1","","",0.15196,,"",
"","100000007914534","SEE1","","",0.1897,,"",
"","100000007914556","SEE1","","",0.258,,"",
"","100000007914586","SEE1","","",0.238476,,"",
"","100000007914609","SEE1","","",0.333268,,"",
"","100000007914643","SEE1","","",0.476685,,"",
"","100000007914670","SEE1","","",0.304368,,"",
"","100000007914525","SEE1","","",4.103532,,"",
"","100000007914546","SEE1","","",0.3202,,"",
"","100000007914378","SEE1","","",0.4949,,"",
"","100000007914341","SEE1","","",1.07,,"",
"","100000007914296","SEE1","","",0.247097,,"",
"","100000007918153","SEE1","","",0.768285,,"",
"","100000007918168","SEE1","","",1.26588,,"",
"","100000007918941","SEE1","","",8.932245,,"",
"","100000007918978","SEE1","","",4.96293,,"",
"","100000007918915","SEE1","","",7.534065,,"",
"","100000007925113","SEE1","","",0.503776,,"",
"","100000007916298","SEE1","","",0.583194,,"",
"","100000007916276","SEE1","","",0.863632,,"",
"","100000007914432","SEE1","","",0.9257,,"",
"","100000007914575","SEE1","","",0.3842,,"",
"","100000007914597","SEE1","","",0.3414,,"",
"","100000007914630","SEE1","","",0.5663,,"",
"","100000007914659","SEE1","","",0.395579,,"",
"","100000007914515","SEE1","","",0.66672,,"",
"","100000007914305","SEE1","","",0.1731,,"",
"","100000007914329","SEE1","","",0.1784,,"",
"","100000007914342","SEE1","","",0.2187,,"",
"","100000007914362","SEE1","","",0.2615,,"",
"","100000007916528","SEE1","","",0.0678,,"",
"","100000007916491","SEE1","","",0.0909,,"",
"","100000007916501","SEE1","","",0.0905,,"",
"","100000007919914","SEE1","","",0.365625,,"",
"","100000007919892","SEE1","","",0.2372,,"",
"","100000007918211","SEE1","","",14.736855,,"",
"","100000007919005","SEE1","","",26.51229,,"",
"","100000007918923","SEE1","","",189.150105,,"",
"","100000007927108","SEE1","","",1.853034,,"",
"","100000007927124","SEE1","","",0.233376,,"",
"","100000007927148","SEE1","","",2.652012,,"",
"","100000007927194","SEE1","","",0.986124,,"",
"","100000007927159","SEE1","","",0.91586,,"",
"","100000007927175","SEE1","","",0.895162,,"",
"","100000007927199","SEE1","","",4.420614,,"",
"","100000007918564","SEE1","","",3.32934,,"",
"","100000007918608","SEE1","","",22.88559,,"",
"","100000007918628","SEE1","","",10.126305,,"",
"","100000007918553","SEE1","","",6.63747,,"",
"","100000007916207","SEE1","","",2.733517,,"",
"","100000007916229","SEE1","","",0.8382,,"",
"","100000007915090","SEE1","","",0.14892,,"",
"","100000007915106","SEE1","","",0.215592,,"",
"","100000007915141","SEE1","","",0.221752,,"",
"","100000007915161","SEE1","","",0.2945,,"",
"","100000007915175","SEE1","","",0.4187,,"",
"","100000007915084","SEE1","","",0.3036,,"",
"","100000007915101","SEE1","","",0.543123,,"",
"","100000007915120","SEE1","","",0.5478,,"",
"","100000007915133","SEE1","","",2.69537,,"",
"","100000007914125","SEE1","","",3.427047,,"",
"","100000007916524","SEE1","","",0.1295,,"",
"","100000007916534","SEE1","","",0.3175,,"",
"","100000007916461","SEE1","","",0.1362,,"",
"","100000007916483","SEE1","","",0.167375,,"",
"","100000007916496","SEE1","","",0.1689,,"",
"","100000007916455","SEE1","","",0.140148,,"",
"","100000007916478","SEE1","","",0.2297,,"",
"","100000007916486","SEE1","","",0.3036,,"",
"","100000007916438","SEE1","","",0.3241,,"",
"","100000007916450","SEE1","","",0.364,,"",
"","100000007916472","SEE1","","",0.241842,,"",
"","100000007916696","SEE1","","",0.689508,,"",
"","100000007916776","SEE1","","",1.04,,"",
"","100000007917347","SEE1","","",1.26462,,"",
"","100000007917370","SEE1","","",1.998045,,"",
"","100000007917389","SEE1","","",1.528695,,"",
"","100000007917283","SEE1","","",0.820365,,"",
"","100000007917335","SEE1","","",1.52397,,"",
"","100000007917356","SEE1","","",1.330665,,"",
"","100000007917371","SEE1","","",2.646105,,"",
"","100000007918606","SEE1","","",21.512925,,"",
"","100000007918624","SEE1","","",10.785705,,"",
"","100000007918769","SEE1","","",3.374245,,"",
"","100000007920796","SEE1","","",3.4125,,"",
"","100000007920830","SEE1","","",3.7908,,"",
"","100000007920238","SEE1","","",5.455404,,"",
"","100000007920291","SEE1","","",6.865256,,"",
"","100000007914823","SEE1","","",81.59172,,"",
"","100000007910810","SEE1","","",0.235664,,"",
"","100000007910952","SEE1","","",0.2498,,"",
"","100000007912544","SEE1","","",1.103625,,"",
"","100000007915155","SEE1","","",0.548568,,"",
"","100000007915079","SEE1","","",0.77546,,"",
"","100000007943612","RCS1","","",5.66,,"",
"","100000007943543","RCS1","","",5.66,,"",
"","100000007941495","SAGE","","",0.92,,"",
"","100000007941518","SAGE","","",0.74,,"",
"","100000007942207","SAGE","","",0.36,,"",
"","100000007942225","SAGE","","",0.41,,"",
"","100000007943951","RCS1","","",4.45,,"",
"","100000007943968","RCS1","","",31.19,,"",
"","100000007944008","RCS1","","",21.03,,"",
"","100000007946719","RCS1","","",12.85,,"",
"","100000007946747","RCS1","","",12.85,,"",
"","100000007946895","RCS1","","",12.56,,"",
"","100000007946824","RCS1","","",11.72,,"",
"","100000007946886","RCS1","","",47.9,,"",
"","100000007949708","RCS1","","",7.03,,"",
"","100000007949741","RCS1","","",8.3,,"",
"","100000007949647","RCS1","","",10.67,,"",
"","100000007950555","RCS1","","",4.35,,"",
"","100000007950573","RCS1","","",2.34,,"",
"","100000007950598","RCS1","","",6.21,,"",
"","100000007950612","RCS1","","",2.77,,"",
"","100000007943646","RCS1","","",6.03,,"",
"","100000007943670","RCS1","","",3.41,,"",
"","100000007943684","RCS1","","",3.12,,"",
"","100000007943710","RCS1","","",3.12,,"",
"","100000007941877","SAGE","","",0.9,,"",
"","100000007941903","SAGE","","",0.96,,"",
"","100000007941875","SAGE","","",1.03,,"",
"","100000007941698","SAGE","","",0.33,,"",
"","100000007938835","SAGE","","",0.47,,"",
"","100000007939561","SAGE","","",0.45,,"",
"","100000007939582","SAGE","","",0.46,,"",
"","100000007939611","SAGE","","",0.46,,"",
"","100000007945033","RCS1","","",5.82,,"",
"","100000007944043","RCS1","","",14.66,,"",
"","100000007945030","RCS1","","",23.87,,"",
"","100000007944059","RCS1","","",3.58,,"",
"","100000007944951","RCS1","","",1.94,,"",
"","100000007946831","RCS1","","",10.28,,"",
"","100000007934545","SAGE","","",0.08,,"",
"","100000007897412","RCS1","","",7.19,,"",
"","100000007940305","SAGE","","",0.45,,"",
"","100000007940315","SAGE","","",0.46,,"",
"","100000007940345","SAGE","","",0.46,,"",
"","100000007940364","SAGE","","",0.48,,"",
"","100000007940394","SAGE","","",0.49,,"",
"","100000007940255","SAGE","","",0.49,,"",
"","100000007940289","SAGE","","",0.52,,"",
"","100000007940327","SAGE","","",0.79,,"",
"","100000007940365","SAGE","","",0.52,,"",
"","100000007941901","SAGE","","",1.1,,"",
"","100000007941916","SAGE","","",1.22,,"",
"","100000007942674","SAGE","","",1.04,,"",
"","100000007942690","SAGE","","",1.09,,"",
"","100000007942728","SAGE","","",1.23,,"",
"","100000007942768","SAGE","","",1.37,,"",
"","100000007939632","SAGE","","",0.48,,"",
"","100000007939536","SAGE","","",0.49,,"",
"","100000007939585","SAGE","","",0.57,,"",
"","100000007941565","SAGE","","",0.31,,"",
"","100000007941584","SAGE","","",0.35,,"",
"","100000007941608","SAGE","","",0.38,,"",
"","100000007941650","SAGE","","",0.45,,"",
"","100000007941634","SAGE","","",1.01,,"",
"","100000007941658","SAGE","","",0.93,,"",
"","100000007941675","SAGE","","",1.34,,"",
"","100000007945663","RCS1","","",23.79,,"",
"","100000007945063","RCS1","","",7.43,,"",
"","100000007945076","RCS1","","",52.26,,"",
"","100000007945343","RCS1","","",10.28,,"",
"","100000007945370","RCS1","","",13.08,,"",
"","100000007945385","RCS1","","",48.05,,"",
"","100000007945413","RCS1","","",12.02,,"",
"","100000007945265","RCS1","","",15.58,,"",
"","100000007945304","RCS1","","",6.06,,"",
"","100000007944962","RCS1","","",2.69,,"",
"","100000007944898","RCS1","","",8.38,,"",
"","100000007944573","RCS1","","",11.94,,"",
"","100000007944607","RCS1","","",15.14,,"",
"","100000007944522","RCS1","","",17.53,,"",
"","100000007944534","RCS1","","",19.75,,"",
"","100000007944553","RCS1","","",293.74,,"",
"","100000007944582","RCS1","","",307.27,,"",
"","100000007944601","RCS1","","",24.92,,"",
"","100000007944615","RCS1","","",5.43,,"",
"","100000007947903","RCS1","","",15.39,,"",
"","100000007948777","RCS1","","",8.3,,"",
"","100000007948797","RCS1","","",8.66,,"",
"","100000007948828","RCS1","","",7.09,,"",
"","100000007948853","RCS1","","",7.88,,"",
"","100000007948877","RCS1","","",8.46,,"",
"","100000007947451","RCS1","","",80.95,,"",
"","100000007947358","RCS1","","",42.6,,"",
"","100000007948182","RCS1","","",54.37,,"",
"","100000007948208","RCS1","","",56.5,,"",
"","100000007948228","RCS1","","",59.45,,"",
"","100000007937159","SAGE","","",0.16,,"",
"","100000007940244","SAGE","","",0.99,,"",
"","100000007940366","SAGE","","",0.55,,"",
"","100000007940245","SAGE","","",0.56,,"",
"","100000007940291","SAGE","","",0.58,,"",
"","100000007940310","SAGE","","",0.59,,"",
"","100000007940338","SAGE","","",0.69,,"",
"","100000007940385","SAGE","","",0.76,,"",
"","100000007940282","SAGE","","",1.04,,"",
"","100000007940328","SAGE","","",1.37,,"",
"","100000007940346","SAGE","","",1.23,,"",
"","100000007940201","SAGE","","",0.31,,"",
"","100000007940131","SAGE","","",0.11,,"",
"","100000007940171","SAGE","","",0.12,,"",
"","100000007940215","SAGE","","",0.12,,"",
"","100000007940101","SAGE","","",0.13,,"",
"","100000007940132","SAGE","","",0.14,,"",
"","100000007939992","SAGE","","",0.5,,"",
"","100000007940769","SAGE","","",0.4,,"",
"","100000007940770","SAGE","","",0.45,,"",
"","100000007940757","SAGE","","",0.49,,"",
"","100000007940795","SAGE","","",0.55,,"",
"","100000007940821","SAGE","","",0.6,,"",
"","100000007934765","SAGE","","",0.15,,"",
"","100000007934775","SAGE","","",0.1,,"",
"","100000007934828","SAGE","","",0.06,,"",
"","100000007934725","SAGE","","",0.05,,"",
"","100000007934767","SAGE","","",0.08,,"",
"","100000007934785","SAGE","","",0.05,,"",
"","100000007945684","RCS1","","",13.95,,"",
"","100000007945755","RCS1","","",12.05,,"",
"","100000007945360","RCS1","","",22.63,,"",
"","100000007945402","RCS1","","",33.04,,"",
"","100000007945256","RCS1","","",38.44,,"",
"","100000007945289","RCS1","","",610.3,,"",
"","100000007945350","RCS1","","",8.21,,"",
"","100000007945371","RCS1","","",49.46,,"",
"","100000007945391","RCS1","","",4.63,,"",
"","100000007945096","RCS1","","",107.3,,"",
"","100000007945210","RCS1","","",48.65,,"",
"","100000007945232","RCS1","","",40.14,,"",
"","100000007945110","RCS1","","",84.77,,"",
"","100000007945099","RCS1","","",63.25,,"",
"","100000007945100","RCS1","","",73.08,,"",
"","100000007945118","RCS1","","",158.08,,"",
"","100000007945150","RCS1","","",158.08,,"",
"","100000007944527","RCS1","","",24.43,,"",
"","100000007944540","RCS1","","",3.17,,"",
"","100000007944785","RCS1","","",16.7,,"",
"","100000007948816","RCS1","","",12.01,,"",
"","100000007948778","RCS1","","",11.58,,"",
"","100000007948817","RCS1","","",8.3,,"",
"","100000007948837","RCS1","","",29.91,,"",
"","100000007948374","RCS1","","",225.02,,"",
"","100000007948325","RCS1","","",63.34,,"",
"","100000007948710","RCS1","","",27.58,,"",
"","100000007948254","RCS1","","",61.55,,"",
"","100000007947814","RCS1","","",66.72,,"",
"","100000007947839","RCS1","","",67.94,,"",
"","100000007947855","RCS1","","",71.83,,"",
"","100000007947762","RCS1","","",73.45,,"",
"","100000007947778","RCS1","","",77.93,,"",
"","100000007947801","RCS1","","",48.1,,"",
"","100000007947815","RCS1","","",82.02,,"",
"","100000007947856","RCS1","","",95.52,,"",
"","100000007940172","SAGE","","",0.15,,"",
"","100000007940189","SAGE","","",0.16,,"",
"","100000007940216","SAGE","","",0.18,,"",
"","100000007940238","SAGE","","",0.24,,"",
"","100000007940122","SAGE","","",0.26,,"",
"","100000007940114","SAGE","","",0.26,,"",
"","100000007940124","SAGE","","",0.32,,"",
"","100000007940885","SAGE","","",0.72,,"",
"","100000007940691","SAGE","","",0.88,,"",
"","100000007940608","SAGE","","",0.61,,"",
"","100000007940629","SAGE","","",0.68,,"",
"","100000007940661","SAGE","","",0.74,,"",
"","100000007940682","SAGE","","",0.81,,"",
"","100000007940714","SAGE","","",0.97,,"",
"","100000007934942","SAGE","","",0.2,,"",
"","100000007934849","SAGE","","",0.18,,"",
"","100000007934876","SAGE","","",0.21,,"",
"","100000007934760","SAGE","","",0.2,,"",
"","100000007934777","SAGE","","",0.13,,"",
"","100000007934792","SAGE","","",0.22,,"",
"","100000007934812","SAGE","","",0.23,,"",
"","100000007934723","SAGE","","",0.25,,"",
"","100000007945748","RCS1","","",14.94,,"",
"","100000007946503","RCS1","","",485.25,,"",
"","100000007946542","RCS1","","",236.77,,"",
"","100000007946582","RCS1","","",115.2,,"",
"","100000007946079","RCS1","","",178.11,,"",
"","100000007946155","RCS1","","",133.58,,"",
"","100000007946034","RCS1","","",109.38,,"",
"","100000007947741","RCS1","","",297.09,,"",
"","100000007947629","RCS1","","",774.74,,"",
"","100000007947304","RCS1","","",754.93,,"",
"","100000007947763","RCS1","","",69.96,,"",
"","100000007947779","RCS1","","",583.28,,"",
"","100000007947816","RCS1","","",43.14,,"",
"","100000007947841","RCS1","","",90.96,,"",
"","100000007947764","RCS1","","",248.63,,"",
"","100000007949386","RCS1","","",6.92,,"",
"","100000007949411","RCS1","","",11.64,,"",
"","100000007940601","SAGE","","",1.09,,"",
"","100000007936738","SAGE","","",0.09,,"",
"","100000007936761","SAGE","","",0.09,,"",
"","100000007936659","SAGE","","",0.1,,"",
"","100000007949301","RCS1","","",14.87,,"",
"","100000007949316","RCS1","","",14.87,,"",
"","100000007945536","RCS1","","",233.06,,"",
"","100000007944768","RCS1","","",11.12,,"",
"","100000007944779","RCS1","","",4.35,,"",
"","100000007944799","RCS1","","",3.09,,"",
"","100000007944831","RCS1","","",22.45,,"",
"","100000007944844","RCS1","","",6.23,,"",
"","100000007944755","RCS1","","",3.37,,"",
"","100000007944806","RCS1","","",9.25,,"",
"","100000007944819","RCS1","","",4.11,,"",
"","100000007947192","RCS1","","",354.91,,"",
"","100000007947244","RCS1","","",352.45,,"",
"","100000007947294","RCS1","","",86.16,,"",
"","100000007947321","RCS1","","",41.86,,"",
"","100000007947180","RCS1","","",37.59,,"",
"","100000007947212","RCS1","","",477.07,,"",
"","100000007943370","RCS1","","",9.8,,"",
"","100000007943401","RCS1","","",3.64,,"",
"","100000007949446","RCS1","","",9.4,,"",
"","100000007949469","RCS1","","",11.12,,"",
"","100000007949480","RCS1","","",11.17,,"",
"","100000007949390","RCS1","","",12.12,,"",
"","100000007949404","RCS1","","",16.16,,"",
"","100000007949396","RCS1","","",18.28,,"",
"","100000007941365","SAGE","","",2.25,,"",
"","100000007941408","SAGE","","",2.25,,"",
"","100000007941268","SAGE","","",2.45,,"",
"","100000007941623","SAGE","","",0.14,,"",
"","100000007941633","SAGE","","",0.23,,"",
"","100000007941657","SAGE","","",0.25,,"",
"","100000007941674","SAGE","","",0.28,,"",
"","100000007949101","RCS1","","",45.01,,"",
"","100000007949177","RCS1","","",25.24,,"",
"","100000007949081","RCS1","","",31.52,,"",
"","100000007944028","RCS1","","",5.83,,"",
"","100000007950051","RCS1","","",21.68,,"",
"","100000007949924","RCS1","","",18.33,,"",
"","100000007947143","RCS1","","",12.08,,"",
"","100000007947159","RCS1","","",12.08,,"",
"","100000007995155","SAGE","","",0.36,,"",
"","100000007943420","RCS1","","",6.52,,"",
"","100000007949457","RCS1","","",38.81,,"",
"","100000007949392","RCS1","","",79.87,,"",
"","100000007949414","RCS1","","",54.97,,"",
"","100000007949449","RCS1","","",20.34,,"",
"","100000007939118","SAGE","","",0.91,,"",
"","100000007941333","SAGE","","",2.69,,"",
"","100000007941355","SAGE","","",2.96,,"",
"","100000007941386","SAGE","","",3.22,,"",
"","100000007942130","SAGE","","",4.16,,"",
"","100000007942202","SAGE","","",5.35,,"",
"","100000007942142","SAGE","","",0.1,,"",
"","100000007942160","SAGE","","",0.08,,"",
"","100000007942203","SAGE","","",0.09,,"",
"","100000007942218","SAGE","","",0.1,,"",
"","100000007942108","SAGE","","",0.12,,"",
"","100000007936069","SAGE","","",0.05,,"",
"","100000007943930","RCS1","","",7.96,,"",
"","100000007943952","RCS1","","",28.63,,"",
"","100000007943969","RCS1","","",6.42,,"",
"","100000007943991","RCS1","","",9.29,,"",
"","100000007944009","RCS1","","",3.94,,"",
"","100000007944029","RCS1","","",11.03,,"",
"","100000007943922","RCS1","","",12.25,,"",
"","100000007943946","RCS1","","",17.29,,"",
"","100000007943963","RCS1","","",20.32,,"",
"","100000007943983","RCS1","","",23.28,,"",
"","100000007947069","RCS1","","",30.63,,"",
"","100000007946918","RCS1","","",9.66,,"",
"","100000007946946","RCS1","","",9.66,,"",
"","100000007945821","RCS1","","",21.11,,"",
"","100000007949727","RCS1","","",9.73,,"",
"","100000007949632","RCS1","","",2.08,,"",
"","100000007949646","RCS1","","",3.15,,"",
"","100000007949662","RCS1","","",12.2,,"",
"","100000007949685","RCS1","","",13.74,,"",
"","100000007949698","RCS1","","",203.24,,"",
"","100000007949721","RCS1","","",208.64,,"",
"","100000007949639","RCS1","","",465.46,,"",
"","100000007949657","RCS1","","",17.33,,"",
"","100000007943655","RCS1","","",247.03,,"",
"","100000007943712","RCS1","","",5.28,,"",
"","100000007943733","RCS1","","",5.28,,"",
"","100000007943662","RCS1","","",2.87,,"",
"","100000007984686","NYS2","","",0.08442,,"",
"","100000007984561","NYS2","","",0.13149,,"",
"","100000007985395","NYS2","","",0.07308,,"",
"","100000007985277","NYS2","","",0.0801,,"",
"","100000007985131","NYS2","","",0.11691,,"",
"","100000007988010","NYS2","","",0.522,,"",
"","100000008011492","NYS2","","",3.528,,"",
"","100000008011674","NYS2","","",4.068,,"",
"","100000008012169","NYS2","","",4.266,,"",
"","100000008011108","NYS2","","",3.735,,"",
"","100000008011255","NYS2","","",3.969,,"",
"","100000008009883","NYS2","","",3.537,,"",
"","100000008017207","NYS2","","",2.592,,"",
"","100000008009754","NYS2","","",5.409,,"",
"","100000007962245","NYS2","","",1.17,,"",
"","100000007962295","NYS2","","",1.062,,"",
"","100000007962371","NYS2","","",0.954,,"",
"","100000007962414","NYS2","","",1.296,,"",
"","100000007966975","NYS2","","",0.459,,"",
"","100000007967016","NYS2","","",0.468,,"",
"","100000007967073","NYS2","","",0.21735,,"",
"","100000007967109","NYS2","","",0.423,,"",
"","100000007955286","NYS2","","",0.819,,"",
"","100000007955350","NYS2","","",0.25389,,"",
"","100000007967702","NYS2","","",0.34092,,"",
"","100000007994439","NYS2","","",1.449,,"",
"","100000008007329","NYS2","","",11.826,,"",
"","100000008007603","NYS2","","",11.925,,"",
"","100000007989940","NYS2","","",20.646,,"",
"","100000007963655","NYS2","","",0.08442,,"",
"","100000007960978","NYS2","","",0.711,,"",
"","100000007961000","NYS2","","",1.062,,"",
"","100000008017388","NYS2","","",5.553,,"",
"","100000008018048","NYS2","","",7.65,,"",
"","100000008017285","NYS2","","",12.096,,"",
"","100000008018103","NYS2","","",31.851,,"",
"","100000008013273","NYS2","","",3.267,,"",
"","100000007966952","NYS2","","",0.31176,,"",
"","100000007966955","NYS2","","",0.21384,,"",
"","100000007966917","NYS2","","",0.639,,"",
"","100000007966956","NYS2","","",0.801,,"",
"","100000007967967","NYS2","","",0.198,,"",
"","100000007994490","NYS2","","",7.929,,"",
"","100000007994254","NYS2","","",8.811,,"",
"","100000007988166","NYS2","","",0.32553,,"",
"","100000007965350","NYS2","","",0.12213,,"",
"","100000007967627","NYS2","","",0.1044,,"",
"","100000007967660","NYS2","","",0.13401,,"",
"","100000007967689","NYS2","","",0.17757,,"",
"","100000008017286","NYS2","","",3.051,,"",
"","100000008017010","NYS2","","",4.698,,"",
"","100000008017500","NYS2","","",10.242,,"",
"","100000008017806","NYS2","","",11.862,,"",
"","100000007968510","NYS2","","",0.18162,,"",
"","100000007967182","NYS2","","",0.639,,"",
"","100000007970433","NYS2","","",0.13833,,"",
"","100000007995155","NYS2","","",0.675,,"",
"","100000007967446","NYS2","","",0.17262,,"",
"","100000007967489","NYS2","","",0.1242,,"",
"","100000007966996","NYS2","","",0.33831,,"",
"","100000007967037","NYS2","","",0.38718,,"",
"","100000007967091","NYS2","","",0.28584,,"",
"","100000007967125","NYS2","","",0.24597,,"",
"","100000007967198","NYS2","","",0.36126,,"",
"","100000007968489","NYS2","","",0.25578,,"",
"","100000007968490","NYS2","","",0.23364,,"",
"","100000007968559","NYS2","","",0.16299,,"",
"","100000007968682","NYS2","","",0.28908,,"",
"","100000007968727","NYS2","","",0.36387,,"",
"","100000007968467","NYS2","","",0.16956,,"",
"","100000007968749","NYS2","","",0.23886,,"",
"","100000007968791","NYS2","","",0.54,,"",
"","100000007970195","NYS2","","",0.13617,,"",
"","100000007970409","NYS2","","",0.13725,,"",
"","100000007970481","NYS2","","",0.15867,,"",
"","100000007970170","NYS2","","",0.16713,,"",
"","100000007970239","NYS2","","",0.09792,,"",
"","100000007970145","NYS2","","",0.12159,,"",
"","100000007962835","NYS2","","",1.026,,"",
"","100000007964542","NYS2","","",0.35379,,"",
"","100000007963663","NYS2","","",0.43128,,"",
"","100000007963693","NYS2","","",0.87057,,"",
"","100000008008134","NYS2","","",2.016,,"",
"","100000007966997","NYS2","","",0.35838,,"",
"","100000007957618","NYS2","","",0.18369,,"",
"","100000007968240","NYS2","","",0.459,,"",
"","100000007968282","NYS2","","",0.495,,"",
"","100000007968348","NYS2","","",0.504,,"",
"","100000007968447","NYS2","","",0.24939,,"",
"","100000007970303","NYS2","","",0.15705,,"",
"","100000007970344","NYS2","","",0.23949,,"",
"","100000007955250","NYS2","","",0.08163,,"",
"","100000007965784","NYS2","","",0.19386,,"",
"","100000007985326","NYS2","","",0.27918,,"",
"","100000007985350","NYS2","","",0.22842,,"",
"","100000007958318","NYS2","","",4.239,,"",
"","100000007959025","NYS2","","",0.567,,"",
"","100000007958749","NYS2","","",0.558,,"",
"","100000007958800","NYS2","","",0.621,,"",
"","100000007957579","NYS2","","",0.27783,,"",
"","100000007958416","NYS2","","",0.20547,,"",
"","100000007959743","NYS2","","",0.33399,,"",
"","100000008010914","NYS2","","",5.553,,"",
"","100000008010077","NYS2","","",1.647,,"",
"","100000007962482","NYS2","","",1.359,,"",
"","100000007954532","NYS2","","",0.12951,,"",
"","100000007955264","NYS2","","",1.521,,"",
"","100000007994468","NYS2","","",1.719,,"",
"","100000007986840","NYS2","","",1.341,,"",
"","100000007958522","NYS2","","",0.783,,"",
"","100000007958622","NYS2","","",0.54,,"",
"","100000007958694","NYS2","","",0.522,,"",
"","100000007958376","NYS2","","",0.576,,"",
"","100000007958437","NYS2","","",1.476,,"",
"","100000008011329","NYS2","","",15.588,,"",
"","100000008011494","NYS2","","",1.638,,"",
"","100000008011770","NYS2","","",0.75843,,"",
"","100000008009716","NYS2","","",1.845,,"",
"","100000008009881","NYS2","","",1.161,,"",
"","100000008010905","NYS2","","",1.647,,"",
"","100000008010070","NYS2","","",1.701,,"",
"","100000008010314","NYS2","","",3.366,,"",
"","100000008010466","NYS2","","",1.611,,"",
"","100000008010685","NYS2","","",2.097,,"",
"","100000008010472","NYS2","","",2.007,,"",
"","100000008010837","NYS2","","",1.521,,"",
"","100000008009999","NYS2","","",2.268,,"",
"","100000007955326","NYS2","","",0.16335,,"",
"","100000007954981","NYS2","","",0.0918,,"",
"","100000007957585","NGC1","","",0.57,,"",
"","100000007957610","NGC1","","",0.66,,"",
"","100000007957631","NGC1","","",0.9,,"",
"","100000007963015","NGC1","","",1.32,,"",
"","100000007963694","NGC1","","",2.21,,"",
"","100000007963730","NGC1","","",2.38,,"",
"","100000007963771","NGC1","","",3.19,,"",
"","100000007974825","NGC1","","",13.84,,"",
"","100000007977776","NGC1","","",6.44,,"",
"","100000007977459","NGC1","","",7.33,,"",
"","100000007977588","NGC1","","",6.42,,"",
"","100000007978023","NGC1","","",32.6,,"",
"","100000007977892","NGC1","","",17.48,,"",
"","100000007978005","NGC1","","",19.3,,"",
"","100000007980215","NGC1","","",24.67,,"",
"","100000007918211","NGC1","","",15.87,,"",
"","100000007987812","NGC1","","",71.83,,"",
"","100000007987876","NGC1","","",44.3,,"",
"","100000007987926","NGC1","","",66.89,,"",
"","100000007989933","NGC1","","",27.8,,"",
"","100000007989947","NGC1","","",27.8,,"",
"","100000007989971","NGC1","","",61.96,,"",
"","100000007989930","NGC1","","",17.95,,"",
"","100000007992720","NGC1","","",11.63,,"",
"","100000007989007","NGC1","","",9.16,,"",
"","100000007992053","NGC1","","",3.43,,"",
"","100000007930023","NGC1","","",1.72,,"",
"","100000007932985","NGC1","","",1.69,,"",
"","100000007932998","NGC1","","",1.61,,"",
"","100000007933020","NGC1","","",1.32,,"",
"","100000007932932","NGC1","","",1.22,,"",
"","100000007932945","NGC1","","",0.99,,"",
"","100000007932880","NGC1","","",1.69,,"",
"","100000007932893","NGC1","","",1.94,,"",
"","100000007932913","NGC1","","",1.81,,"",
"","100000007932820","NGC1","","",1.65,,"",
"","100000007932839","NGC1","","",1.54,,"",
"","100000007932856","NGC1","","",1.54,,"",
"","100000007933534","NGC1","","",1.69,,"",
"","100000007931330","NGC1","","",2.23,,"",
"","100000007931346","NGC1","","",2.06,,"",
"","100000007931363","NGC1","","",2.34,,"",
"","100000007931298","NGC1","","",1.94,,"",
"","100000007931364","NGC1","","",1.94,,"",
"","100000007931278","NGC1","","",2.89,,"",
"","100000007931290","NGC1","","",3.19,,"",
"","100000007931310","NGC1","","",3.46,,"",
"","100000007919892","NGC1","","",0.297,,"",
"","100000007919746","NGC1","","",0.2635,,"",
"","100000007919836","NGC1","","",0.164,,"",
"","100000007919870","NGC1","","",0.1285,,"",
"","100000007918360","NGC1","","",1.83,,"",
"","100000007963057","NGC1","","",3.64,,"",
"","100000007963099","NGC1","","",6.12,,"",
"","100000007963138","NGC1","","",0.89,,"",
"","100000007963195","NGC1","","",1.43,,"",
"","100000007963237","NGC1","","",2.94,,"",
"","100000007962963","NGC1","","",4.15,,"",
"","100000007964756","NGC1","","",1.21,,"",
"","100000007963666","NGC1","","",2.85,,"",
"","100000007997142","NGC1","","",6.63,,"",
"","100000007977686","NGC1","","",5.96,,"",
"","100000008009101","NGC1","","",8.37,,"",
"","100000008008424","NGC1","","",8.37,,"",
"","100000008008616","NGC1","","",8.37,,"",
"","100000008008830","NGC1","","",8.37,,"",
"","100000008009029","NGC1","","",8.37,,"",
"","100000007989943","NGC1","","",18.3,,"",
"","100000007989968","NGC1","","",17.78,,"",
"","100000007989939","NGC1","","",8.82,,"",
"","100000007989961","NGC1","","",8.18,,"",
"","100000007989847","NGC1","","",15.77,,"",
"","100000007989899","NGC1","","",15.77,,"",
"","100000007989920","NGC1","","",15.68,,"",
"","100000007989932","NGC1","","",15.23,,"",
"","100000007989953","NGC1","","",12.17,,"",
"","100000007988743","NGC1","","",15.65,,"",
"","100000007988790","NGC1","","",15.84,,"",
"","100000007988982","NGC1","","",20.45,,"",
"","100000007989029","NGC1","","",10.14,,"",
"","100000007988983","NGC1","","",14.2,,"",
"","100000007989030","NGC1","","",6.9,,"",
"","100000007988744","NGC1","","",16.09,,"",
"","100000007929924","NGC1","","",1.3,,"",
"","100000007933472","NGC1","","",1.78,,"",
"","100000007932135","NGC1","","",0.241,,"",
"","100000007932167","NGC1","","",0.865,,"",
"","100000007932183","NGC1","","",0.865,,"",
"","100000007932217","NGC1","","",1.035,,"",
"","100000007932151","NGC1","","",0.6185,,"",
"","100000007934027","NGC1","","",1.11,,"",
"","100000007934042","NGC1","","",1.45,,"",
"","100000007926202","NGC1","","",0.2,,"",
"","100000007927069","NGC1","","",0.47,,"",
"","100000007927082","NGC1","","",0.31,,"",
"","100000007927101","NGC1","","",0.48,,"",
"","100000007927024","NGC1","","",0.48,,"",
"","100000007927042","NGC1","","",0.38,,"",
"","100000007927055","NGC1","","",0.21,,"",
"","100000007920762","NGC1","","",0.1995,,"",
"","100000007920815","NGC1","","",0.164,,"",
"","100000007920834","NGC1","","",0.1285,,"",
"","100000007920728","NGC1","","",0.549,,"",
"","100000007920748","NGC1","","",0.2065,,"",
"","100000007920764","NGC1","","",0.157,,"",
"","100000007918412","NGC1","","",1.34,,"",
"","100000007918335","NGC1","","",0.22,,"",
"","100000007918329","NGC1","","",0.287,,"",
"","100000007963703","NGC1","","",1.24,,"",
"","100000007963745","NGC1","","",1.38,,"",
"","100000007963769","NGC1","","",2.05,,"",
"","100000007963643","NGC1","","",1.53,,"",
"","100000007963674","NGC1","","",1.48,,"",
"","100000007963729","NGC1","","",1.25,,"",
"","100000007963770","NGC1","","",1.43,,"",
"","100000007963615","NGC1","","",1.93,,"",
"","100000007963692","NGC1","","",4.88,,"",
"","100000007963755","NGC1","","",2.18,,"",
"","100000007963614","NGC1","","",2.47,,"",
"","100000007963623","NGC1","","",2.12,,"",
"","100000007963652","NGC1","","",2.57,,"",
"","100000007964227","NGC1","","",2.49,,"",
"","100000007990150","NGC1","","",6.81,,"",
"","100000008009408","NGC1","","",5.41,,"",
"","100000007979361","NGC1","","",13.48,,"",
"","100000007979434","NGC1","","",13.48,,"",
"","100000007981494","NGC1","","",16,,"",
"","100000007985291","NGC1","","",22.57,,"",
"","100000007985316","NGC1","","",4.45,,"",
"","100000007985357","NGC1","","",4.25,,"",
"","100000007985283","NGC1","","",27.74,,"",
"","100000007928668","NGC1","","",1.71,,"",
"","100000007928698","NGC1","","",0.95,,"",
"","100000007988769","NGC1","","",25.52,,"",
"","100000007989558","NGC1","","",11.97,,"",
"","100000007989683","NGC1","","",15.11,,"",
"","100000007989734","NGC1","","",10.33,,"",
"","100000007989486","NGC1","","",13.15,,"",
"","100000007989581","NGC1","","",18.02,,"",
"","100000007989681","NGC1","","",11.66,,"",
"","100000007957376","NGC1","","",25.22,,"",
"","100000007957334","NGC1","","",12.3,,"",
"","100000007957366","NGC1","","",14.48,,"",
"","100000007957395","NGC1","","",15.69,,"",
"","100000007957270","NGC1","","",41.2,,"",
"","100000007957301","NGC1","","",15.75,,"",
"","100000007935558","NGC1","","",0.865,,"",
"","100000007935597","NGC1","","",0.707,,"",
"","100000007935490","NGC1","","",0.31,,"",
"","100000007935507","NGC1","","",0.707,,"",
"","100000007935529","NGC1","","",0.31,,"",
"","100000007935598","NGC1","","",0.477,,"",
"","100000007935491","NGC1","","",0.474,,"",
"","100000007935549","NGC1","","",0.496,,"",
"","100000007933424","NGC1","","",1.51,,"",
"","100000007933454","NGC1","","",1.05,,"",
"","100000007917295","NGC1","","",1.33,,"",
"","100000007917320","NGC1","","",1.6,,"",
"","100000007917347","NGC1","","",1.35,,"",
"","100000007917283","NGC1","","",1.35,,"",
"","100000007917335","NGC1","","",1.38,,"",
"","100000007934067","NGC1","","",1.45,,"",
"","100000007933982","NGC1","","",0.77,,"",
"","100000007934020","NGC1","","",0.77,,"",
"","100000007934060","NGC1","","",1,,"",
"","100000007927075","NGC1","","",0.44,,"",
"","100000007927088","NGC1","","",0.46,,"",
"","100000007927025","NGC1","","",0.44,,"",
"","100000007927039","NGC1","","",0.53,,"",
"","100000007927056","NGC1","","",0.53,,"",
"","100000007927194","NGC1","","",0.46,,"",
"","100000007927175","NGC1","","",0.35,,"",
"","100000007928601","NGC1","","",13.25,,"",
"","100000007928564","NGC1","","",2.7,,"",
"","100000007963644","NGC1","","",6.51,,"",
"","100000007991426","NGC1","","",18.01,,"",
"","100000007990278","NGC1","","",7.13,,"",
"","100000007989978","NGC1","","",11.14,,"",
"","100000007990151","NGC1","","",6.29,,"",
"","100000007990236","NGC1","","",4.43,,"",
"","100000007990279","NGC1","","",14.92,,"",
"","100000007989999","NGC1","","",27.71,,"",
"","100000007990019","NGC1","","",22.34,,"",
"","100000007990768","NGC1","","",7.99,,"",
"","100000007990816","NGC1","","",9.36,,"",
"","100000007960054","NGC1","","",1.06,,"",
"","100000007959885","NGC1","","",1.73,,"",
"","100000007959923","NGC1","","",3.05,,"",
"","100000007959959","NGC1","","",4.82,,"",
"","100000007960010","NGC1","","",4.2,,"",
"","100000007985307","NGC1","","",29.95,,"",
"","100000007985325","NGC1","","",6.94,,"",
"","100000007985349","NGC1","","",8.75,,"",
"","100000007984936","NGC1","","",22.69,,"",
"","100000007985018","NGC1","","",4.15,,"",
"","100000007985260","NGC1","","",4.25,,"",
"","100000007985047","NGC1","","",6.21,,"",
"","100000007985233","NGC1","","",7.87,,"",
"","100000007928766","NGC1","","",1.85,,"",
"","100000007928635","NGC1","","",1.85,,"",
"","100000007928706","NGC1","","",2.04,,"",
"","100000007928733","NGC1","","",2.14,,"",
"","100000007928777","NGC1","","",1.19,,"",
"","100000007928707","NGC1","","",2.52,,"",
"","100000007928969","NGC1","","",2.85,,"",
"","100000007989760","NGC1","","",5.39,,"",
"","100000008009452","NGC1","","",11.33,,"",
"","100000008009628","NGC1","","",9.07,,"",
"","100000008008682","NGC1","","",16.34,,"",
"","100000008008877","NGC1","","",17.61,,"",
"","100000008009175","NGC1","","",27.91,,"",
"","100000007957321","NGC1","","",19.69,,"",
"","100000007957350","NGC1","","",20.5,,"",
"","100000007957374","NGC1","","",15.58,,"",
"","100000007957396","NGC1","","",16.52,,"",
"","100000007957281","NGC1","","",19.03,,"",
"","100000007957273","NGC1","","",26.71,,"",
"","100000007957293","NGC1","","",30.4,,"",
"","100000007957347","NGC1","","",15.15,,"",
"","100000007957387","NGC1","","",8.64,,"",
"","100000007935592","NGC1","","",0.496,,"",
"","100000007941099","NGC1","","",500.45,,"",
"","100000007940933","NGC1","","",18.3,,"",
"","100000007935393","NGC1","","",0.157,,"",
"","100000007935419","NGC1","","",0.157,,"",
"","100000007936054","NGC1","","",18.51,,"",
"","100000007917267","NGC1","","",1.6,,"",
"","100000007917326","NGC1","","",2.89,,"",
"","100000007918033","NGC1","","",0.084,,"",
"","100000007917908","NGC1","","",0.129,,"",
"","100000007934483","NGC1","","",0.257,,"",
"","100000007927293","NGC1","","",0.18,,"",
"","100000007934406","NGC1","","",0.601,,"",
"","100000007934449","NGC1","","",0.477,,"",
"","100000007934352","NGC1","","",0.474,,"",
"","100000007934398","NGC1","","",0.488,,"",
"","100000007928153","NGC1","","",0.66,,"",
"","100000007928173","NGC1","","",1.25,,"",
"","100000007928197","NGC1","","",1.5,,"",
"","100000007928217","NGC1","","",2.32,,"",
"","100000007928116","NGC1","","",2.46,,"",
"","100000007921059","NGC1","","",35.4,,"",
"","100000007990298","NGC1","","",12.65,,"",
"","100000007989997","NGC1","","",13,,"",
"","100000007990065","NGC1","","",12.57,,"",
"","100000007990112","NGC1","","",17.88,,"",
"","100000007990171","NGC1","","",16.62,,"",
"","100000007990890","NGC1","","",10.92,,"",
"","100000007990680","NGC1","","",16.87,,"",
"","100000007990769","NGC1","","",7.37,,"",
"","100000007990940","NGC1","","",10.24,,"",
"","100000007965973","NGC1","","",14.13,,"",
"","100000007966037","NGC1","","",16.87,,"",
"","100000007965905","NGC1","","",16.7,,"",
"","100000007965688","NGC1","","",10.48,,"",
"","100000007965853","NGC1","","",9.6,,"",
"","100000007965690","NGC1","","",1.72,,"",
"","100000007965856","NGC1","","",2.16,,"",
"","100000007960042","NGC1","","",0.57,,"",
"","100000007959850","NGC1","","",0.86,,"",
"","100000007959886","NGC1","","",1.47,,"",
"","100000007959908","NGC1","","",2.16,,"",
"","100000007959974","NGC1","","",5.8,,"",
"","100000007960055","NGC1","","",0.63,,"",
"","100000007959876","NGC1","","",1.11,,"",
"","100000007959913","NGC1","","",1.72,,"",
"","100000007959946","NGC1","","",3.06,,"",
"","100000007959837","NGC1","","",0.92,,"",
"","100000007986594","NGC1","","",10.39,,"",
"","100000007986652","NGC1","","",10.61,,"",
"","100000007986730","NGC1","","",13.74,,"",
"","100000007986783","NGC1","","",14.78,,"",
"","100000007986499","NGC1","","",14.76,,"",
"","100000007960775","NGC1","","",2.02,,"",
"","100000007961864","NGC1","","",1.15,,"",
"","100000007961569","NGC1","","",1.46,,"",
"","100000007961614","NGC1","","",1.7,,"",
"","100000007928982","NGC1","","",2.93,,"",
"","100000007928986","NGC1","","",2.93,,"",
"","100000007929001","NGC1","","",2.96,,"",
"","100000007929019","NGC1","","",2.96,,"",
"","100000007929033","NGC1","","",3,,"",
"","100000007928946","NGC1","","",3,,"",
"","100000007928961","NGC1","","",3.07,,"",
"","100000007928980","NGC1","","",3.39,,"",
"","100000007928995","NGC1","","",3.84,,"",
"","100000007929013","NGC1","","",3.84,,"",
"","100000008003428","NGC1","","",10.2,,"",
"","100000008003667","NGC1","","",9.76,,"",
"","100000008002957","NGC1","","",12.52,,"",
"","100000008009362","NGC1","","",19.3,,"",
"","100000008009629","NGC1","","",34.19,,"",
"","100000008008326","NGC1","","",2.55,,"",
"","100000008008805","NGC1","","",2.55,,"",
"","100000008008522","NGC1","","",3.31,,"",
"","100000008008614","NGC1","","",12.74,,"",
"","100000008007692","NGC1","","",16.22,,"",
"","100000008007434","NGC1","","",13.9,,"",
"","100000007957258","NGC1","","",10.05,,"",
"","100000007957294","NGC1","","",11.69,,"",
"","100000007957339","NGC1","","",9.47,,"",
"","100000007957185","NGC1","","",10.18,,"",
"","100000007957211","NGC1","","",13.51,,"",
"","100000007957255","NGC1","","",11.36,,"",
"","100000008007446","NGC1","","",0.99,,"",
"","100000008007622","NGC1","","",0.99,,"",
"","100000007917952","NGC1","","",0.232,,"",
"","100000007917980","NGC1","","",0.211,,"",
"","100000007934345","NGC1","","",0.496,,"",
"","100000007934244","NGC1","","",0.488,,"",
"","100000007934215","NGC1","","",1.6,,"",
"","100000007934222","NGC1","","",0.216,,"",
"","100000007928133","NGC1","","",3.59,,"",
"","100000007928154","NGC1","","",4.62,,"",
"","100000007934699","NGC1","","",2,,"",
"","100000007929116","NGC1","","",54.15,,"",
"","100000007990299","NGC1","","",11.66,,"",
"","100000007990041","NGC1","","",5.41,,"",
"","100000007998216","NGC1","","",0.56,,"",
"","100000007997121","NGC1","","",0.63,,"",
"","100000007965431","NGC1","","",13.15,,"",
"","100000007959877","NGC1","","",1.45,,"",
"","100000007962121","NGC1","","",1.64,,"",
"","100000007962192","NGC1","","",3.32,,"",
"","100000007961882","NGC1","","",2.62,,"",
"","100000007967368","NGC1","","",4.4,,"",
"","100000007967236","NGC1","","",4.13,,"",
"","100000007961683","NGC1","","",2.15,,"",
"","100000007961496","NGC1","","",1.61,,"",
"","100000007961136","NGC1","","",1.82,,"",
"","100000007961214","NGC1","","",2.36,,"",
"","100000007961272","NGC1","","",2.67,,"",
"","100000007961243","NGC1","","",2.14,,"",
"","100000007961327","NGC1","","",2.63,,"",
"","100000007961384","NGC1","","",3.07,,"",
"","100000007961469","NGC1","","",4.45,,"",
"","100000007929312","NGC1","","",0.69,,"",
"","100000007929326","NGC1","","",0.88,,"",
"","100000007929333","NGC1","","",1.25,,"",
"","100000007929313","NGC1","","",1.91,,"",
"","100000007929415","NGC1","","",1.6,,"",
"","100000007929348","NGC1","","",1.64,,"",
"","100000007930053","NGC1","","",1.7,,"",
"","100000007930119","NGC1","","",1.77,,"",
"","100000007930166","NGC1","","",1.83,,"",
"","100000008003348","NGC1","","",6.45,,"",
"","100000008003585","NGC1","","",55.15,,"",
"","100000008003748","NGC1","","",7.22,,"",
"","100000008002742","NGC1","","",71.15,,"",
"","100000008002886","NGC1","","",9.69,,"",
"","100000008003106","NGC1","","",7.72,,"",
"","100000008007613","NGC1","","",4.71,,"",
"","100000008008010","NGC1","","",7.15,,"",
"","100000008007178","NGC1","","",4.88,,"",
"","100000008006938","NGC1","","",2.21,,"",
"","100000007929805","NGC1","","",1.25,,"",
"","100000007929828","NGC1","","",1.08,,"",
"","100000007929863","NGC1","","",1.71,,"",
"","100000007929786","NGC1","","",1.48,,"",
"","100000007929821","NGC1","","",1.46,,"",
"","100000007934258","NGC1","","",2.7,,"",
"","100000007934282","NGC1","","",2.45,,"",
"","100000007935054","NGC1","","",0.57,,"",
"","100000007934928","NGC1","","",0.498,,"",
"","100000007934943","NGC1","","",0.623,,"",
"","100000007928735","NGC1","","",1.19,,"",
"","100000007928759","NGC1","","",2.59,,"",
"","100000007928786","NGC1","","",1.22,,"",
"","100000007928699","NGC1","","",1.54,,"",
"","100000007928748","NGC1","","",1.57,,"",
"","100000007928657","NGC1","","",1.24,,"",
"","100000007928676","NGC1","","",1.26,,"",
"","100000007928705","NGC1","","",1.26,,"",
"","100000007928723","NGC1","","",1.31,,"",
"","100000007928757","NGC1","","",0.95,,"",
"","100000007974458","NGC1","","",6.07,,"",
"","100000007974308","NGC1","","",9.25,,"",
"","100000007961113","NGC1","","",4.09,,"",
"","100000007961189","NGC1","","",4.78,,"",
"","100000007961244","NGC1","","",6.07,,"",
"","100000007963437","NGC1","","",1.56,,"",
"","100000007963574","NGC1","","",2.4,,"",
"","100000007930070","NGC1","","",2.09,,"",
"","100000007930183","NGC1","","",2.28,,"",
"","100000007930105","NGC1","","",2.42,,"",
"","100000007930092","NGC1","","",2.83,,"",
"","100000007930157","NGC1","","",1.53,,"",
"","100000008004989","NGC1","","",139.13,,"",
"","100000008004560","NGC1","","",471.73,,"",
"","100000007929822","NGC1","","",1.71,,"",
"","100000007929853","NGC1","","",1.48,,"",
"","100000007929885","NGC1","","",1.46,,"",
"","100000007934966","NGC1","","",0.498,,"",
"","100000007934850","NGC1","","",0.499,,"",
"","100000007934867","NGC1","","",0.499,,"",
"","100000007934933","NGC1","","",0.344,,"",
"","100000007934951","NGC1","","",0.483,,"",
"","100000007934975","NGC1","","",0.483,,"",
"","100000007918128","NGC1","","",0.161,,"",
"","100000007928646","NGC1","","",1.71,,"",
"","100000007929594","NGC1","","",23.7,,"",
"","100000007957677","NGC1","","",0.16,,"",
"","100000007957692","NGC1","","",0.19,,"",
"","100000007974480","NGC1","","",15.3,,"",
"","100000007974168","NGC1","","",2.65,,"",
"","100000007977754","NGC1","","",5.79,,"",
"","100000007977484","NGC1","","",4.53,,"",
"","100000007968242","NGC1","","",64.9,,"",
"","100000007968402","NGC1","","",36.14,,"",
"","100000007919005","NGC1","","",34.34,,"",
"","100000007918923","NGC1","","",95.86,,"",
"","100000008005361","NGC1","","",31.63,,"",
"","100000008003988","NGC1","","",8.24,,"",
"","100000007992492","NGC1","","",11.15,,"",
"","100000007991936","NGC1","","",11.34,,"",
"","100000007991563","NGC1","","",4.7,,"",
"","100000007991658","NGC1","","",4.7,,"",
"","100000007989520","NGC1","","",6.05,,"",
"","100000007989158","NGC1","","",13.45,,"",
"","100000007989266","NGC1","","",12.03,,"",
"","100000007933056","NGC1","","",0.52,,"",
"","100000007933097","NGC1","","",0.78,,"",
"","100000007932731","NGC1","","",1.91,,"",
"","100000007932827","NGC1","","",1.69,,"",
"","100000007930205","NGC1","","",0.1115,,"",
"","100000007930211","NGC1","","",0.12,,"",
"","100000007930274","NGC1","","",0.114,,"",
"","100000007918146","NGC1","","",0.229,,"",
"","100000007918121","NGC1","","",0.137,,"",
"","100000007918106","NGC1","","",0.263,,"",
"","100000007918129","NGC1","","",0.355,,"",
"","100000007929607","NGC1","","",0.58,,"",
"","100000007929621","NGC1","","",0.53,,"",
"","100000007929569","NGC1","","",0.66,,"",
"","100000007929590","NGC1","","",0.52,,"",
"","100000007929446","NGC1","","",1.29,,"",
"","100000007929413","NGC1","","",1,,"",
"","100000007929319","NGC1","","",1.12,,"",
"","100000007983412","FOS1","","",0.073363787,,"",
"","100000007956979","FHS1","","",9.8491,,"",
"","100000007956980","FHS1","","",57.1428,,"",
"","100000007956993","FHS1","","",264.4206,,"",
"","100000007957020","FHS1","","",157.8351,,"",
"","100000007954954","FHS1","","",0.694,,"",
"","100000007954969","FHS1","","",0.7491,,"",
"","100000007957044","FHS1","","",518.8679,,"",
"","100000007994078","FOS1","","",0.187257486,,"",
"","100000007934653","FHS1","","",92.3585,,"",
"","100000007934686","FHS1","","",105.1858,,"",
"","100000007988693","FOS1","","",0.908902582,,"",
"","100000007983641","FOS1","","",0.211004679,,"",
"","100000007994703","FOS1","","",2.949866562,,"",
"","100000007994791","FOS1","","",2.847054474,,"",
"","100000007982372","FOS1","","",0.179208518,,"",
"","100000007955354","FHS1","","",21.6509,,"",
"","100000007954993","FHS1","","",0.7362,,"",
"","100000007955041","FHS1","","",0.7642,,"",
"","100000007954950","FHS1","","",0.8715,,"",
"","100000007953984","FHS1","","",2.0989,,"",
"","100000007934621","FHS1","","",173.3183,,"",
"","100000007934680","FHS1","","",263.7625,,"",
"","100000007934585","FHS1","","",346.6602,,"",
"","100000007986379","FOS1","","",1.321680857,,"",
"","100000007988548","FOS1","","",0.329762192,,"",
"","100000007988720","FOS1","","",0.247008944,,"",
"","100000007988547","FOS1","","",0.308083424,,"",
"","100000007988609","FOS1","","",0.319901376,,"",
"","100000007988716","FOS1","","",0.32181318,,"",
"","100000007987454","FOS1","","",0.118965417,,"",
"","100000007988101","FOS1","","",2.241410835,,"",
"","100000007988175","FOS1","","",2.512117675,,"",
"","100000007988287","FOS1","","",2.746179332,,"",
"","100000007984763","FOS1","","",0.031899614,,"",
"","100000007984818","FOS1","","",0.082705946,,"",
"","100000007984527","FOS1","","",0.059994443,,"",
"","100000007982212","FOS1","","",0.152531599,,"",
"","100000007982233","FOS1","","",0.214610611,,"",
"","100000007982292","FOS1","","",0.043548507,,"",
"","100000007982352","FOS1","","",0.049860864,,"",
"","100000007982213","FOS1","","",0.030368932,,"",
"","100000007982234","FOS1","","",0.027729461,,"",
"","100000007982236","FOS1","","",0.060160606,,"",
"","100000007955259","FHS1","","",0.3357,,"",
"","100000007955279","FHS1","","",0.5972,,"",
"","100000007955187","FHS1","","",0.8144,,"",
"","100000007956893","FHS1","","",13.6053,,"",
"","100000007957260","FHS1","","",90.9472,,"",
"","100000007954926","FHS1","","",0.7345,,"",
"","100000007954813","FHS1","","",0.7345,,"",
"","100000007954927","FHS1","","",0.7345,,"",
"","100000007955870","FHS1","","",94.3396,,"",
"","100000007937012","FHS1","","",17.5117,,"",
"","100000007936893","FHS1","","",5.9104,,"",
"","100000007936912","FHS1","","",53.6975,,"",
"","100000007934701","FHS1","","",197.9821,,"",
"","100000007936630","FHS1","","",87.1223,,"",
"","100000007936599","FHS1","","",58.3381,,"",
"","100000007936542","FHS1","","",32.7502,,"",
"","100000007986187","FOS1","","",0.181497785,,"",
"","100000007986344","FOS1","","",0.188970428,,"",
"","100000007986397","FOS1","","",0.16747312,,"",
"","100000007986072","FOS1","","",0.260374567,,"",
"","100000007988276","FOS1","","",0.288208081,,"",
"","100000007988320","FOS1","","",0.331617579,,"",
"","100000007988010","FOS1","","",0.285332599,,"",
"","100000007987613","FOS1","","",1.302728098,,"",
"","100000007987681","FOS1","","",1.72570088,,"",
"","100000007987793","FOS1","","",1.745036504,,"",
"","100000007985996","FOS1","","",0.142830816,,"",
"","100000007986057","FOS1","","",0.086040213,,"",
"","100000007957515","FHS1","","",441.7975,,"",
"","100000007957531","FHS1","","",49.8583,,"",
"","100000007955866","FHS1","","",12.8655,,"",
"","100000007955734","FHS1","","",1050.0779,,"",
"","100000007955743","FHS1","","",9.7358,,"",
"","100000007955736","FHS1","","",770.11,,"",
"","100000007955763","FHS1","","",6.8534,,"",
"","100000007955000","FHS1","","",0.3613,,"",
"","100000007955014","FHS1","","",0.4296,,"",
"","100000007955035","FHS1","","",0.5811,,"",
"","100000007954934","FHS1","","",0.4674,,"",
"","100000007957295","FHS1","","",87.2642,,"",
"","100000007954854","FHS1","","",2.0377,,"",
"","100000007936938","FHS1","","",9.8098,,"",
"","100000007931267","FHS1","","",0.2442,,"",
"","100000007931318","FHS1","","",0.2915,,"",
"","100000007990640","FOS1","","",0.958924555,,"",
"","100000007992722","FOS1","","",0.531818075,,"",
"","100000007992755","FOS1","","",0.290683338,,"",
"","100000007992522","FOS1","","",0.347171678,,"",
"","100000007957411","FHS1","","",5.4251,,"",
"","100000007957424","FHS1","","",101.1962,,"",
"","100000007953964","FHS1","","",2.0989,,"",
"","100000007955772","FHS1","","",7.7592,,"",
"","100000007982295","FOS1","","",0.025658159,,"",
"","100000007982329","FOS1","","",0.019791779,,"",
"","100000007982363","FOS1","","",0.053362941,,"",
"","100000007982223","FOS1","","",0.066227887,,"",
"","100000007982248","FOS1","","",0.058466452,,"",
"","100000007984267","FOS1","","",0.06724619,,"",
"","100000007984338","FOS1","","",0.074260972,,"",
"","100000007984385","FOS1","","",0.091848878,,"",
"","100000007931350","FHS1","","",0.3774,,"",
"","100000007931280","FHS1","","",0.2836,,"",
"","100000007931313","FHS1","","",0.5081,,"",
"","100000007991564","FOS1","","",0.372808735,,"",
"","100000007991660","FOS1","","",0.360716756,,"",
"","100000007991819","FOS1","","",0.451091198,,"",
"","100000007988935","FOS1","","",0.07913534,,"",
"","100000007989050","FOS1","","",0.078471843,,"",
"","100000007989628","FOS1","","",0.069089339,,"",
"","100000007953954","FHS1","","",2.0989,,"",
"","100000007957182","FHS1","","",9.6419,,"",
"","100000007956907","FHS1","","",7.7025,,"",
"","100000007956923","FHS1","","",5.6875,,"",
"","100000007956489","FHS1","","",30.0126,,"",
"","100000007956384","FHS1","","",10.2155,,"",
"","100000007955907","FHS1","","",26.5194,,"",
"","100000007955957","FHS1","","",22.0755,,"",
"","100000007984443","FOS1","","",0.119591594,,"",
"","100000007984245","FOS1","","",0.0322796,,"",
"","100000007984312","FOS1","","",0.030448496,,"",
"","100000007993852","FOS1","","",1.802179632,,"",
"","100000007994490","FOS1","","",15.35412381,,"",
"","100000007994254","FOS1","","",4.952783462,,"",
"","100000007957217","FHS1","","",194.823,,"",
"","100000007957117","FHS1","","",7.2062,,"",
"","100000007956827","FHS1","","",8.6051,,"",
"","100000007989731","FOS1","","",0.149524632,,"",
"","100000007933224","FHS1","","",0.856,,"",
"","100000007995155","FOS1","","",0.482305244,,"",
"","100000007994468","FOS1","","",1.064590101,,"",
"","100000007954460","FHS1","","",0.7345,,"",
"","100000007956447","FHS1","","",6.6113,,"",
"","100000007956457","FHS1","","",29.4775,,"",
"","100000007957480","FHS1","","",15.526,,"",
"","100000007957524","FHS1","","",16.3962,,"",
"","100000007957442","FHS1","","",84.4558,,"",
"","100000007986036","FOS1","","",0.545980454,,"",
"","100000007933238","FHS1","","",0.6847,,"",
"","100000007933257","FHS1","","",0.7991,,"",
"","100000007933164","FHS1","","",0.6275,,"",
"","100000007983158","FOS1","","",0.027446359,,"",
"","100000007983138","FOS1","","",0.027853585,,"",
"","100000007984029","FOS1","","",0.038572265,,"",
"","100000007984082","FOS1","","",0.03416271,,"",
"","100000007917328","NAT1","","",4.5665,,"",
"","100000007924468","NAT1","","",0.2451,,"",
"","100000007924312","NAT1","","",0.2872,,"",
"","100000007929039","NAT1","","",1.8861,,"",
"","100000007928972","NAT1","","",1.223,,"",
"","100000007928988","NAT1","","",1.2203,,"",
"","100000007923261","NAT1","","",0.9148,,"",
"","100000007924101","NAT1","","",1.1323,,"",
"","100000007924144","NAT1","","",1.5284,,"",
"","100000007924085","NAT1","","",1.4448,,"",
"","100000007933460","NAT1","","",0.229,,"",
"","100000007933480","NAT1","","",0.1368,,"",
"","100000007922224","NAT1","","",0.8207,,"",
"","100000007920743","NAT1","","",3.0974,,"",
"","100000007920783","NAT1","","",3.1546,,"",
"","100000007920822","NAT1","","",3.5723,,"",
"","100000007935563","NAT1","","",0.253,,"",
"","100000007935181","NAT1","","",0.1182,,"",
"","100000007935210","NAT1","","",0.1579,,"",
"","100000007945546","NAT1","","",101.5803,,"",
"","100000007946824","NAT1","","",11.3817,,"",
"","100000007956728","NAT1","","",4.0967,,"",
"","100000007956755","NAT1","","",5.0943,,"",
"","100000007956771","NAT1","","",8.0397,,"",
"","100000007956797","NAT1","","",6.5797,,"",
"","100000007956815","NAT1","","",6.0044,,"",
"","100000007956704","NAT1","","",8.9716,,"",
"","100000007956743","NAT1","","",4.6761,,"",
"","100000007954720","NAT1","","",858.298,,"",
"","100000007954657","NAT1","","",48.141,,"",
"","100000007942797","NAT1","","",8.0273,,"",
"","100000007942832","NAT1","","",2.6696,,"",
"","100000007942882","NAT1","","",5.7824,,"",
"","100000007944179","NAT1","","",7.8903,,"",
"","100000007918655","NAT1","","",1.4762,,"",
"","100000007926768","NAT1","","",1.249,,"",
"","100000007926760","NAT1","","",1.7545,,"",
"","100000007917303","NAT1","","",1.1215,,"",
"","100000007917384","NAT1","","",1.272,,"",
"","100000007924419","NAT1","","",0.2165,,"",
"","100000007924453","NAT1","","",0.2122,,"",
"","100000007924306","NAT1","","",0.178,,"",
"","100000007924325","NAT1","","",0.1952,,"",
"","100000007925531","NAT1","","",0.1384,,"",
"","100000007925547","NAT1","","",0.7313,,"",
"","100000007925571","NAT1","","",0.7818,,"",
"","100000007925587","NAT1","","",0.4049,,"",
"","100000007925614","NAT1","","",0.5963,,"",
"","100000007924133","NAT1","","",1.7217,,"",
"","100000007924326","NAT1","","",0.2466,,"",
"","100000007933440","NAT1","","",0.1216,,"",
"","100000007928948","NAT1","","",1.2304,,"",
"","100000007929002","NAT1","","",1.228,,"",
"","100000007928952","NAT1","","",1.0195,,"",
"","100000007922256","NAT1","","",0.9703,,"",
"","100000007922228","NAT1","","",1.3604,,"",
"","100000007933472","NAT1","","",1.4051,,"",
"","100000007946886","NAT1","","",43.7233,,"",
"","100000007946831","NAT1","","",9.9493,,"",
"","100000007956787","NAT1","","",5.2218,,"",
"","100000007956806","NAT1","","",5.1594,,"",
"","100000007945536","NAT1","","",231.1575,,"",
"","100000007945616","NAT1","","",905.3189,,"",
"","100000007954712","NAT1","","",128.7287,,"",
"","100000007957293","NAT1","","",21.7347,,"",
"","100000007957305","NAT1","","",27.9615,,"",
"","100000007944074","NAT1","","",8.9861,,"",
"","100000007944089","NAT1","","",8.7389,,"",
"","100000007944059","NAT1","","",3.3385,,"",
"","100000007918717","NAT1","","",1.3846,,"",
"","100000007918647","NAT1","","",1.1234,,"",
"","100000007918664","NAT1","","",0.9037,,"",
"","100000007917353","NAT1","","",1.744,,"",
"","100000007925520","NAT1","","",0.8787,,"",
"","100000007925581","NAT1","","",0.6857,,"",
"","100000007925512","NAT1","","",0.4495,,"",
"","100000007929746","NAT1","","",0.9511,,"",
"","100000007929760","NAT1","","",1.0141,,"",
"","100000007929781","NAT1","","",1.0085,,"",
"","100000007929720","NAT1","","",0.4811,,"",
"","100000007929737","NAT1","","",0.6978,,"",
"","100000007929754","NAT1","","",0.6875,,"",
"","100000007929773","NAT1","","",1.8646,,"",
"","100000007924345","NAT1","","",0.0802,,"",
"","100000007924374","NAT1","","",0.112,,"",
"","100000007924397","NAT1","","",0.1009,,"",
"","100000007924437","NAT1","","",0.105,,"",
"","100000007924458","NAT1","","",0.2121,,"",
"","100000007924365","NAT1","","",0.1812,,"",
"","100000007924384","NAT1","","",0.2194,,"",
"","100000007928993","NAT1","","",1.0859,,"",
"","100000007929023","NAT1","","",1.0875,,"",
"","100000007928967","NAT1","","",1.0911,,"",
"","100000007924057","NAT1","","",1.8125,,"",
"","100000007933424","NAT1","","",0.9848,,"",
"","100000007933454","NAT1","","",0.5189,,"",
"","100000007933477","NAT1","","",2.9183,,"",
"","100000007945560","NAT1","","",26.3558,,"",
"","100000007945585","NAT1","","",11.9871,,"",
"","100000007945601","NAT1","","",11.9282,,"",
"","100000007945634","NAT1","","",32.9383,,"",
"","100000007957347","NAT1","","",6.6027,,"",
"","100000007957387","NAT1","","",7.1833,,"",
"","100000007957258","NAT1","","",7.8435,,"",
"","100000007957294","NAT1","","",11.2459,,"",
"","100000007957314","NAT1","","",9.1613,,"",
"","100000007957339","NAT1","","",8.6281,,"",
"","100000007957185","NAT1","","",11.5799,,"",
"","100000007957211","NAT1","","",14.8531,,"",
"","100000007944951","NAT1","","",1.7958,,"",
"","100000007945561","NAT1","","",29.3448,,"",
"","100000007918734","NAT1","","",64.5002,,"",
"","100000007927969","NAT1","","",0.6097,,"",
"","100000007927860","NAT1","","",4.4033,,"",
"","100000007927876","NAT1","","",0.2195,,"",
"","100000007927918","NAT1","","",0.5158,,"",
"","100000007927942","NAT1","","",5.5302,,"",
"","100000007917295","NAT1","","",2.3662,,"",
"","100000007917320","NAT1","","",2.9775,,"",
"","100000007925301","NAT1","","",0.3752,,"",
"","100000007925336","NAT1","","",0.1882,,"",
"","100000007925256","NAT1","","",0.3126,,"",
"","100000007925270","NAT1","","",0.2959,,"",
"","100000007929000","NAT1","","",1.1078,,"",
"","100000007929024","NAT1","","",0.7735,,"",
"","100000007929684","NAT1","","",1.1744,,"",
"","100000007929721","NAT1","","",0.812,,"",
"","100000007924097","NAT1","","",0.8237,,"",
"","100000007924122","NAT1","","",0.8333,,"",
"","100000007924065","NAT1","","",1.0007,,"",
"","100000007933490","NAT1","","",2.5621,,"",
"","100000007933401","NAT1","","",2.8562,,"",
"","100000007933391","NAT1","","",1.7677,,"",
"","100000007923095","NAT1","","",0.498,,"",
"","100000007948691","NAT1","","",74.0658,,"",
"","100000007957229","NAT1","","",16.5542,,"",
"","100000007957255","NAT1","","",12.9937,,"",
"","100000007957128","NAT1","","",13.5316,,"",
"","100000007957131","NAT1","","",11.4702,,"",
"","100000007957149","NAT1","","",15.9285,,"",
"","100000007957177","NAT1","","",12.4188,,"",
"","100000007957197","NAT1","","",13.2612,,"",
"","100000007957223","NAT1","","",27.6812,,"",
"","100000007945799","NAT1","","",13.2894,,"",
"","100000007919914","NAT1","","",0.2498,,"",
"","100000007927844","NAT1","","",2.5693,,"",
"","100000007927861","NAT1","","",2.6312,,"",
"","100000007927887","NAT1","","",2.6283,,"",
"","100000007927906","NAT1","","",4.5943,,"",
"","100000007927772","NAT1","","",4.013,,"",
"","100000007927814","NAT1","","",2.0415,,"",
"","100000007918112","NAT1","","",0.0681,,"",
"","100000007926743","NAT1","","",0.9045,,"",
"","100000007926767","NAT1","","",1.7142,,"",
"","100000007917347","NAT1","","",1.2279,,"",
"","100000007917370","NAT1","","",1.2009,,"",
"","100000007917389","NAT1","","",1.0623,,"",
"","100000007917283","NAT1","","",0.8037,,"",
"","100000007917335","NAT1","","",1.2335,,"",
"","100000007917356","NAT1","","",1.4489,,"",
"","100000007917371","NAT1","","",2.6027,,"",
"","100000007917267","NAT1","","",1.4768,,"",
"","100000007926394","NAT1","","",0.4143,,"",
"","100000007926525","NAT1","","",0.4188,,"",
"","100000007929733","NAT1","","",0.777,,"",
"","100000007929748","NAT1","","",0.7741,,"",
"","100000007929768","NAT1","","",0.9731,,"",
"","100000007924123","NAT1","","",1.5597,,"",
"","100000007925279","NAT1","","",0.1166,,"",
"","100000007925292","NAT1","","",0.1936,,"",
"","100000007925315","NAT1","","",0.3421,,"",
"","100000007925330","NAT1","","",0.319,,"",
"","100000007928839","NAT1","","",2.1844,,"",
"","100000007928874","NAT1","","",2.2007,,"",
"","100000007928890","NAT1","","",0.8256,,"",
"","100000007928812","NAT1","","",2.221,,"",
"","100000007928854","NAT1","","",2.2332,,"",
"","100000007928866","NAT1","","",0.9022,,"",
"","100000007923012","NAT1","","",1.4266,,"",
"","100000007933641","NAT1","","",1.4001,,"",
"","100000007919892","NAT1","","",0.1743,,"",
"","100000007927773","NAT1","","",5.7423,,"",
"","100000007927821","NAT1","","",20.2076,,"",
"","100000007927540","NAT1","","",0.9041,,"",
"","100000007927487","NAT1","","",0.857,,"",
"","100000007918148","NAT1","","",2.2415,,"",
"","100000007929677","NAT1","","",0.8916,,"",
"","100000007929697","NAT1","","",0.8593,,"",
"","100000007929710","NAT1","","",0.8625,,"",
"","100000007929734","NAT1","","",0.862,,"",
"","100000007917284","NAT1","","",4.0736,,"",
"","100000007917308","NAT1","","",1.4678,,"",
"","100000007917326","NAT1","","",1.4651,,"",
"","100000007925343","NAT1","","",0.5292,,"",
"","100000007925316","NAT1","","",0.1828,,"",
"","100000007925354","NAT1","","",0.3175,,"",
"","100000007925258","NAT1","","",0.2409,,"",
"","100000007925271","NAT1","","",0.3803,,"",
"","100000007928934","NAT1","","",2.2972,,"",
"","100000007928813","NAT1","","",0.9961,,"",
"","100000007928807","NAT1","","",1.0823,,"",
"","100000007934741","NAT1","","",0.4532,,"",
"","100000007933655","NAT1","","",1.3856,,"",
"","100000007933672","NAT1","","",1.9044,,"",
"","100000007933703","NAT1","","",1.0279,,"",
"","100000007933717","NAT1","","",1.0741,,"",
"","100000007933633","NAT1","","",1.1845,,"",
"","100000007933666","NAT1","","",0.8119,,"",
"","100000007933680","NAT1","","",0.7982,,"",
"","100000007933698","NAT1","","",0.9423,,"",
"","100000007935379","NAT1","","",0.164,,"",
"","100000007927747","NAT1","","",1.5596,,"",
"","100000007927766","NAT1","","",6.2255,,"",
"","100000007927780","NAT1","","",4.0354,,"",
"","100000007927822","NAT1","","",6.5314,,"",
"","100000007927726","NAT1","","",6.0541,,"",
"","100000007927748","NAT1","","",5.4616,,"",
"","100000007927760","NAT1","","",3.7561,,"",
"","100000007927781","NAT1","","",3.9875,,"",
"","100000007918153","NAT1","","",0.4393,,"",
"","100000007918168","NAT1","","",0.653,,"",
"","100000007918120","NAT1","","",0.814,,"",
"","100000007926457","NAT1","","",0.2083,,"",
"","100000007927568","NAT1","","",1.7758,,"",
"","100000007927616","NAT1","","",0.6635,,"",
"","100000007927580","NAT1","","",2.0991,,"",
"","100000007917286","NAT1","","",1.7599,,"",
"","100000007917304","NAT1","","",1.7776,,"",
"","100000007917330","NAT1","","",1.8545,,"",
"","100000007925293","NAT1","","",0.6107,,"",
"","100000007925269","NAT1","","",0.5443,,"",
"","100000007925285","NAT1","","",1.9373,,"",
"","100000007926495","NAT1","","",0.7939,,"",
"","100000007926068","NAT1","","",0.886,,"",
"","100000007929764","NAT1","","",1.4165,,"",
"","100000007929679","NAT1","","",0.7574,,"",
"","100000007929693","NAT1","","",0.7237,,"",
"","100000007929687","NAT1","","",0.6517,,"",
"","100000007934716","NAT1","","",0.3119,,"",
"","100000007935558","NAT1","","",0.662,,"",
"","100000007936945","NAT1","","",3.1709,,"",
"","100000007927795","NAT1","","",3.8754,,"",
"","100000007927754","NAT1","","",4.4474,,"",
"","100000007927767","NAT1","","",4.4171,,"",
"","100000007927787","NAT1","","",5.3457,,"",
"","100000007918128","NAT1","","",0.145,,"",
"","100000007927597","NAT1","","",1.1041,,"",
"","100000007927594","NAT1","","",0.9787,,"",
"","100000007927607","NAT1","","",1.0077,,"",
"","100000007927502","NAT1","","",1.2478,,"",
"","100000007927520","NAT1","","",3.3819,,"",
"","100000007927531","NAT1","","",2.8989,,"",
"","100000007917231","NAT1","","",0.5275,,"",
"","100000007917242","NAT1","","",0.7227,,"",
"","100000007918146","NAT1","","",0.2404,,"",
"","100000007926076","NAT1","","",0.3717,,"",
"","100000007925974","NAT1","","",0.3023,,"",
"","100000007926029","NAT1","","",0.4888,,"",
"","100000007926054","NAT1","","",0.5308,,"",
"","100000007929941","NAT1","","",0.7403,,"",
"","100000007929968","NAT1","","",0.7463,,"",
"","100000007929986","NAT1","","",0.7416,,"",
"","100000007929961","NAT1","","",0.785,,"",
"","100000007935583","NAT1","","",0.41,,"",
"","100000007950808","NAT1","","",53.7641,,"",
"","100000007949463","NAT1","","",286.8084,,"",
"","100000007938891","FHS1","","",178.8957,,"",
"","100000007921082","DTR1","","",0.22149,,"",
"","100000007921113","DTR1","","",8.89131,,"",
"","100000007947741","DTR1","","",209.17592,,"",
"","100000007947629","DTR1","","",519.20931,,"",
"","100000007948253","DTR1","","",33.91431,,"",
"","100000007948282","DTR1","","",40.45408,,"",
"","100000007948296","DTR1","","",48.32008,,"",
"","100000007948181","DTR1","","",26.33746,,"",
"","100000007948200","DTR1","","",29.99677,,"",
"","100000007948227","DTR1","","",33.04131,,"",
"","100000007948247","DTR1","","",35.62292,,"",
"","100000007948272","DTR1","","",40.09431,,"",
"","100000007948290","DTR1","","",44.41546,,"",
"","100000007948070","DTR1","","",9.63854,,"",
"","100000007950816","DTR1","","",19.73264,,"",
"","100000007950852","DTR1","","",30.78109,,"",
"","100000007950808","DTR1","","",58.56,,"",
"","100000007938367","FHS1","","",151.1175,,"",
"","100000007939184","FHS1","","",179.1006,,"",
"","100000007939966","FHS1","","",173.6758,,"",
"","100000007938924","FHS1","","",226.9883,,"",
"","100000007947304","DTR1","","",534.30023,,"",
"","100000007947192","DTR1","","",239.02431,,"",
"","100000007947244","DTR1","","",260.69538,,"",
"","100000007947294","DTR1","","",68.24331,,"",
"","100000007947321","DTR1","","",33.07108,,"",
"","100000007947180","DTR1","","",29.94346,,"",
"","100000007947212","DTR1","","",377.81469,,"",
"","100000007950565","DTR1","","",6.72185,,"",
"","100000007952388","DTR1","","",0.25104,,"",
"","100000007952289","DTR1","","",0.38616,,"",
"","100000007952463","DTR1","","",78.20256,,"",
"","100000007952480","DTR1","","",15.31464,,"",
"","100000007952508","DTR1","","",8.02776,,"",
"","100000007952537","DTR1","","",40.79832,,"",
"","100000007952438","DTR1","","",11.60376,,"",
"","100000007939557","FHS1","","",123.7383,,"",
"","100000007939587","FHS1","","",100.7277,,"",
"","100000007939496","FHS1","","",139.2585,,"",
"","100000007941232","FHS1","","",655.1679,,"",
"","100000007939081","FHS1","","",250.9798,,"",
"","100000007939798","FHS1","","",468.1319,,"",
"","100000007943068","FHS1","","",1.6509,,"",
"","100000007949463","DTR1","","",165.01131,,"",
"","100000007947263","DTR1","","",42.36531,,"",
"","100000007949698","DTR1","","",157.01885,,"",
"","100000007949721","DTR1","","",163.12938,,"",
"","100000007949639","DTR1","","",458.95385,,"",
"","100000007949657","DTR1","","",11.487,,"",
"","100000007949676","DTR1","","",2.27054,,"",
"","100000007950553","DTR1","","",197.28508,,"",
"","100000007950585","DTR1","","",2.58438,,"",
"","100000007950625","DTR1","","",8.17362,,"",
"","100000007950506","DTR1","","",5.92315,,"",
"","100000007950519","DTR1","","",2.20154,,"",
"","100000007950557","DTR1","","",3.03438,,"",
"","100000007952578","DTR1","","",3.66264,,"",
"","100000007952465","DTR1","","",9.99984,,"",
"","100000007952482","DTR1","","",28.65576,,"",
"","100000007952530","DTR1","","",58.63176,,"",
"","100000007952409","DTR1","","",34.3896,,"",
"","100000007952446","DTR1","","",6.18048,,"",
"","100000007952492","DTR1","","",22.93464,,"",
"","100000007952511","DTR1","","",3.9012,,"",
"","100000007944902","FHS1","","",0.5247,,"",
"","100000007939487","FHS1","","",111.8819,,"",
"","100000007939387","FHS1","","",144.644,,"",
"","100000007944195","FHS1","","",3.3726,,"",
"","100000007943849","FHS1","","",4.1745,,"",
"","100000007924905","DTR1","","",38.7952,,"",
"","100000007924883","DTR1","","",6.8266,,"",
"","100000007949476","DTR1","","",10.32808,,"",
"","100000007949493","DTR1","","",11.87054,,"",
"","100000007949397","DTR1","","",12.40569,,"",
"","100000007949415","DTR1","","",13.08669,,"",
"","100000007949437","DTR1","","",14.23038,,"",
"","100000007949693","DTR1","","",12.94892,,"",
"","100000007950546","DTR1","","",1.44946,,"",
"","100000007950561","DTR1","","",7.28077,,"",
"","100000007950588","DTR1","","",5.08962,,"",
"","100000007950604","DTR1","","",1.86669,,"",
"","100000007950181","DTR1","","",1.89577,,"",
"","100000007952201","DTR1","","",1.65845,,"",
"","100000007952227","DTR1","","",0.63927,,"",
"","100000007952145","DTR1","","",12.44536,,"",
"","100000007951854","DTR1","","",2.238,,"",
"","100000007951871","DTR1","","",12.38182,,"",
"","100000007952788","DTR1","","",2.85432,,"",
"","100000007946886","DTR1","","",34.92046,,"",
"","100000007946831","DTR1","","",6.16108,,"",
"","100000007939477","FHS1","","",157.2836,,"",
"","100000007939428","FHS1","","",244.5692,,"",
"","100000007944222","FHS1","","",2.6415,,"",
"","100000007939037","FHS1","","",96.5043,,"",
"","100000007949486","DTR1","","",1.62877,,"",
"","100000007949407","DTR1","","",1.60177,,"",
"","100000007951682","DTR1","","",20.02282,,"",
"","100000007951721","DTR1","","",31.509,,"",
"","100000007950630","DTR1","","",1.44462,,"",
"","100000007951398","DTR1","","",54.07391,,"",
"","100000007951456","DTR1","","",86.32664,,"",
"","100000007951829","DTR1","","",15.80045,,"",
"","100000007951849","DTR1","","",15.90109,,"",
"","100000007951839","DTR1","","",1.899,,"",
"","100000007950095","DTR1","","",240.873,,"",
"","100000007944236","FHS1","","",25.7783,,"",
"","100000007944310","FHS1","","",4.4481,,"",
"","100000007940500","FHS1","","",137.4408,,"",
"","100000007940522","FHS1","","",175.1264,,"",
"","100000007940408","FHS1","","",105.9989,,"",
"","100000007940449","FHS1","","",162.9392,,"",
"","100000007940471","FHS1","","",134.7011,,"",
"","100000007951675","DTR1","","",52.809,,"",
"","100000007951342","DTR1","","",181.92655,,"",
"","100000007948899","DTR1","","",6.24992,,"",
"","100000007948926","DTR1","","",14.61508,,"",
"","100000007948985","DTR1","","",191.45146,,"",
"","100000007949013","DTR1","","",2.38962,,"",
"","100000007948891","DTR1","","",2.71292,,"",
"","100000007950051","DTR1","","",16.35346,,"",
"","100000007949924","DTR1","","",14.03492,,"",
"","100000007939342","FHS1","","",104.1006,,"",
"","100000007939213","FHS1","","",219.8843,,"",
"","100000007939819","FHS1","","",186.6925,,"",
"","100000007940037","FHS1","","",86.69,,"",
"","100000007921241","DTR1","","",6.582,,"",
"","100000007951747","DTR1","","",11.57509,,"",
"","100000007951759","DTR1","","",12.27,,"",
"","100000007949464","DTR1","","",1.99592,,"",
"","100000007949477","DTR1","","",2.11962,,"",
"","100000007949386","DTR1","","",2.48631,,"",
"","100000007949411","DTR1","","",2.826,,"",
"","100000007949446","DTR1","","",3.32308,,"",
"","100000007949469","DTR1","","",4.04954,,"",
"","100000007949480","DTR1","","",4.05254,,"",
"","100000007949390","DTR1","","",4.31885,,"",
"","100000007948919","DTR1","","",2.83708,,"",
"","100000007948934","DTR1","","",3.30669,,"",
"","100000007948958","DTR1","","",4.11692,,"",
"","100000007948927","DTR1","","",16.69523,,"",
"","100000007948949","DTR1","","",84.85869,,"",
"","100000007948992","DTR1","","",20.57423,,"",
"","100000007949101","DTR1","","",34.56623,,"",
"","100000007949177","DTR1","","",18.96346,,"",
"","100000007948169","DTR1","","",44.97785,,"",
"","100000007948192","DTR1","","",53.65938,,"",
"","100000007948148","DTR1","","",5.99123,,"",
"","100000007948120","DTR1","","",6.21092,,"",
"","100000007948777","DTR1","","",3.53977,,"",
"","100000007948797","DTR1","","",4.212,,"",
"","100000007948828","DTR1","","",3.45715,,"",
"","100000007948853","DTR1","","",3.099,,"",
"","100000007948877","DTR1","","",4.083,,"",
"","100000007948816","DTR1","","",5.48308,,"",
"","100000007939624","FHS1","","",228.4083,,"",
"","100000007939882","FHS1","","",359.4538,,"",
"","100000007939902","FHS1","","",337.8332,,"",
"","100000007939925","FHS1","","",327.4553,,"",
"","100000007939809","FHS1","","",229.9296,,"",
"","100000007939810","FHS1","","",390.8336,,"",
"","100000007940069","FHS1","","",214.7466,,"",
"","100000007939989","FHS1","","",190.2253,,"",
"","100000007924077","DTR1","","",13.4882,,"",
"","100000007924069","DTR1","","",17.141,,"",
"","100000007924078","DTR1","","",32.831,,"",
"","100000007924102","DTR1","","",28.166,,"",
"","100000007924135","DTR1","","",6.4366,,"",
"","100000007924149","DTR1","","",7.5168,,"",
"","100000007921273","DTR1","","",13.31331,,"",
"","100000007921208","DTR1","","",14.73566,,"",
"","100000007921229","DTR1","","",12.42703,,"",
"","100000007921266","DTR1","","",21.42994,,"",
"","100000007921151","DTR1","","",13.20394,,"",
"","100000007921170","DTR1","","",10.61143,,"",
"","100000007953221","DTR1","","",215.11008,,"",
"","100000007953236","DTR1","","",0.8748,,"",
"","100000007949404","DTR1","","",5.84792,,"",
"","100000007949396","DTR1","","",6.12162,,"",
"","100000007949457","DTR1","","",23.84169,,"",
"","100000007949392","DTR1","","",48.07085,,"",
"","100000007949414","DTR1","","",31.36938,,"",
"","100000007949014","DTR1","","",90.64062,,"",
"","100000007948219","DTR1","","",26.50338,,"",
"","100000007948238","DTR1","","",37.04769,,"",
"","100000007948262","DTR1","","",28.03108,,"",
"","100000007948283","DTR1","","",29.99862,,"",
"","100000007948158","DTR1","","",31.24269,,"",
"","100000007948182","DTR1","","",32.95685,,"",
"","100000007948208","DTR1","","",34.95231,,"",
"","100000007948228","DTR1","","",36.18577,,"",
"","100000007948254","DTR1","","",38.00377,,"",
"","100000007947814","DTR1","","",39.96692,,"",
"","100000007947839","DTR1","","",42.43708,,"",
"","100000007948058","DTR1","","",8.40623,,"",
"","100000007948109","DTR1","","",8.41823,,"",
"","100000007948778","DTR1","","",5.30862,,"",
"","100000007948817","DTR1","","",3.83815,,"",
"","100000007948837","DTR1","","",12.73569,,"",
"","100000007950795","DTR1","","",12.27873,,"",
"","100000007950846","DTR1","","",14.67736,,"",
"","100000007939370","FHS1","","",143.7774,,"",
"","100000007941358","FHS1","","",334.3392,,"",
"","100000007939173","FHS1","","",175.9185,,"",
"","100000007939968","FHS1","","",92.9428,,"",
"","100000007941016","FHS1","","",151.9051,,"",
"","100000007920717","NYS1","","",4.6,,"",
"","100000007918374","NYS1","","",0.1478,,"",
"","100000007918401","NYS1","","",0.2918,,"",
"","100000007967540","NYS1","","",0.1228,,"",
"","100000007967627","NYS1","","",0.116,,"",
"","100000007967660","NYS1","","",0.1489,,"",
"","100000007967297","NYS1","","",0.64,,"",
"","100000007958549","NYS1","","",0.78,,"",
"","100000007958623","NYS1","","",0.78,,"",
"","100000007971944","NYS1","","",0.54,,"",
"","100000007971982","NYS1","","",1.05,,"",
"","100000007972022","NYS1","","",0.69,,"",
"","100000007925228","NYS1","","",0.161,,"",
"","100000007925091","NYS1","","",0.1687,,"",
"","100000007925113","NYS1","","",0.1493,,"",
"","100000007925070","NYS1","","",0.64,,"",
"","100000007924982","NYS1","","",0.1973,,"",
"","100000007924955","NYS1","","",0.55,,"",
"","100000007993852","NYS1","","",3.46,,"",
"","100000007989628","NYS1","","",0.1422,,"",
"","100000007920725","NYS1","","",3.4,,"",
"","100000007920759","NYS1","","",3.39,,"",
"","100000007920804","NYS1","","",3.65,,"",
"","100000007918148","NYS1","","",2.97,,"",
"","100000007918153","NYS1","","",0.61,,"",
"","100000007918168","NYS1","","",0.89,,"",
"","100000007967689","NYS1","","",0.1973,,"",
"","100000007966996","NYS1","","",0.3759,,"",
"","100000007967037","NYS1","","",0.4302,,"",
"","100000007972139","NYS1","","",1.08,,"",
"","100000007972009","NYS1","","",0.62,,"",
"","100000007972122","NYS1","","",0.47,,"",
"","100000007972171","NYS1","","",0.59,,"",
"","100000007971945","NYS1","","",0.56,,"",
"","100000007925092","NYS1","","",0.2955,,"",
"","100000007924958","NYS1","","",0.3993,,"",
"","100000007925023","NYS1","","",0.2316,,"",
"","100000007925040","NYS1","","",0.3598,,"",
"","100000007925014","NYS1","","",1.14,,"",
"","100000007925037","NYS1","","",0.81,,"",
"","100000007924990","NYS1","","",0.2729,,"",
"","100000007920796","NYS1","","",3.42,,"",
"","100000007920830","NYS1","","",3.51,,"",
"","100000007920746","NYS1","","",3.69,,"",
"","100000007967091","NYS1","","",0.3176,,"",
"","100000007967125","NYS1","","",0.2733,,"",
"","100000007967198","NYS1","","",0.4014,,"",
"","100000007966997","NYS1","","",0.3982,,"",
"","100000007967056","NYS1","","",0.347,,"",
"","100000007966975","NYS1","","",0.51,,"",
"","100000007967016","NYS1","","",0.52,,"",
"","100000007967073","NYS1","","",0.2415,,"",
"","100000007967109","NYS1","","",0.47,,"",
"","100000007966952","NYS1","","",0.3464,,"",
"","100000007966955","NYS1","","",0.2376,,"",
"","100000007969980","NYS1","","",0.0721,,"",
"","100000007925492","NYS1","","",0.68,,"",
"","100000007925407","NYS1","","",0.61,,"",
"","100000007925789","NYS1","","",0.4142,,"",
"","100000007925668","NYS1","","",1.2,,"",
"","100000007925713","NYS1","","",0.66,,"",
"","100000007994490","NYS1","","",8.81,,"",
"","100000007994254","NYS1","","",9.79,,"",
"","100000008007329","NYS1","","",13.14,,"",
"","100000008007603","NYS1","","",13.25,,"",
"","100000007920352","NYS1","","",6.36,,"",
"","100000007972567","NYS1","","",0.1833,,"",
"","100000007972520","NYS1","","",0.4292,,"",
"","100000007972206","NYS1","","",0.3829,,"",
"","100000007972265","NYS1","","",0.3516,,"",
"","100000007972398","NYS1","","",0.2748,,"",
"","100000007969546","NYS1","","",0.098,,"",
"","100000007925669","NYS1","","",0.65,,"",
"","100000007925688","NYS1","","",0.62,,"",
"","100000007925714","NYS1","","",0.48,,"",
"","100000007924261","NYS1","","",0.81,,"",
"","100000007924285","NYS1","","",0.88,,"",
"","100000007924530","NYS1","","",0.7,,"",
"","100000007924557","NYS1","","",1.15,,"",
"","100000007924521","NYS1","","",0.79,,"",
"","100000007924468","NYS1","","",0.3464,,"",
"","100000007924312","NYS1","","",0.3842,,"",
"","100000007924419","NYS1","","",0.2582,,"",
"","100000007924453","NYS1","","",0.283,,"",
"","100000007924304","NYS1","","",0.3852,,"",
"","100000007924306","NYS1","","",0.2279,,"",
"","100000007924325","NYS1","","",0.2542,,"",
"","100000007924326","NYS1","","",0.3155,,"",
"","100000007995155","NYS1","","",0.75,,"",
"","100000008008000","NYS1","","",6.03,,"",
"","100000008006913","NYS1","","",4.47,,"",
"","100000008007174","NYS1","","",7.45,,"",
"","100000007919892","NYS1","","",0.2406,,"",
"","100000007972174","NYS1","","",0.3738,,"",
"","100000007974572","NYS1","","",0.46,,"",
"","100000007974534","NYS1","","",0.322,,"",
"","100000007970170","NYS1","","",0.1857,,"",
"","100000007970239","NYS1","","",0.1088,,"",
"","100000007970014","NYS1","","",0.0762,,"",
"","100000007970051","NYS1","","",0.0884,,"",
"","100000007970106","NYS1","","",0.229,,"",
"","100000007970127","NYS1","","",0.1227,,"",
"","100000007970094","NYS1","","",0.0659,,"",
"","100000007924220","NYS1","","",1.77,,"",
"","100000007924208","NYS1","","",1.49,,"",
"","100000007924231","NYS1","","",1.6,,"",
"","100000007924244","NYS1","","",0.75,,"",
"","100000007924187","NYS1","","",2.36,,"",
"","100000007924564","NYS1","","",0.99,,"",
"","100000007924484","NYS1","","",0.63,,"",
"","100000007924335","NYS1","","",1,,"",
"","100000007924345","NYS1","","",0.1135,,"",
"","100000007924374","NYS1","","",0.149,,"",
"","100000007924397","NYS1","","",0.1415,,"",
"","100000007924437","NYS1","","",0.1407,,"",
"","100000007924458","NYS1","","",0.2866,,"",
"","100000007924365","NYS1","","",0.3268,,"",
"","100000007924384","NYS1","","",0.2593,,"",
"","100000007925964","NYS1","","",1.01,,"",
"","100000007919746","NYS1","","",0.3545,,"",
"","100000007968727","NYS1","","",0.4043,,"",
"","100000007968467","NYS1","","",0.1884,,"",
"","100000007968749","NYS1","","",0.2654,,"",
"","100000007968791","NYS1","","",0.6,,"",
"","100000007968240","NYS1","","",0.51,,"",
"","100000007968282","NYS1","","",0.55,,"",
"","100000007970145","NYS1","","",0.1351,,"",
"","100000007970303","NYS1","","",0.1745,,"",
"","100000007970344","NYS1","","",0.2661,,"",
"","100000007969368","NYS1","","",0.1605,,"",
"","100000007971971","NYS1","","",0.73,,"",
"","100000007972129","NYS1","","",0.4058,,"",
"","100000007924232","NYS1","","",0.3177,,"",
"","100000007924246","NYS1","","",0.46,,"",
"","100000007924423","NYS1","","",0.92,,"",
"","100000007989731","NYS1","","",0.3803,,"",
"","100000007925847","NYS1","","",0.75,,"",
"","100000007925837","NYS1","","",1.08,,"",
"","100000007925301","NYS1","","",0.56,,"",
"","100000007925336","NYS1","","",0.2421,,"",
"","100000007925256","NYS1","","",0.3764,,"",
"","100000007925270","NYS1","","",0.3654,,"",
"","100000007925279","NYS1","","",0.1587,,"",
"","100000007925292","NYS1","","",0.2602,,"",
"","100000007925315","NYS1","","",0.3498,,"",
"","100000007918279","NYS1","","",2.79,,"",
"","100000007918255","NYS1","","",0.64,,"",
"","100000007919836","NYS1","","",0.2359,,"",
"","100000007919870","NYS1","","",0.2075,,"",
"","100000007919894","NYS1","","",0.1518,,"",
"","100000007920762","NYS1","","",0.3178,,"",
"","100000007920815","NYS1","","",0.1877,,"",
"","100000007920834","NYS1","","",0.1367,,"",
"","100000007920728","NYS1","","",0.74,,"",
"","100000007920748","NYS1","","",0.3711,,"",
"","100000007968348","NYS1","","",0.56,,"",
"","100000007968447","NYS1","","",0.2771,,"",
"","100000007968303","NYS1","","",1.13,,"",
"","100000007968168","NYS1","","",1.73,,"",
"","100000007969482","NYS1","","",0.2066,,"",
"","100000007969212","NYS1","","",0.3707,,"",
"","100000007969252","NYS1","","",0.2011,,"",
"","100000007967057","NYS1","","",0.3944,,"",
"","100000007967111","NYS1","","",0.47,,"",
"","100000007966901","NYS1","","",0.345,,"",
"","100000007967124","NYS1","","",0.4231,,"",
"","100000007966914","NYS1","","",0.3359,,"",
"","100000008007774","NYS1","","",2.18,,"",
"","100000007994078","NYS1","","",0.3552,,"",
"","100000007921059","NYS1","","",66.95,,"",
"","100000007925330","NYS1","","",0.394,,"",
"","100000007925343","NYS1","","",0.4598,,"",
"","100000007925316","NYS1","","",0.2829,,"",
"","100000007918120","NYS1","","",0.98,,"",
"","100000007918280","NYS1","","",0.93,,"",
"","100000007920764","NYS1","","",0.1751,,"",
"","100000007967446","NYS1","","",0.1918,,"",
"","100000007967489","NYS1","","",0.138,,"",
"","100000007958900","NYS1","","",0.3273,,"",
"","100000007920238","NYS1","","",5.63,,"",
"","100000007920291","NYS1","","",5.86,,"",
"","100000007924948","NYS1","","",0.96,,"",
"","100000007924974","NYS1","","",1.07,,"",
"","100000007918564","NYS1","","",2.9,,"",
"","100000007918608","NYS1","","",21.3,,"",
"","100000007918628","NYS1","","",6.55,,"",
"","100000007918553","NYS1","","",5.82,,"",
"","100000007921093","NYS1","","",34.94,,"",
"","100000007921119","NYS1","","",55.94,,"",
"","100000007919952","NAT1","","",9.5273,,"",
"","100000007919722","NAT1","","",7.9105,,"",
"","100000007985395","NGC1","","",0.149,,"",
"","100000007985277","NGC1","","",0.217,,"",
"","100000007984939","NGC1","","",0.186,,"",
"","100000007984991","NGC1","","",0.103,,"",
"","100000007985131","NGC1","","",0.259,,"",
"","100000007919802","NAT1","","",7.1782,,"",
"","100000007919854","NAT1","","",12.2853,,"",
"","100000007919890","NAT1","","",378.833,,"",
"","100000007919725","NAT1","","",11.0533,,"",
"","100000007922429","NAT1","","",3.1031,,"",
"","100000007920835","NAT1","","",8.7381,,"",
"","100000007919939","NAT1","","",6.3772,,"",
"","100000007919958","NAT1","","",6.5805,,"",
"","100000007919985","NAT1","","",16.6613,,"",
"","100000007920003","NAT1","","",3.8279,,"",
"","100000007920045","NAT1","","",8.4643,,"",
"","100000008027779","NGC1","","",12.41,,"",
"","100000007920541","NAT1","","",14.033,,"",
"","100000007920562","NAT1","","",17.7988,,"",
"","100000007920575","NAT1","","",10.3154,,"",
"","100000007920396","NAT1","","",11.4954,,"",
"","100000007920397","NAT1","","",15.145,,"",
"","100000007920442","NAT1","","",12.1411,,"",
"","100000007920483","NAT1","","",14.9035,,"",
"","100000007920561","NAT1","","",12.9052,,"",
"","100000007920416","NAT1","","",11.9729,,"",
"","100000007920430","NAT1","","",11.5273,,"",
"","100000007920460","NAT1","","",12.0449,,"",
"","100000007918675","NAT1","","",12.662,,"",
"","100000007918682","NAT1","","",12.4776,,"",
"","100000007921554","NAT1","","",134.1103,,"",
"","100000007921502","NAT1","","",52.8607,,"",
"","100000007921514","NAT1","","",57.661,,"",
"","100000007921535","NAT1","","",74.268,,"",
"","100000007921549","NAT1","","",149.6418,,"",
"","100000007921576","NAT1","","",8.3896,,"",
"","100000008004444","NGC1","","",0.31,,"",
"","100000008004710","NGC1","","",0.401,,"",
"","100000008004967","NGC1","","",0.434,,"",
"","100000008004185","NGC1","","",0.463,,"",
"","100000007984918","NGC1","","",0.126,,"",
"","100000007986379","NGC1","","",1.97,,"",
"","100000007922451","NAT1","","",3.6317,,"",
"","100000007922467","NAT1","","",7.0535,,"",
"","100000007922505","NAT1","","",7.5938,,"",
"","100000007922521","NAT1","","",7.6886,,"",
"","100000007920014","NAT1","","",9.2688,,"",
"","100000007920023","NAT1","","",12.3885,,"",
"","100000007920418","NAT1","","",11.6487,,"",
"","100000007920413","NAT1","","",16.3017,,"",
"","100000007921401","NAT1","","",13.4147,,"",
"","100000007921424","NAT1","","",13.5459,,"",
"","100000007918719","NAT1","","",10.6235,,"",
"","100000007918710","NAT1","","",28.0752,,"",
"","100000007919529","NAT1","","",7.537,,"",
"","100000007919570","NAT1","","",7.2668,,"",
"","100000007921594","NAT1","","",9.4933,,"",
"","100000008004445","NGC1","","",0.517,,"",
"","100000008004623","NGC1","","",1.12,,"",
"","100000008004794","NGC1","","",1.09,,"",
"","100000007922472","NAT1","","",10.3736,,"",
"","100000007920312","NAT1","","",7.393,,"",
"","100000007920832","NAT1","","",10.5694,,"",
"","100000007918730","NAT1","","",16.5193,,"",
"","100000007919572","NAT1","","",11.8731,,"",
"","100000008005058","NGC1","","",0.134,,"",
"","100000008005230","NGC1","","",0.169,,"",
"","100000008004540","NGC1","","",0.2395,,"",
"","100000008004712","NGC1","","",0.3625,,"",
"","100000008004019","NGC1","","",0.379,,"",
"","100000008004189","NGC1","","",0.376,,"",
"","100000007919102","NAT1","","",9.5236,,"",
"","100000007920678","NAT1","","",7.3903,,"",
"","100000007920703","NAT1","","",8.9806,,"",
"","100000007920600","NAT1","","",25.0969,,"",
"","100000007920747","NAT1","","",11.478,,"",
"","100000007919485","NAT1","","",13.0584,,"",
"","100000007919332","NAT1","","",11.0981,,"",
"","100000007919206","NAT1","","",10.0499,,"",
"","100000007919565","NAT1","","",11.8312,,"",
"","100000007919575","NAT1","","",14.3029,,"",
"","100000007983412","NGC1","","",0.1075,,"",
"","100000007919044","NAT1","","",2.4365,,"",
"","100000007919108","NAT1","","",38.6293,,"",
"","100000007919384","NAT1","","",2.6147,,"",
"","100000007919398","NAT1","","",88.5452,,"",
"","100000007920612","NAT1","","",30.5969,,"",
"","100000008017993","NGC1","","",0.57,,"",
"","100000008016780","NGC1","","",0.79,,"",
"","100000007921191","NAT1","","",10.1308,,"",
"","100000007921241","NAT1","","",9.1632,,"",
"","100000007921273","NAT1","","",15.1326,,"",
"","100000007921461","NAT1","","",13.5296,,"",
"","100000007921356","NAT1","","",16.2737,,"",
"","100000007919218","NAT1","","",15.7157,,"",
"","100000007919310","NAT1","","",28.2263,,"",
"","100000007919580","NAT1","","",12.4272,,"",
"","100000007919464","NAT1","","",13.6193,,"",
"","100000007919486","NAT1","","",12.4692,,"",
"","100000007919501","NAT1","","",10.2763,,"",
"","100000007919509","NAT1","","",10.8457,,"",
"","100000008000346","NGC1","","",0.8465,,"",
"","100000007983641","NGC1","","",0.291,,"",
"","100000008000965","NGC1","","",3.68,,"",
"","100000008000809","NGC1","","",2.45,,"",
"","100000008000328","NGC1","","",4.13,,"",
"","100000008007005","NGC1","","",2.19,,"",
"","100000007986187","NGC1","","",0.2455,,"",
"","100000007986344","NGC1","","",0.228,,"",
"","100000007986397","NGC1","","",0.372,,"",
"","100000007986072","NGC1","","",0.44,,"",
"","100000007986098","NGC1","","",0.467,,"",
"","100000007919454","NAT1","","",39.9087,,"",
"","100000007919346","NAT1","","",39.8695,,"",
"","100000007919373","NAT1","","",37.6538,,"",
"","100000008016941","NGC1","","",1.91,,"",
"","100000008017207","NGC1","","",3.45,,"",
"","100000007921208","NAT1","","",16.4867,,"",
"","100000007921229","NAT1","","",16.3776,,"",
"","100000007921266","NAT1","","",26.1234,,"",
"","100000007921151","NAT1","","",20.363,,"",
"","100000007921170","NAT1","","",18.7357,,"",
"","100000007921082","NAT1","","",0.4639,,"",
"","100000007921113","NAT1","","",18.1818,,"",
"","100000007921001","NAT1","","",17.4546,,"",
"","100000007921476","NAT1","","",17.5501,,"",
"","100000007921340","NAT1","","",13.6685,,"",
"","100000007919172","NAT1","","",14.7223,,"",
"","100000007919177","NAT1","","",8.0352,,"",
"","100000007919194","NAT1","","",7.2409,,"",
"","100000008001072","NGC1","","",0.818,,"",
"","100000007988589","NGC1","","",0.6,,"",
"","100000007919395","NAT1","","",40.8134,,"",
"","100000007919415","NAT1","","",44.4482,,"",
"","100000007920654","NAT1","","",10.5042,,"",
"","100000007919390","NAT1","","",23.3219,,"",
"","100000007919396","NAT1","","",22.0955,,"",
"","100000007919411","NAT1","","",21.096,,"",
"","100000007919417","NAT1","","",24.4276,,"",
"","100000008018103","NGC1","","",61.54,,"",
"","100000007920601","NAT1","","",17.1665,,"",
"","100000007920619","NAT1","","",25.2984,,"",
"","100000007920688","NAT1","","",14.5271,,"",
"","100000007920990","NAT1","","",23.8209,,"",
"","100000007921002","NAT1","","",24.5961,,"",
"","100000007921300","NAT1","","",19.686,,"",
"","100000007921379","NAT1","","",16.5914,,"",
"","100000007921953","NAT1","","",161.6902,,"",
"","100000007921969","NAT1","","",117.7799,,"",
"","100000007922009","NAT1","","",143.2755,,"",
"","100000007920867","NAT1","","",9.467,,"",
"","100000007920938","NAT1","","",14.0866,,"",
"","100000007920176","NAT1","","",95.9638,,"",
"","100000008018496","NGC1","","",0.36,,"",
"","100000007984763","NGC1","","",0.1745,,"",
"","100000007984818","NGC1","","",0.2525,,"",
"","100000007984527","NGC1","","",0.2125,,"",
"","100000007984666","NGC1","","",0.3275,,"",
"","100000007984733","NGC1","","",0.415,,"",
"","100000007919828","NAT1","","",19.4317,,"",
"","100000007919845","NAT1","","",11.5757,,"",
"","100000007919865","NAT1","","",21.3959,,"",
"","100000007919878","NAT1","","",10.7821,,"",
"","100000007919723","NAT1","","",8.8699,,"",
"","100000007919735","NAT1","","",9.4968,,"",
"","100000007919762","NAT1","","",8.2675,,"",
"","100000007919792","NAT1","","",10.3829,,"",
"","100000007919664","NAT1","","",47.0672,,"",
"","100000007919682","NAT1","","",10.8935,,"",
"","100000007919712","NAT1","","",8.8881,,"",
"","100000007919434","NAT1","","",25.8378,,"",
"","100000007919442","NAT1","","",40.5474,,"",
"","100000007919458","NAT1","","",35.2737,,"",
"","100000007919182","NAT1","","",11.9558,,"",
"","100000007919193","NAT1","","",10.5824,,"",
"","100000007919205","NAT1","","",9.3821,,"",
"","100000007919276","NAT1","","",16.251,,"",
"","100000007920697","NAT1","","",10.3317,,"",
"","100000007920581","NAT1","","",25.5093,,"",
"","100000007920392","NAT1","","",19.7133,,"",
"","100000007920497","NAT1","","",9.8974,,"",
"","100000007921013","NAT1","","",0.5936,,"",
"","100000007921937","NAT1","","",77.6473,,"",
"","100000007921977","NAT1","","",34.25,,"",
"","100000007922001","NAT1","","",32.1371,,"",
"","100000007922017","NAT1","","",30.8331,,"",
"","100000007921939","NAT1","","",36.4317,,"",
"","100000007921955","NAT1","","",42.882,,"",
"","100000007921538","NAT1","","",21.7204,,"",
"","100000007921558","NAT1","","",23.0042,,"",
"","100000007920933","NAT1","","",23.1965,,"",
"","100000007920957","NAT1","","",9.9716,,"",
"","100000007920898","NAT1","","",9.6365,,"",
"","100000007984414","NSR1","","",151.9868,,"",
"","100000007984470","NSR1","","",167.3431,,"",
"","100000007982581","NSR1","","",244.7246,,"",
"","100000007978072","NSR1","","",27.5356,,"",
"","100000007933229","NSR1","","",0.42,,"",
"","100000007932108","NSR1","","",0.049,,"",
"","100000007932038","NSR1","","",0.0417,,"",
"","100000007932109","NSR1","","",0.0411,,"",
"","100000007932107","NSR1","","",0.0729,,"",
"","100000007932018","NSR1","","",0.0477,,"",
"","100000007932075","NSR1","","",0.1019,,"",
"","100000007932098","NSR1","","",0.1249,,"",
"","100000007932000","NSR1","","",0.1137,,"",
"","100000007984194","NSR1","","",165.1282,,"",
"","100000007983231","NSR1","","",165.1282,,"",
"","100000007983352","NSR1","","",433.5077,,"",
"","100000007983036","NSR1","","",397.9486,,"",
"","100000007983098","NSR1","","",242.8237,,"",
"","100000007983141","NSR1","","",230.9874,,"",
"","100000007982265","NSR1","","",81.988,,"",
"","100000007982323","NSR1","","",91.1872,,"",
"","100000007933214","NSR1","","",0.3816,,"",
"","100000008007446","NSR1","","",0.661,,"",
"","100000008007622","NSR1","","",0.661,,"",
"","100000008007178","NSR1","","",3.1146,,"",
"","100000007932021","NSR1","","",0.0746,,"",
"","100000007939118","NSR1","","",1.1575,,"",
"","100000007937099","NSR1","","",0.2992,,"",
"","100000007961935","NSR1","","",3.7143,,"",
"","100000007983257","NSR1","","",232.7328,,"",
"","100000007963666","NSR1","","",2.27,,"",
"","100000007955609","NSR1","","",3.2126,,"",
"","100000007955505","NSR1","","",4.2397,,"",
"","100000007957101","NSR1","","",6.3868,,"",
"","100000007956994","NSR1","","",5,,"",
"","100000007938581","NSR1","","",0.1495,,"",
"","100000007938606","NSR1","","",0.1568,,"",
"","100000007938223","NSR1","","",0.4751,,"",
"","100000007938117","NSR1","","",0.4558,,"",
"","100000007955387","NSR1","","",0.238,,"",
"","100000007955312","NSR1","","",1.2884,,"",
"","100000008006938","NSR1","","",0.885,,"",
"","100000007961981","NSR1","","",3.1707,,"",
"","100000007962053","NSR1","","",2.9702,,"",
"","100000007962098","NSR1","","",0.6916,,"",
"","100000007962141","NSR1","","",0.97,,"",
"","100000007962215","NSR1","","",0.9409,,"",
"","100000007961901","NSR1","","",1.61,,"",
"","100000007961957","NSR1","","",1.43,,"",
"","100000007962029","NSR1","","",1.23,,"",
"","100000007960824","NSR1","","",5.9687,,"",
"","100000007960912","NSR1","","",0.6719,,"",
"","100000007948974","NSR1","","",7.1546,,"",
"","100000007948991","NSR1","","",43.3759,,"",
"","100000007949021","NSR1","","",13.51,,"",
"","100000007948899","NSR1","","",7.1616,,"",
"","100000007948926","NSR1","","",18.95,,"",
"","100000007949013","NSR1","","",3.8354,,"",
"","100000007948891","NSR1","","",4.0312,,"",
"","100000007968242","NSR1","","",52.1872,,"",
"","100000007968402","NSR1","","",21.025,,"",
"","100000007968108","NSR1","","",24.0214,,"",
"","100000007970278","NSR1","","",38.1472,,"",
"","100000007963692","NSR1","","",3.13,,"",
"","100000007963755","NSR1","","",1.43,,"",
"","100000007963614","NSR1","","",1.4416,,"",
"","100000007963623","NSR1","","",1.4149,,"",
"","100000007963652","NSR1","","",1.4501,,"",
"","100000007964227","NSR1","","",1.8404,,"",
"","100000007965153","NSR1","","",3.51,,"",
"","100000007956974","NSR1","","",9.7528,,"",
"","100000007956995","NSR1","","",10.3636,,"",
"","100000007957375","NSR1","","",11.7836,,"",
"","100000007957271","NSR1","","",15.8514,,"",
"","100000007957303","NSR1","","",13.564,,"",
"","100000007957322","NSR1","","",15.6688,,"",
"","100000007957345","NSR1","","",18.13,,"",
"","100000007957376","NSR1","","",12.438,,"",
"","100000007957334","NSR1","","",6.08,,"",
"","100000007957366","NSR1","","",6.76,,"",
"","100000007938134","NSR1","","",0.51,,"",
"","100000007938159","NSR1","","",0.5822,,"",
"","100000007938184","NSR1","","",0.5753,,"",
"","100000007938198","NSR1","","",0.6834,,"",
"","100000007955329","NSR1","","",1.2296,,"",
"","100000007957499","NSR1","","",0.208,,"",
"","100000007957526","NSR1","","",0.351,,"",
"","100000007957414","NSR1","","",0.4288,,"",
"","100000007940158","NSR1","","",0.1409,,"",
"","100000007940185","NSR1","","",0.1466,,"",
"","100000007940223","NSR1","","",0.1507,,"",
"","100000007940117","NSR1","","",0.161,,"",
"","100000007940142","NSR1","","",0.171,,"",
"","100000007940167","NSR1","","",0.1873,,"",
"","100000007938888","NSR1","","",0.3426,,"",
"","100000007939277","NSR1","","",0.2553,,"",
"","100000007939298","NSR1","","",0.3,,"",
"","100000007939343","NSR1","","",0.3203,,"",
"","100000007939260","NSR1","","",0.4173,,"",
"","100000007960979","NSR1","","",1.075,,"",
"","100000007960723","NSR1","","",1.5117,,"",
"","100000007960913","NSR1","","",2.7621,,"",
"","100000007960724","NSR1","","",3.8772,,"",
"","100000007960850","NSR1","","",0.5397,,"",
"","100000007961004","NSR1","","",0.6837,,"",
"","100000007960701","NSR1","","",1.0956,,"",
"","100000007960775","NSR1","","",1.5427,,"",
"","100000007961864","NSR1","","",0.8767,,"",
"","100000007961569","NSR1","","",1.2971,,"",
"","100000007948919","NSR1","","",4.507,,"",
"","100000007948934","NSR1","","",4.983,,"",
"","100000007948958","NSR1","","",6.5506,,"",
"","100000007948992","NSR1","","",26.4884,,"",
"","100000007970321","NSR1","","",21.025,,"",
"","100000007970381","NSR1","","",1.8993,,"",
"","100000007970430","NSR1","","",2.0801,,"",
"","100000007970502","NSR1","","",6.74,,"",
"","100000007971542","NSR1","","",1.2518,,"",
"","100000007971610","NSR1","","",1.0958,,"",
"","100000007971294","NSR1","","",1.7214,,"",
"","100000007971475","NSR1","","",2.6604,,"",
"","100000007971522","NSR1","","",3.5994,,"",
"","100000007971277","NSR1","","",5.6342,,"",
"","100000007971377","NSR1","","",9.781,,"",
"","100000007965196","NSR1","","",3.51,,"",
"","100000007965091","NSR1","","",6.1363,,"",
"","100000007965132","NSR1","","",6.78,,"",
"","100000007965197","NSR1","","",9.3601,,"",
"","100000007965854","NSR1","","",5.38,,"",
"","100000007957011","NSR1","","",5.7491,,"",
"","100000007957035","NSR1","","",6.1537,,"",
"","100000007957058","NSR1","","",11.536,,"",
"","100000007957083","NSR1","","",12.6842,,"",
"","100000007957102","NSR1","","",12.0784,,"",
"","100000007956983","NSR1","","",9.89,,"",
"","100000007957003","NSR1","","",24.8082,,"",
"","100000007957029","NSR1","","",19.63,,"",
"","100000007957077","NSR1","","",9.2078,,"",
"","100000007957093","NSR1","","",11.1805,,"",
"","100000007939142","NSR1","","",0.559,,"",
"","100000007939180","NSR1","","",0.6453,,"",
"","100000007934723","NSR1","","",0.2576,,"",
"","100000007934765","NSR1","","",0.1598,,"",
"","100000007934775","NSR1","","",0.1504,,"",
"","100000007957438","NSR1","","",6.8376,,"",
"","100000008004989","NSR1","","",161.9523,,"",
"","100000008004560","NSR1","","",327.97,,"",
"","100000007990298","NSR1","","",7.154,,"",
"","100000007989997","NSR1","","",7.8697,,"",
"","100000007990065","NSR1","","",6.1816,,"",
"","100000007990112","NSR1","","",9.1572,,"",
"","100000007940233","NSR1","","",0.1276,,"",
"","100000007940118","NSR1","","",0.1359,,"",
"","100000007940153","NSR1","","",0.153,,"",
"","100000007940168","NSR1","","",0.161,,"",
"","100000007940206","NSR1","","",0.1676,,"",
"","100000007940224","NSR1","","",0.1841,,"",
"","100000007940201","NSR1","","",0.3296,,"",
"","100000007940012","NSR1","","",0.1873,,"",
"","100000007940032","NSR1","","",0.2013,,"",
"","100000007940083","NSR1","","",0.2564,,"",
"","100000007939972","NSR1","","",0.2601,,"",
"","100000007940004","NSR1","","",0.2673,,"",
"","100000007940022","NSR1","","",0.2799,,"",
"","100000007940305","NSR1","","",0.4719,,"",
"","100000007940315","NSR1","","",0.4816,,"",
"","100000007940345","NSR1","","",0.4819,,"",
"","100000007940364","NSR1","","",0.502,,"",
"","100000007962247","NSR1","","",6.929,,"",
"","100000007962502","NSR1","","",14.6,,"",
"","100000007962272","NSR1","","",2.45,,"",
"","100000007962394","NSR1","","",4.0916,,"",
"","100000007962461","NSR1","","",5.97,,"",
"","100000007962523","NSR1","","",8.9678,,"",
"","100000007949301","NSR1","","",11.8986,,"",
"","100000007949316","NSR1","","",11.8986,,"",
"","100000007971574","NSR1","","",1.0174,,"",
"","100000007971281","NSR1","","",1.4227,,"",
"","100000007971316","NSR1","","",1.4084,,"",
"","100000007971010","NSR1","","",1.8782,,"",
"","100000007965930","NSR1","","",6.0979,,"",
"","100000007965975","NSR1","","",9.0453,,"",
"","100000007965973","NSR1","","",9.755,,"",
"","100000007966037","NSR1","","",11.09,,"",
"","100000007973781","NSR1","","",2.5607,,"",
"","100000007956321","NSR1","","",1.0481,,"",
"","100000007932403","NSR1","","",0.4933,,"",
"","100000007932361","NSR1","","",0.5369,,"",
"","100000007934828","NSR1","","",0.081,,"",
"","100000007934725","NSR1","","",0.0776,,"",
"","100000007934767","NSR1","","",0.0904,,"",
"","100000007934785","NSR1","","",0.0518,,"",
"","100000007935603","NSR1","","",0.0732,,"",
"","100000007935494","NSR1","","",0.1144,,"",
"","100000007935534","NSR1","","",0.0495,,"",
"","100000007957478","NSR1","","",15.932,,"",
"","100000007957494","NSR1","","",16.9802,,"",
"","100000007956982","NSR1","","",3.8549,,"",
"","100000007957010","NSR1","","",6.2387,,"",
"","100000007957057","NSR1","","",4.5908,,"",
"","100000007957076","NSR1","","",4.9198,,"",
"","100000007957725","NSR1","","",1.8479,,"",
"","100000007957748","NSR1","","",2.0577,,"",
"","100000007959364","NSR1","","",2.4886,,"",
"","100000007990171","NSR1","","",9.1572,,"",
"","100000007990299","NSR1","","",9.5,,"",
"","100000007990041","NSR1","","",4.8074,,"",
"","100000007990150","NSR1","","",5.7232,,"",
"","100000007990278","NSR1","","",5.82,,"",
"","100000007989978","NSR1","","",9.07,,"",
"","100000007990151","NSR1","","",5.16,,"",
"","100000007934947","NSR1","","",0.095,,"",
"","100000007934972","NSR1","","",0.1736,,"",
"","100000007934872","NSR1","","",0.12,,"",
"","100000007934888","NSR1","","",0.0586,,"",
"","100000007934948","NSR1","","",0.1982,,"",
"","100000007935544","NSR1","","",0.0844,,"",
"","100000007940052","NSR1","","",0.2896,,"",
"","100000007940084","NSR1","","",0.366,,"",
"","100000007939932","NSR1","","",0.3793,,"",
"","100000007939992","NSR1","","",0.5281,,"",
"","100000007940541","NSR1","","",0.9216,,"",
"","100000007940455","NSR1","","",1.1539,,"",
"","100000007941634","NSR1","","",1.1934,,"",
"","100000007941658","NSR1","","",1.272,,"",
"","100000007941675","NSR1","","",1.57,,"",
"","100000007940394","NSR1","","",0.5119,,"",
"","100000007940255","NSR1","","",0.5221,,"",
"","100000007940289","NSR1","","",0.5503,,"",
"","100000007940327","NSR1","","",0.8373,,"",
"","100000007940365","NSR1","","",0.57,,"",
"","100000007940244","NSR1","","",1.0439,,"",
"","100000007940366","NSR1","","",0.5844,,"",
"","100000007936069","NSR1","","",0.047,,"",
"","100000007932223","NSR1","","",0.1701,,"",
"","100000007932250","NSR1","","",0.2736,,"",
"","100000007962932","NSR1","","",0.58,,"",
"","100000007963015","NSR1","","",0.8942,,"",
"","100000007975917","NSR1","","",13.5784,,"",
"","100000007974992","NSR1","","",3.05,,"",
"","100000007974894","NSR1","","",4.8516,,"",
"","100000007956248","NSR1","","",1.5491,,"",
"","100000007956297","NSR1","","",2.3143,,"",
"","100000007956099","NSR1","","",2.3623,,"",
"","100000007956174","NSR1","","",2.555,,"",
"","100000007955645","NSR1","","",7.5449,,"",
"","100000007955608","NSR1","","",1.94,,"",
"","100000007935587","NSR1","","",0.0558,,"",
"","100000007932157","NSR1","","",0.0974,,"",
"","100000007932192","NSR1","","",0.1034,,"",
"","100000007932206","NSR1","","",0.0899,,"",
"","100000007998216","NSR1","","",0.4208,,"",
"","100000007997121","NSR1","","",0.526,,"",
"","100000007990236","NSR1","","",3.61,,"",
"","100000007990279","NSR1","","",13.736,,"",
"","100000007989999","NSR1","","",15.0514,,"",
"","100000007990019","NSR1","","",18.35,,"",
"","100000007990768","NSR1","","",4.235,,"",
"","100000007990816","NSR1","","",5.2656,,"",
"","100000007935576","NSR1","","",0.0986,,"",
"","100000007935600","NSR1","","",0.2128,,"",
"","100000007935160","NSR1","","",0.0746,,"",
"","100000007935180","NSR1","","",0.0632,,"",
"","100000007941227","NSR1","","",0.3164,,"",
"","100000007941122","NSR1","","",0.3193,,"",
"","100000007941140","NSR1","","",0.3503,,"",
"","100000007941162","NSR1","","",0.3726,,"",
"","100000007941177","NSR1","","",0.3981,,"",
"","100000007941203","NSR1","","",0.4244,,"",
"","100000007935988","NSR1","","",0.0735,,"",
"","100000007936037","NSR1","","",0.0562,,"",
"","100000007932268","NSR1","","",0.2437,,"",
"","100000007932292","NSR1","","",0.1431,,"",
"","100000007932334","NSR1","","",0.328,,"",
"","100000007932308","NSR1","","",0.1494,,"",
"","100000007963057","NSR1","","",1.6751,,"",
"","100000007982309","NSR1","","",81.9606,,"",
"","100000007984278","NSR1","","",315.9426,,"",
"","100000007974825","NSR1","","",7.0426,,"",
"","100000007977776","NSR1","","",5.2833,,"",
"","100000007977459","NSR1","","",5.2364,,"",
"","100000007977588","NSR1","","",4.22,,"",
"","100000007977686","NSR1","","",6.0296,,"",
"","100000007977754","NSR1","","",4.1364,,"",
"","100000007932909","NSR1","","",0.2816,,"",
"","100000007932922","NSR1","","",0.3917,,"",
"","100000007932885","NSR1","","",0.2007,,"",
"","100000007932871","NSR1","","",0.4881,,"",
"","100000007932872","NSR1","","",0.2314,,"",
"","100000007932114","NSR1","","",0.2634,,"",
"","100000007931875","NSR1","","",0.3467,,"",
"","100000007931762","NSR1","","",0.271,,"",
"","100000007931775","NSR1","","",0.169,,"",
"","100000008008522","NSR1","","",1.9354,,"",
"","100000008008614","NSR1","","",7.6632,,"",
"","100000008007692","NSR1","","",8.446,,"",
"","100000008007434","NSR1","","",7.9928,,"",
"","100000007997960","NSR1","","",20.69,,"",
"","100000007935698","NSR1","","",0.058,,"",
"","100000007987926","FSD1","","",41.44565,,"",
"","100000007989900","FSD1","","",35.48858,,"",
"","100000007989933","FSD1","","",18.50578,,"",
"","100000007989947","FSD1","","",22.40328,,"",
"","100000007989971","FSD1","","",36.9361,,"",
"","100000008009432","FSD1","","",0.45572,,"",
"","100000008008278","FSD1","","",1.83861,,"",
"","100000008008682","FSD1","","",5.39011,,"",
"","100000008008877","FSD1","","",4.91867,,"",
"","100000008009175","FSD1","","",6.05012,,"",
"","100000007956710","FSD1","","",6.75016,,"",
"","100000007956733","FSD1","","",6.44909,,"",
"","100000007923951","FSD1","","",8.85099,,"",
"","100000007923975","FSD1","","",15.21423,,"",
"","100000007923912","FSD1","","",1.6489,,"",
"","100000007923930","FSD1","","",2.19571,,"",
"","100000007921511","FSD1","","",185.18085,,"",
"","100000007921866","FSD1","","",45.67598,,"",
"","100000007924859","FSD1","","",0.70647,,"",
"","100000007925023","FSD1","","",0.05566,,"",
"","100000007925040","FSD1","","",0.07688,,"",
"","100000007924948","FSD1","","",0.24927,,"",
"","100000007924974","FSD1","","",0.26885,,"",
"","100000007925057","FSD1","","",0.0832,,"",
"","100000007923426","FSD1","","",0.43468,,"",
"","100000007923496","FSD1","","",0.38254,,"",
"","100000007923417","FSD1","","",0.47073,,"",
"","100000007923462","FSD1","","",0.67449,,"",
"","100000007923482","FSD1","","",0.15207,,"",
"","100000007924557","FSD1","","",0.31806,,"",
"","100000007922245","FSD1","","",0.17105,,"",
"","100000007922202","FSD1","","",0.25026,,"",
"","100000007922223","FSD1","","",0.14192,,"",
"","100000007922236","FSD1","","",0.24449,,"",
"","100000007924123","FSD1","","",0.57733,,"",
"","100000007924169","FSD1","","",0.50491,,"",
"","100000007925242","FSD1","","",0.19215,,"",
"","100000007925276","FSD1","","",0.13439,,"",
"","100000007925300","FSD1","","",0.10975,,"",
"","100000007928839","FSD1","","",1.86279,,"",
"","100000007928874","FSD1","","",0.99495,,"",
"","100000007928550","FSD1","","",1.95214,,"",
"","100000007928590","FSD1","","",2.92777,,"",
"","100000007927454","FSD1","","",0.24475,,"",
"","100000007927320","FSD1","","",0.28853,,"",
"","100000007927070","FSD1","","",0.53087,,"",
"","100000007926677","FSD1","","",0.24725,,"",
"","100000007925669","FSD1","","",0.12693,,"",
"","100000007925688","FSD1","","",0.08215,,"",
"","100000007925714","FSD1","","",0.24069,,"",
"","100000007928766","FSD1","","",0.76027,,"",
"","100000007928635","FSD1","","",0.78931,,"",
"","100000007928658","FSD1","","",0.38569,,"",
"","100000007928706","FSD1","","",0.77373,,"",
"","100000007928733","FSD1","","",0.96498,,"",
"","100000007928777","FSD1","","",0.4052,,"",
"","100000007925552","FSD1","","",0.05207,,"",
"","100000007928995","FSD1","","",0.98925,,"",
"","100000007929013","FSD1","","",0.80219,,"",
"","100000007929025","FSD1","","",0.47039,,"",
"","100000007928940","FSD1","","",1.07346,,"",
"","100000007928971","FSD1","","",0.60332,,"",
"","100000007939105","FSD1","","",31.9513,,"",
"","100000007947741","FSD1","","",142.03653,,"",
"","100000007947629","FSD1","","",352.55827,,"",
"","100000007951016","FSD1","","",11.68784,,"",
"","100000007950817","FSD1","","",17.68577,,"",
"","100000007950808","FSD1","","",33.64646,,"",
"","100000007949768","FSD1","","",0.33933,,"",
"","100000007949727","FSD1","","",4.28957,,"",
"","100000007948374","FSD1","","",102.33508,,"",
"","100000007950588","FSD1","","",3.28316,,"",
"","100000007950604","FSD1","","",1.20157,,"",
"","100000007973222","FSD1","","",1.57565,,"",
"","100000007960912","FSD1","","",0.50513,,"",
"","100000007972010","FSD1","","",1.33965,,"",
"","100000007972055","FSD1","","",1.32035,,"",
"","100000007972088","FSD1","","",2.29572,,"",
"","100000007970086","FSD1","","",86.85802,,"",
"","100000007970142","FSD1","","",58.93308,,"",
"","100000007966841","FSD1","","",1.64158,,"",
"","100000007966900","FSD1","","",2.04774,,"",
"","100000007966491","FSD1","","",3.14777,,"",
"","100000007967236","FSD1","","",1.82774,,"",
"","100000007967325","FSD1","","",1.87851,,"",
"","100000007967380","FSD1","","",3.52009,,"",
"","100000007963666","FSD1","","",1.54004,,"",
"","100000007961957","FSD1","","",1.45542,,"",
"","100000007962029","FSD1","","",1.12289,,"",
"","100000007962075","FSD1","","",5.19551,,"",
"","100000007962193","FSD1","","",0.60925,,"",
"","100000007960958","FSD1","","",0.8631,,"",
"","100000007961003","FSD1","","",1.42377,,"",
"","100000007960700","FSD1","","",2.04774,,"",
"","100000007960748","FSD1","","",3.75702,,"",
"","100000007982359","FSD1","","",127.71255,,"",
"","100000007986652","FSD1","","",6.21937,,"",
"","100000007986730","FSD1","","",8.84434,,"",
"","100000007986783","FSD1","","",8.72014,,"",
"","100000007986460","FSD1","","",8.22766,,"",
"","100000007986499","FSD1","","",8.15713,,"",
"","100000007986622","FSD1","","",1.37278,,"",
"","100000007986704","FSD1","","",1.4419,,"",
"","100000007984414","FSD1","","",92.22899,,"",
"","100000007984470","FSD1","","",97.98053,,"",
"","100000007979623","FSD1","","",3.48621,,"",
"","100000007979674","FSD1","","",3.52213,,"",
"","100000007979675","FSD1","","",22.80789,,"",
"","100000007979166","FSD1","","",1.66482,,"",
"","100000007979218","FSD1","","",1.20152,,"",
"","100000007979263","FSD1","","",1.38035,,"",
"","100000007973781","FSD1","","",1.1508,,"",
"","100000007978774","FSD1","","",13.33572,,"",
"","100000007975917","FSD1","","",7.04439,,"",
"","100000007975822","FSD1","","",8.9701,,"",
"","100000007985972","FSD1","","",105.18196,,"",
"","100000007985810","FSD1","","",37.79018,,"",
"","100000007985865","FSD1","","",46.83176,,"",
"","100000307430358","FSD1","","",6.35597,,"",
"","100000007992720","FSD1","","",7.54113,,"",
"","100000007992492","FSD1","","",7.22633,,"",
"","100000007991936","FSD1","","",7.44634,,"",
"","100000007991563","FSD1","","",2.74914,,"",
"","100000007989930","FSD1","","",18.2811,,"",
"","100000008008954","FSD1","","",0.46201,,"",
"","100000008009253","FSD1","","",0.45572,,"",
"","100000008009433","FSD1","","",2.46719,,"",
"","100000007989877","FSD1","","",15.07209,,"",
"","100000007989903","FSD1","","",13.83808,,"",
"","100000007989915","FSD1","","",14.23266,,"",
"","100000007989935","FSD1","","",6.58449,,"",
"","100000007989948","FSD1","","",5.91507,,"",
"","100000008009362","FSD1","","",5.86155,,"",
"","100000008009629","FSD1","","",6.4587,,"",
"","100000008008780","FSD1","","",0.42731,,"",
"","100000008008974","FSD1","","",0.40508,,"",
"","100000008009074","FSD1","","",0.83287,,"",
"","100000007953724","FSD1","","",2.16697,,"",
"","100000007953739","FSD1","","",0.42092,,"",
"","100000007953748","FSD1","","",0.38373,,"",
"","100000007924985","FSD1","","",0.09129,,"",
"","100000007925001","FSD1","","",0.09137,,"",
"","100000007925024","FSD1","","",0.08895,,"",
"","100000007925041","FSD1","","",0.08272,,"",
"","100000007924976","FSD1","","",0.03173,,"",
"","100000007923147","FSD1","","",0.14219,,"",
"","100000007923163","FSD1","","",0.05937,,"",
"","100000007923515","FSD1","","",0.95553,,"",
"","100000007924275","FSD1","","",0.1858,,"",
"","100000007924296","FSD1","","",0.35776,,"",
"","100000007922183","FSD1","","",0.10377,,"",
"","100000007922197","FSD1","","",0.23671,,"",
"","100000007922216","FSD1","","",0.16874,,"",
"","100000007922230","FSD1","","",0.14089,,"",
"","100000007923739","FSD1","","",0.34862,,"",
"","100000007923769","FSD1","","",0.53835,,"",
"","100000007923668","FSD1","","",0.34641,,"",
"","100000007923684","FSD1","","",0.42976,,"",
"","100000007924468","FSD1","","",0.11868,,"",
"","100000007924312","FSD1","","",0.12583,,"",
"","100000007928890","FSD1","","",0.36995,,"",
"","100000007928812","FSD1","","",0.99774,,"",
"","100000007928854","FSD1","","",1.01233,,"",
"","100000007928866","FSD1","","",0.515,,"",
"","100000007928934","FSD1","","",1.20864,,"",
"","100000007928808","FSD1","","",0.60634,,"",
"","100000007928192","FSD1","","",13.11571,,"",
"","100000007928211","FSD1","","",13.11571,,"",
"","100000007928132","FSD1","","",0.2646,,"",
"","100000007928153","FSD1","","",0.31292,,"",
"","100000007927263","FSD1","","",0.25057,,"",
"","100000007927281","FSD1","","",0.43475,,"",
"","100000007926941","FSD1","","",0.75225,,"",
"","100000007926954","FSD1","","",0.12275,,"",
"","100000007926975","FSD1","","",0.85824,,"",
"","100000007925651","FSD1","","",0.10867,,"",
"","100000007926858","FSD1","","",0.338,,"",
"","100000007925531","FSD1","","",0.06048,,"",
"","100000007929039","FSD1","","",0.6336,,"",
"","100000007928972","FSD1","","",0.61397,,"",
"","100000007928988","FSD1","","",0.51194,,"",
"","100000007928948","FSD1","","",0.54907,,"",
"","100000007938103","FSD1","","",58.53689,,"",
"","100000007937975","FSD1","","",218.59009,,"",
"","100000007937997","FSD1","","",195.64677,,"",
"","100000007936132","FSD1","","",21.89438,,"",
"","100000007936158","FSD1","","",22.30929,,"",
"","100000007934716","FSD1","","",0.15429,,"",
"","100000007935558","FSD1","","",0.39593,,"",
"","100000007947304","FSD1","","",362.80549,,"",
"","100000007947192","FSD1","","",162.30456,,"",
"","100000007952788","FSD1","","",2.01934,,"",
"","100000007952623","FSD1","","",0.86553,,"",
"","100000007952288","FSD1","","",3.36045,,"",
"","100000007952316","FSD1","","",1.48644,,"",
"","100000007950795","FSD1","","",7.05487,,"",
"","100000007949632","FSD1","","",0.87809,,"",
"","100000007949646","FSD1","","",1.28082,,"",
"","100000007949669","FSD1","","",9.57934,,"",
"","100000007949684","FSD1","","",5.88938,,"",
"","100000007949707","FSD1","","",1.68379,,"",
"","100000007949720","FSD1","","",2.09247,,"",
"","100000007949633","FSD1","","",7.8525,,"",
"","100000007950630","FSD1","","",0.98089,,"",
"","100000007950531","FSD1","","",7.24405,,"",
"","100000007950555","FSD1","","",1.86639,,"",
"","100000007950573","FSD1","","",0.97918,,"",
"","100000007950598","FSD1","","",2.94469,,"",
"","100000007950612","FSD1","","",1.11841,,"",
"","100000007960979","FSD1","","",1.46888,,"",
"","100000007961025","FSD1","","",1.01541,,"",
"","100000007960723","FSD1","","",1.42157,,"",
"","100000007960849","FSD1","","",1.72051,,"",
"","100000007960913","FSD1","","",2.2339,,"",
"","100000007960959","FSD1","","",2.89392,,"",
"","100000007961026","FSD1","","",2.04774,,"",
"","100000007960724","FSD1","","",2.33544,,"",
"","100000007967393","FSD1","","",1.86159,,"",
"","100000007967222","FSD1","","",2.08159,,"",
"","100000007971733","FSD1","","",0.66002,,"",
"","100000007971828","FSD1","","",1.08158,,"",
"","100000007960824","FSD1","","",4.94166,,"",
"","100000007963839","FSD1","","",0.41547,,"",
"","100000007963840","FSD1","","",0.4241,,"",
"","100000007963916","FSD1","","",0.54214,,"",
"","100000007963974","FSD1","","",0.44453,,"",
"","100000007986756","FSD1","","",2.91321,,"",
"","100000007986341","FSD1","","",2.87302,,"",
"","100000007986375","FSD1","","",3.64182,,"",
"","100000007986436","FSD1","","",3.64299,,"",
"","100000007986121","FSD1","","",12.50631,,"",
"","100000007986204","FSD1","","",12.72566,,"",
"","100000007986230","FSD1","","",14.5665,,"",
"","100000007986280","FSD1","","",14.92543,,"",
"","100000007984278","FSD1","","",190.53953,,"",
"","100000007984194","FSD1","","",96.00049,,"",
"","100000007988501","FSD1","","",2.24788,,"",
"","100000007988549","FSD1","","",2.40979,,"",
"","100000007988612","FSD1","","",15.39993,,"",
"","100000007983230","FSD1","","",4.28387,,"",
"","100000007983305","FSD1","","",14.15346,,"",
"","100000007979336","FSD1","","",2.2021,,"",
"","100000007979385","FSD1","","",1.5519,,"",
"","100000007979198","FSD1","","",4.09772,,"",
"","100000007979240","FSD1","","",3.66163,,"",
"","100000007979312","FSD1","","",1.71127,,"",
"","100000007979361","FSD1","","",1.71289,,"",
"","100000007983665","FSD1","","",3.5265,,"",
"","100000007983719","FSD1","","",11.97884,,"",
"","100000007976373","FSD1","","",1.63097,,"",
"","100000007977637","FSD1","","",5.00936,,"",
"","100000007977776","FSD1","","",3.85856,,"",
"","100000007977459","FSD1","","",4.04472,,"",
"","100000007977588","FSD1","","",3.85856,,"",
"","100000007974992","FSD1","","",1.79992,,"",
"","100000007978439","FSD1","","",4.07856,,"",
"","100000008008033","FSD1","","",14.9773,,"",
"","100000007995395","FSD1","","",4.88059,,"",
"","100000007995434","FSD1","","",5.467,,"",
"","100000307430359","FSD1","","",10.28825,,"",
"","100000007995602","FSD1","","",0.06955,,"",
"","100000007991658","FSD1","","",2.99546,,"",
"","100000007991818","FSD1","","",6.8982,,"",
"","100000007989839","FSD1","","",9.91094,,"",
"","100000007989928","FSD1","","",9.76518,,"",
"","100000007989942","FSD1","","",9.49461,,"",
"","100000007988768","FSD1","","",9.81824,,"",
"","100000007988892","FSD1","","",5.58433,,"",
"","100000008008709","FSD1","","",0.77407,,"",
"","100000008008326","FSD1","","",0.89072,,"",
"","100000008008805","FSD1","","",0.7424,,"",
"","100000007954665","FSD1","","",188.63963,,"",
"","100000007955387","FSD1","","",0.29317,,"",
"","100000007923857","FSD1","","",15.91199,,"",
"","100000007923880","FSD1","","",17.38847,,"",
"","100000007922932","FSD1","","",0.54512,,"",
"","100000007922842","FSD1","","",0.26888,,"",
"","100000007923860","FSD1","","",0.3655,,"",
"","100000007923187","FSD1","","",0.16719,,"",
"","100000007923196","FSD1","","",0.35336,,"",
"","100000007923212","FSD1","","",0.33265,,"",
"","100000007923230","FSD1","","",0.10007,,"",
"","100000007923240","FSD1","","",0.42629,,"",
"","100000007923125","FSD1","","",0.28465,,"",
"","100000007923148","FSD1","","",0.11752,,"",
"","100000007924214","FSD1","","",0.14679,,"",
"","100000007924227","FSD1","","",0.20481,,"",
"","100000007924250","FSD1","","",0.44951,,"",
"","100000007924261","FSD1","","",0.13984,,"",
"","100000007922224","FSD1","","",0.51349,,"",
"","100000007923294","FSD1","","",0.67846,,"",
"","100000007923310","FSD1","","",0.65047,,"",
"","100000007924419","FSD1","","",0.10482,,"",
"","100000007924453","FSD1","","",0.09367,,"",
"","100000007924304","FSD1","","",0.10354,,"",
"","100000007924306","FSD1","","",0.03698,,"",
"","100000007924325","FSD1","","",0.03222,,"",
"","100000007924326","FSD1","","",0.06558,,"",
"","100000007924345","FSD1","","",0.04696,,"",
"","100000007924374","FSD1","","",0.05184,,"",
"","100000007924397","FSD1","","",0.02836,,"",
"","100000007928813","FSD1","","",0.51021,,"",
"","100000007928807","FSD1","","",0.3757,,"",
"","100000007928830","FSD1","","",0.62812,,"",
"","100000007928857","FSD1","","",0.52888,,"",
"","100000007928897","FSD1","","",0.3757,,"",
"","100000007928173","FSD1","","",0.59283,,"",
"","100000007928197","FSD1","","",0.68574,,"",
"","100000007928217","FSD1","","",1.09377,,"",
"","100000007928116","FSD1","","",1.16383,,"",
"","100000007928133","FSD1","","",1.68924,,"",
"","100000007928154","FSD1","","",2.18279,,"",
"","100000007928174","FSD1","","",4.26161,,"",
"","100000007928029","FSD1","","",0.28338,,"",
"","100000007928047","FSD1","","",0.1253,,"",
"","100000007928090","FSD1","","",0.39428,,"",
"","100000007928063","FSD1","","",0.15405,,"",
"","100000007927972","FSD1","","",0.14062,,"",
"","100000007926870","FSD1","","",0.53284,,"",
"","100000007927638","FSD1","","",0.0483,,"",
"","100000007926942","FSD1","","",0.71407,,"",
"","100000007925547","FSD1","","",0.21198,,"",
"","100000007925571","FSD1","","",0.16147,,"",
"","100000007925587","FSD1","","",0.10371,,"",
"","100000007925614","FSD1","","",0.21847,,"",
"","100000007925520","FSD1","","",0.33048,,"",
"","100000007925581","FSD1","","",0.26668,,"",
"","100000007926494","FSD1","","",0.25414,,"",
"","100000007926457","FSD1","","",0.07859,,"",
"","100000007926495","FSD1","","",0.30063,,"",
"","100000007938965","FSD1","","",5.94641,,"",
"","100000007937693","FSD1","","",1.2027,,"",
"","100000007936174","FSD1","","",17.66321,,"",
"","100000007936191","FSD1","","",14.25324,,"",
"","100000007936149","FSD1","","",10.10922,,"",
"","100000007936159","FSD1","","",11.50601,,"",
"","100000007936202","FSD1","","",3.18964,,"",
"","100000007935583","FSD1","","",0.25231,,"",
"","100000007935597","FSD1","","",0.3359,,"",
"","100000007935490","FSD1","","",0.15187,,"",
"","100000007935507","FSD1","","",0.34065,,"",
"","100000007935529","FSD1","","",0.14344,,"",
"","100000030771391","FSD1","","",46.14582,,"",
"","100000007935181","FSD1","","",0.07291,,"",
"","100000007935210","FSD1","","",0.07135,,"",
"","100000007947244","FSD1","","",177.01981,,"",
"","100000007949407","FSD1","","",1.08769,,"",
"","100000007949464","FSD1","","",1.35522,,"",
"","100000007949477","FSD1","","",1.43921,,"",
"","100000007949386","FSD1","","",1.58008,,"",
"","100000007947451","FSD1","","",30.82091,,"",
"","100000007947358","FSD1","","",15.29031,,"",
"","100000007952579","FSD1","","",1.91962,,"",
"","100000007952365","FSD1","","",0.29053,,"",
"","100000007952388","FSD1","","",0.142,,"",
"","100000007952289","FSD1","","",0.21843,,"",
"","100000007950846","FSD1","","",8.43315,,"",
"","100000007951747","FSD1","","",6.6507,,"",
"","100000007951759","FSD1","","",7.04992,,"",
"","100000007951698","FSD1","","",8.25894,,"",
"","100000007950575","FSD1","","",12.1364,,"",
"","100000007950614","FSD1","","",2.42026,,"",
"","100000007950524","FSD1","","",3.13371,,"",
"","100000007950242","FSD1","","",1.43721,,"",
"","100000007960850","FSD1","","",0.38924,,"",
"","100000007961004","FSD1","","",0.67694,,"",
"","100000007960701","FSD1","","",1.01541,,"",
"","100000007960775","FSD1","","",1.40465,,"",
"","100000007960871","FSD1","","",4.6093,,"",
"","100000007960980","FSD1","","",7.09095,,"",
"","100000007961496","FSD1","","",1.04926,,"",
"","100000007961136","FSD1","","",1.32003,,"",
"","100000007961214","FSD1","","",2.02031,,"",
"","100000007964032","FSD1","","",177.1552,,"",
"","100000007988694","FSD1","","",6.02908,,"",
"","100000007988401","FSD1","","",12.0631,,"",
"","100000007983351","FSD1","","",4.08834,,"",
"","100000007983035","FSD1","","",11.67644,,"",
"","100000007983533","FSD1","","",29.326,,"",
"","100000007985602","FSD1","","",22.47441,,"",
"","100000007985675","FSD1","","",24.81706,,"",
"","100000007981117","FSD1","","",1686.55373,,"",
"","100000007977686","FSD1","","",7.12479,,"",
"","100000007977754","FSD1","","",4.51857,,"",
"","100000007977484","FSD1","","",3.06202,,"",
"","100000007980821","FSD1","","",103.96779,,"",
"","100000007978204","FSD1","","",4.78935,,"",
"","100000007978341","FSD1","","",0.16924,,"",
"","100000008006938","FSD1","","",0.36144,,"",
"","100000007995089","FSD1","","",7.18828,,"",
"","100000007995112","FSD1","","",29.27088,,"",
"","100000007991910","FSD1","","",4.23088,,"",
"","100000007991472","FSD1","","",5.73707,,"",
"","100000007991882","FSD1","","",4.87053,,"",
"","100000007994534","FSD1","","",27.27336,,"",
"","100000007992336","FSD1","","",3.13085,,"",
"","100000007988937","FSD1","","",13.45884,,"",
"","100000007989007","FSD1","","",11.77299,,"",
"","100000007988743","FSD1","","",15.07254,,"",
"","100000007988790","FSD1","","",21.96467,,"",
"","100000007989681","FSD1","","",7.26018,,"",
"","100000007989760","FSD1","","",3.31701,,"",
"","100000008007715","FSD1","","",3.48864,,"",
"","100000008007813","FSD1","","",5.66904,,"",
"","100000008008107","FSD1","","",3.03292,,"",
"","100000008006790","FSD1","","",6.96314,,"",
"","100000007954720","FSD1","","",252.93675,,"",
"","100000007954657","FSD1","","",21.98673,,"",
"","100000007956912","FSD1","","",4.16267,,"",
"","100000007956938","FSD1","","",7.07509,,"",
"","100000007956701","FSD1","","",1.6585,,"",
"","100000007956702","FSD1","","",1.99697,,"",
"","100000007956696","FSD1","","",2.95378,,"",
"","100000007956721","FSD1","","",2.2339,,"",
"","100000007956735","FSD1","","",2.04774,,"",
"","100000007956762","FSD1","","",2.60622,,"",
"","100000007925966","FSD1","","",24.12331,,"",
"","100000007923937","FSD1","","",0.33233,,"",
"","100000007925964","FSD1","","",0.32305,,"",
"","100000007925847","FSD1","","",0.1428,,"",
"","100000007925837","FSD1","","",0.33984,,"",
"","100000007923213","FSD1","","",0.12936,,"",
"","100000007923241","FSD1","","",0.45231,,"",
"","100000007923149","FSD1","","",0.35935,,"",
"","100000007923188","FSD1","","",0.11677,,"",
"","100000007924720","FSD1","","",0.65167,,"",
"","100000007924285","FSD1","","",0.15434,,"",
"","100000007922125","FSD1","","",0.22537,,"",
"","100000007922081","FSD1","","",0.34473,,"",
"","100000007922126","FSD1","","",0.07573,,"",
"","100000007923261","FSD1","","",0.31825,,"",
"","100000007924101","FSD1","","",0.34632,,"",
"","100000007924144","FSD1","","",0.58863,,"",
"","100000007924085","FSD1","","",0.53204,,"",
"","100000007924437","FSD1","","",0.05742,,"",
"","100000007924458","FSD1","","",0.03122,,"",
"","100000007924365","FSD1","","",0.06465,,"",
"","100000007922614","FSD1","","",0.72441,,"",
"","100000007922628","FSD1","","",0.67129,,"",
"","100000007922647","FSD1","","",0.39493,,"",
"","100000007922554","FSD1","","",0.47085,,"",
"","100000007926094","FSD1","","",0.11083,,"",
"","100000007925981","FSD1","","",0.14586,,"",
"","100000007926046","FSD1","","",0.15419,,"",
"","100000007926085","FSD1","","",0.27871,,"",
"","100000007926037","FSD1","","",0.23566,,"",
"","100000007926055","FSD1","","",0.10572,,"",
"","100000007929594","FSD1","","",78.03934,,"",
"","100000007929621","FSD1","","",0.53099,,"",
"","100000007929569","FSD1","","",1.12621,,"",
"","100000007928397","FSD1","","",1.6141,,"",
"","100000007928056","FSD1","","",0.12361,,"",
"","100000007928008","FSD1","","",0.10459,,"",
"","100000007928478","FSD1","","",6.37494,,"",
"","100000007928299","FSD1","","",51.11959,,"",
"","100000007928315","FSD1","","",51.11959,,"",
"","100000007928340","FSD1","","",56.22684,,"",
"","100000007927701","FSD1","","",0.09164,,"",
"","100000007927642","FSD1","","",0.18954,,"",
"","100000007927664","FSD1","","",0.10205,,"",
"","100000007926536","FSD1","","",0.13432,,"",
"","100000007926068","FSD1","","",0.29785,,"",
"","100000007926076","FSD1","","",0.10591,,"",
"","100000007925974","FSD1","","",0.11601,,"",
"","100000007926029","FSD1","","",0.10663,,"",
"","100000007940143","FSD1","","",2.44966,,"",
"","100000007940159","FSD1","","",3.72371,,"",
"","100000007940169","FSD1","","",3.75793,,"",
"","100000007940187","FSD1","","",3.5254,,"",
"","100000007940198","FSD1","","",4.75496,,"",
"","100000007940213","FSD1","","",2.36365,,"",
"","100000007940234","FSD1","","",2.44628,,"",
"","100000007940100","FSD1","","",4.12297,,"",
"","100000007937669","FSD1","","",0.18961,,"",
"","100000007939404","FSD1","","",1.55696,,"",
"","100000007939443","FSD1","","",1.55696,,"",
"","100000007939358","FSD1","","",17.12658,,"",
"","100000007939383","FSD1","","",17.12658,,"",
"","100000007949411","FSD1","","",1.91901,,"",
"","100000007949446","FSD1","","",2.13918,,"",
"","100000007949469","FSD1","","",2.74981,,"",
"","100000007949480","FSD1","","",2.75183,,"",
"","100000007949390","FSD1","","",2.93257,,"",
"","100000007949404","FSD1","","",3.97096,,"",
"","100000007949396","FSD1","","",4.15682,,"",
"","100000007948890","FSD1","","",4.25332,,"",
"","100000007948907","FSD1","","",18.40185,,"",
"","100000007948933","FSD1","","",12.60183,,"",
"","100000007948948","FSD1","","",4.96153,,"",
"","100000007948974","FSD1","","",4.04137,,"",
"","100000007948227","FSD1","","",22.43597,,"",
"","100000007948247","FSD1","","",24.18908,,"",
"","100000007948272","FSD1","","",27.22522,,"",
"","100000007948290","FSD1","","",30.15947,,"",
"","100000007948169","FSD1","","",30.54127,,"",
"","100000007948192","FSD1","","",36.43635,,"",
"","100000007948219","FSD1","","",17.9966,,"",
"","100000007948238","FSD1","","",25.15639,,"",
"","100000007948262","FSD1","","",19.03386,,"",
"","100000007952578","FSD1","","",2.07191,,"",
"","100000007947069","FSD1","","",11.12725,,"",
"","100000007947165","FSD1","","",4.71179,,"",
"","100000007966207","FSD1","","",13.03375,,"",
"","100000007966183","FSD1","","",5.70322,,"",
"","100000007961272","FSD1","","",2.5216,,"",
"","100000007961243","FSD1","","",1.86159,,"",
"","100000007961327","FSD1","","",2.53853,,"",
"","100000007961384","FSD1","","",3.05105,,"",
"","100000007961469","FSD1","","",3.60471,,"",
"","100000007963328","FSD1","","",2.70776,,"",
"","100000007963362","FSD1","","",10.69565,,"",
"","100000007963419","FSD1","","",1.79389,,"",
"","100000007963463","FSD1","","",2.2339,,"",
"","100000007963548","FSD1","","",2.60622,,"",
"","100000007963262","FSD1","","",4.16318,,"",
"","100000007963301","FSD1","","",9.71409,,"",
"","100000007963420","FSD1","","",0.88979,,"",
"","100000007962272","FSD1","","",2.18313,,"",
"","100000007960413","FSD1","","",32.98294,,"",
"","100000007968825","FSD1","","",33.91135,,"",
"","100000007975095","FSD1","","",1.03501,,"",
"","100000007985445","FSD1","","",25.40217,,"",
"","100000007985532","FSD1","","",28.02867,,"",
"","100000007985649","FSD1","","",24.2718,,"",
"","100000007985699","FSD1","","",27.35019,,"",
"","100000007985752","FSD1","","",27.67437,,"",
"","100000007985427","FSD1","","",5.19032,,"",
"","100000007981264","FSD1","","",36.45787,,"",
"","100000007980967","FSD1","","",45.05376,,"",
"","100000007981019","FSD1","","",31.90064,,"",
"","100000007981066","FSD1","","",5.0601,,"",
"","100000007981144","FSD1","","",5.51589,,"",
"","100000007978468","FSD1","","",22.89133,,"",
"","100000007978521","FSD1","","",30.39982,,"",
"","100000007991384","FSD1","","",6.75248,,"",
"","100000007997960","FSD1","","",16.61593,,"",
"","100000007998183","FSD1","","",4.91867,,"",
"","100000007995158","FSD1","","",22.78617,,"",
"","100000007989267","FSD1","","",5.55091,,"",
"","100000007991286","FSD1","","",5.56783,,"",
"","100000007991359","FSD1","","",6.38016,,"",
"","100000007957677","FSD1","","",0.1095,,"",
"","100000007957692","FSD1","","",0.0969,,"",
"","100000007956480","FSD1","","",5.53398,,"",
"","100000007956824","FSD1","","",7.39557,,"",
"","100000007956742","FSD1","","",2.33544,,"",
"","100000007956779","FSD1","","",2.67391,,"",
"","100000007956795","FSD1","","",3.23239,,"",
"","100000007956687","FSD1","","",2.75853,,"",
"","100000007956728","FSD1","","",2.74161,,"",
"","100000007956755","FSD1","","",3.62163,,"",
"","100000007953653","FSD1","","",0.37567,,"",
"","100000007953693","FSD1","","",1.09827,,"",
"","100000007953581","FSD1","","",0.62674,,"",
"","100000007921562","FSD1","","",73.44203,,"",
"","100000007925459","FSD1","","",7.02339,,"",
"","100000007925497","FSD1","","",7.32247,,"",
"","100000007925365","FSD1","","",12.48352,,"",
"","100000007925415","FSD1","","",8.36564,,"",
"","100000007925445","FSD1","","",14.19066,,"",
"","100000007925717","FSD1","","",13.95551,,"",
"","100000007925737","FSD1","","",23.70283,,"",
"","100000007925766","FSD1","","",13.27436,,"",
"","100000007924823","FSD1","","",0.04688,,"",
"","100000007924758","FSD1","","",0.42398,,"",
"","100000007925065","FSD1","","",0.046,,"",
"","100000007925018","FSD1","","",0.07353,,"",
"","100000007923500","FSD1","","",0.16754,,"",
"","100000007923517","FSD1","","",0.88398,,"",
"","100000007923394","FSD1","","",1.37449,,"",
"","100000007923455","FSD1","","",0.48906,,"",
"","100000007924423","FSD1","","",0.34959,,"",
"","100000007922256","FSD1","","",0.29802,,"",
"","100000007923760","FSD1","","",0.44116,,"",
"","100000007923777","FSD1","","",0.38279,,"",
"","100000007923677","FSD1","","",0.4253,,"",
"","100000007923703","FSD1","","",0.26125,,"",
"","100000007923751","FSD1","","",0.1252,,"",
"","100000007927496","FSD1","","",0.66895,,"",
"","100000007927187","FSD1","","",1.00988,,"",
"","100000007927128","FSD1","","",0.90908,,"",
"","100000007927123","FSD1","","",0.12987,,"",
"","100000007927139","FSD1","","",0.53345,,"",
"","100000007927108","FSD1","","",0.53678,,"",
"","100000007927124","FSD1","","",0.06583,,"",
"","100000007926192","FSD1","","",0.14206,,"",
"","100000007929504","FSD1","","",0.68378,,"",
"","100000007929520","FSD1","","",0.6887,,"",
"","100000007929427","FSD1","","",0.72619,,"",
"","100000007929465","FSD1","","",0.77222,,"",
"","100000007929486","FSD1","","",1.06197,,"",
"","100000007927039","FSD1","","",0.25214,,"",
"","100000007927056","FSD1","","",0.22195,,"",
"","100000007927726","FSD1","","",1.86157,,"",
"","100000007927748","FSD1","","",1.56373,,"",
"","100000007927760","FSD1","","",0.86885,,"",
"","100000007927781","FSD1","","",0.86885,,"",
"","100000007927795","FSD1","","",0.86885,,"",
"","100000007927754","FSD1","","",1.82709,,"",
"","100000007927767","FSD1","","",1.75818,,"",
"","100000007927799","FSD1","","",3.67287,,"",
"","100000007927805","FSD1","","",3.94395,,"",
"","100000007927820","FSD1","","",3.90858,,"",
"","100000007927725","FSD1","","",4.7781,,"",
"","100000007927734","FSD1","","",4.61594,,"",
"","100000007928535","FSD1","","",4.81091,,"",
"","100000007928545","FSD1","","",4.94207,,"",
"","100000007940071","FSD1","","",52.1413,,"",
"","100000007940093","FSD1","","",52.1413,,"",
"","100000007939960","FSD1","","",61.92309,,"",
"","100000007939983","FSD1","","",61.92309,,"",
"","100000007940479","FSD1","","",10.2686,,"",
"","100000007940531","FSD1","","",5.56553,,"",
"","100000007940563","FSD1","","",3.16185,,"",
"","100000007940446","FSD1","","",4.10422,,"",
"","100000007940519","FSD1","","",2.72438,,"",
"","100000007949055","FSD1","","",14.0911,,"",
"","100000007946885","FSD1","","",4.68811,,"",
"","100000007968400","FSD1","","",54.59643,,"",
"","100000007968265","FSD1","","",28.71309,,"",
"","100000007968326","FSD1","","",25.99707,,"",
"","100000007968376","FSD1","","",161.50204,,"",
"","100000007968084","FSD1","","",38.96812,,"",
"","100000007965973","FSD1","","",11.3049,,"",
"","100000007966037","FSD1","","",10.98335,,"",
"","100000007970405","FSD1","","",72.34796,,"",
"","100000007970236","FSD1","","",76.9737,,"",
"","100000007965431","FSD1","","",8.07251,,"",
"","100000007965477","FSD1","","",9.08792,,"",
"","100000007964841","FSD1","","",1.81955,,"",
"","100000007964901","FSD1","","",2.31852,,"",
"","100000007964507","FSD1","","",3.35085,,"",
"","100000007964844","FSD1","","",2.67391,,"",
"","100000007964903","FSD1","","",4.77243,,"",
"","100000007964509","FSD1","","",7.93712,,"",
"","100000007970925","FSD1","","",3.13085,,"",
"","100000007959876","FSD1","","",0.77848,,"",
"","100000007959913","FSD1","","",1.1508,,"",
"","100000007973267","FSD1","","",1.10345,,"",
"","100000007973342","FSD1","","",1.06241,,"",
"","100000007973127","FSD1","","",2.55545,,"",
"","100000007973196","FSD1","","",3.65548,,"",
"","100000007980190","FSD1","","",19.53628,,"",
"","100000007979888","FSD1","","",19.51936,,"",
"","100000007979954","FSD1","","",12.34324,,"",
"","100000007980000","FSD1","","",14.91891,,"",
"","100000007980065","FSD1","","",19.42325,,"",
"","100000007980110","FSD1","","",13.7964,,"",
"","100000007980170","FSD1","","",23.47015,,"",
"","100000007979869","FSD1","","",4.83538,,"",
"","100000007979911","FSD1","","",4.75716,,"",
"","100000007979957","FSD1","","",4.76515,,"",
"","100000007979979","FSD1","","",4.80193,,"",
"","100000007980023","FSD1","","",4.77883,,"",
"","100000007980045","FSD1","","",5.5512,,"",
"","100000007980088","FSD1","","",5.66642,,"",
"","100000007976046","FSD1","","",0.16668,,"",
"","100000007976913","FSD1","","",0.28057,,"",
"","100000007976633","FSD1","","",0.32476,,"",
"","100000007984965","FSD1","","",18.66439,,"",
"","100000007985047","FSD1","","",4.26472,,"",
"","100000007985103","FSD1","","",4.69207,,"",
"","100000007985180","FSD1","","",5.37028,,"",
"","100000007985233","FSD1","","",4.36838,,"",
"","100000007984882","FSD1","","",35.01472,,"",
"","100000007993830","FSD1","","",7.09861,,"",
"","100000007993573","FSD1","","",0.32877,,"",
"","100000007993273","FSD1","","",0.32845,,"",
"","100000007993339","FSD1","","",2.43576,,"",
"","100000007993424","FSD1","","",5.60469,,"",
"","100000007993146","FSD1","","",3.76272,,"",
"","100000007990768","FSD1","","",2.77545,,"",
"","100000007990816","FSD1","","",3.50316,,"",
"","100000007990890","FSD1","","",3.92625,,"",
"","100000007990680","FSD1","","",10.45872,,"",
"","100000007990769","FSD1","","",4.84012,,"",
"","100000008008710","FSD1","","",0.64274,,"",
"","100000008009681","FSD1","","",1.88575,,"",
"","100000007993877","FSD1","","",50.84361,,"",
"","100000007957707","FSD1","","",0.29521,,"",
"","100000007956771","FSD1","","",4.29857,,"",
"","100000007956797","FSD1","","",4.56935,,"",
"","100000007921581","FSD1","","",64.60127,,"",
"","100000007921554","FSD1","","",81.52734,,"",
"","100000007921502","FSD1","","",38.48506,,"",
"","100000007921514","FSD1","","",42.31942,,"",
"","100000007921552","FSD1","","",1.17281,,"",
"","100000007921576","FSD1","","",7.85013,,"",
"","100000007921594","FSD1","","",9.36857,,"",
"","100000007925784","FSD1","","",15.49332,,"",
"","100000007925793","FSD1","","",34.74247,,"",
"","100000007925692","FSD1","","",41.35985,,"",
"","100000007923891","FSD1","","",0.43074,,"",
"","100000007923805","FSD1","","",0.47049,,"",
"","100000007925046","FSD1","","",0.20794,,"",
"","100000007925070","FSD1","","",0.09027,,"",
"","100000007923376","FSD1","","",0.67829,,"",
"","100000007923286","FSD1","","",0.60671,,"",
"","100000007924220","FSD1","","",0.78858,,"",
"","100000007924208","FSD1","","",0.45338,,"",
"","100000007924231","FSD1","","",0.617,,"",
"","100000007922228","FSD1","","",0.30163,,"",
"","100000007923761","FSD1","","",0.67657,,"",
"","100000007923786","FSD1","","",0.56306,,"",
"","100000007923660","FSD1","","",0.56404,,"",
"","100000007923685","FSD1","","",0.21269,,"",
"","100000007924384","FSD1","","",0.0991,,"",
"","100000007927146","FSD1","","",0.74093,,"",
"","100000007927162","FSD1","","",1.16031,,"",
"","100000007928574","FSD1","","",3.86113,,"",
"","100000007927148","FSD1","","",0.68736,,"",
"","100000007927194","FSD1","","",0.18042,,"",
"","100000007927159","FSD1","","",0.23954,,"",
"","100000007927175","FSD1","","",0.14158,,"",
"","100000007927199","FSD1","","",1.85487,,"",
"","100000007927215","FSD1","","",0.20642,,"",
"","100000007926202","FSD1","","",0.1318,,"",
"","100000007926219","FSD1","","",0.11611,,"",
"","100000007927392","FSD1","","",0.19851,,"",
"","100000007927459","FSD1","","",0.22891,,"",
"","100000007927011","FSD1","","",0.17243,,"",
"","100000007927032","FSD1","","",0.07066,,"",
"","100000007927077","FSD1","","",0.2506,,"",
"","100000007927006","FSD1","","",0.10723,,"",
"","100000007927040","FSD1","","",0.13573,,"",
"","100000007925427","FSD1","","",0.4138,,"",
"","100000007925463","FSD1","","",0.29938,,"",
"","100000007928708","FSD1","","",0.5444,,"",
"","100000007928735","FSD1","","",0.40264,,"",
"","100000007928759","FSD1","","",1.19187,,"",
"","100000007928786","FSD1","","",0.40733,,"",
"","100000007927787","FSD1","","",1.75818,,"",
"","100000007928707","FSD1","","",1.12775,,"",
"","100000007928583","FSD1","","",3.76824,,"",
"","100000007928599","FSD1","","",3.76551,,"",
"","100000007940552","FSD1","","",2.70764,,"",
"","100000007940416","FSD1","","",3.47329,,"",
"","100000007940845","FSD1","","",3.10497,,"",
"","100000007950095","FSD1","","",163.55987,,"",
"","100000007950051","FSD1","","",11.10452,,"",
"","100000007948325","FSD1","","",28.7697,,"",
"","100000007948710","FSD1","","",13.08324,,"",
"","100000007968131","FSD1","","",26.67419,,"",
"","100000007971946","FSD1","","",2.13236,,"",
"","100000007970383","FSD1","","",41.44266,,"",
"","100000007970504","FSD1","","",212.96532,,"",
"","100000007970299","FSD1","","",38.3905,,"",
"","100000007969285","FSD1","","",17.95583,,"",
"","100000007969322","FSD1","","",39.99023,,"",
"","100000007969385","FSD1","","",30.83462,,"",
"","100000007969453","FSD1","","",8.05559,,"",
"","100000007964756","FSD1","","",1.16772,,"",
"","100000007963703","FSD1","","",0.55848,,"",
"","100000007963745","FSD1","","",0.99849,,"",
"","100000007963769","FSD1","","",1.14697,,"",
"","100000007963643","FSD1","","",1.1508,,"",
"","100000007963692","FSD1","","",1.82774,,"",
"","100000007963728","FSD1","","",2.50468,,"",
"","100000007963755","FSD1","","",1.06618,,"",
"","100000007959946","FSD1","","",2.18313,,"",
"","100000007960030","FSD1","","",4.36626,,"",
"","100000007959837","FSD1","","",0.74463,,"",
"","100000007959877","FSD1","","",0.8631,,"",
"","100000007962121","FSD1","","",1.06618,,"",
"","100000007962192","FSD1","","",2.1392,,"",
"","100000007961882","FSD1","","",1.70927,,"",
"","100000007961934","FSD1","","",1.76896,,"",
"","100000007973038","FSD1","","",5.94406,,"",
"","100000007986702","FSD1","","",49.09854,,"",
"","100000007986516","FSD1","","",26.29138,,"",
"","100000007984391","FSD1","","",36.23787,,"",
"","100000007980132","FSD1","","",5.61194,,"",
"","100000007980193","FSD1","","",3.55236,,"",
"","100000007979890","FSD1","","",3.57875,,"",
"","100000007979912","FSD1","","",3.55783,,"",
"","100000007978995","FSD1","","",3.53382,,"",
"","100000007979003","FSD1","","",3.30536,,"",
"","100000007979024","FSD1","","",4.40447,,"",
"","100000007979050","FSD1","","",4.64428,,"",
"","100000007979838","FSD1","","",2.28784,,"",
"","100000007979521","FSD1","","",2.34198,,"",
"","100000007979573","FSD1","","",2.34088,,"",
"","100000007979624","FSD1","","",2.33268,,"",
"","100000007979699","FSD1","","",3.53817,,"",
"","100000007976786","FSD1","","",0.13539,,"",
"","100000007976834","FSD1","","",0.09968,,"",
"","100000007976893","FSD1","","",0.15231,,"",
"","100000007976933","FSD1","","",0.16924,,"",
"","100000007976655","FSD1","","",0.20308,,"",
"","100000007976741","FSD1","","",0.23202,,"",
"","100000007976835","FSD1","","",0.2877,,"",
"","100000007976423","FSD1","","",3.57086,,"",
"","100000007976495","FSD1","","",3.19854,,"",
"","100000007976540","FSD1","","",5.34607,,"",
"","100000007976608","FSD1","","",0.73758,,"",
"","100000007976289","FSD1","","",0.99849,,"",
"","100000007974480","FSD1","","",3.50316,,"",
"","100000007985788","FSD1","","",51.83668,,"",
"","100000007985881","FSD1","","",16.39887,,"",
"","100000007985918","FSD1","","",19.49587,,"",
"","100000007985789","FSD1","","",23.25856,,"",
"","100000007987854","FSD1","","",6.98831,,"",
"","100000007987729","FSD1","","",4.65686,,"",
"","100000007987903","FSD1","","",5.23872,,"",
"","100000007957243","DTR1","","",12.88224,,"",
"","100000007957122","DTR1","","",19.72512,,"",
"","100000007957138","DTR1","","",22.47264,,"",
"","100000007957151","DTR1","","",44.94528,,"",
"","100000007957178","DTR1","","",7.02432,,"",
"","100000007957198","DTR1","","",7.54272,,"",
"","100000007957224","DTR1","","",11.94912,,"",
"","100000007957244","DTR1","","",9.38304,,"",
"","100000007957123","DTR1","","",8.71872,,"",
"","100000007957139","DTR1","","",14.07456,,"",
"","100000007957993","DTR1","","",14.07456,,"",
"","100000007939184","DTR1","","",155.37736,,"",
"","100000007939081","DTR1","","",194.24455,,"",
"","100000007955101","DTR1","","",0.3417,,"",
"","100000007955121","DTR1","","",0.4563,,"",
"","100000007958033","DTR1","","",11.98416,,"",
"","100000007998745","DTR1","","",28.31155,,"",
"","100000007998324","DTR1","","",4.39391,,"",
"","100000007998575","DTR1","","",2.94545,,"",
"","100000007998855","DTR1","","",2.99264,,"",
"","100000007957708","DTR1","","",1.91808,,"",
"","100000007957725","DTR1","","",1.91808,,"",
"","100000007957748","DTR1","","",2.77344,,"",
"","100000007959364","DTR1","","",2.3328,,"",
"","100000007961614","DTR1","","",2.45952,,"",
"","100000007958349","DTR1","","",1.37376,,"",
"","100000007958356","DTR1","","",54.90552,,"",
"","100000007958461","DTR1","","",26.27136,,"",
"","100000007957321","DTR1","","",14.67072,,"",
"","100000007957350","DTR1","","",25.76448,,"",
"","100000007957374","DTR1","","",10.86048,,"",
"","100000007957396","DTR1","","",13.40064,,"",
"","100000007957281","DTR1","","",16.95168,,"",
"","100000007957640","DTR1","","",16.38144,,"",
"","100000007957542","DTR1","","",0.64464,,"",
"","100000007957585","DTR1","","",0.19992,,"",
"","100000007957610","DTR1","","",0.27312,,"",
"","100000007957631","DTR1","","",0.32424,,"",
"","100000007960042","DTR1","","",0.57024,,"",
"","100000007959850","DTR1","","",1.01088,,"",
"","100000007940037","DTR1","","",93.37609,,"",
"","100000007940069","DTR1","","",120.00682,,"",
"","100000007939989","DTR1","","",175.94918,,"",
"","100000007958054","DTR1","","",14.80992,,"",
"","100000007957972","DTR1","","",12.67488,,"",
"","100000007957984","DTR1","","",14.28192,,"",
"","100000007958008","DTR1","","",14.98176,,"",
"","100000007958058","DTR1","","",12.41568,,"",
"","100000007957955","DTR1","","",14.02128,,"",
"","100000007957974","DTR1","","",14.48712,,"",
"","100000008009455","DTR1","","",1.56109,,"",
"","100000008008297","DTR1","","",1.56109,,"",
"","100000007998325","DTR1","","",1.245,,"",
"","100000007991910","DTR1","","",6.37009,,"",
"","100000007991472","DTR1","","",9.98509,,"",
"","100000007991882","DTR1","","",8.47691,,"",
"","100000007961683","DTR1","","",3.05856,,"",
"","100000007958871","DTR1","","",18.56256,,"",
"","100000007960413","DTR1","","",50.51664,,"",
"","100000007959886","DTR1","","",1.60704,,"",
"","100000007959908","DTR1","","",2.48832,,"",
"","100000007959974","DTR1","","",4.97664,,"",
"","100000007960055","DTR1","","",0.72576,,"",
"","100000007959876","DTR1","","",1.19232,,"",
"","100000007959913","DTR1","","",1.76256,,"",
"","100000007959946","DTR1","","",3.34368,,"",
"","100000007939968","DTR1","","",81.45955,,"",
"","100000007941016","DTR1","","",95.98336,,"",
"","100000007939174","DTR1","","",231.50945,,"",
"","100000007939361","DTR1","","",164.27864,,"",
"","100000007939424","DTR1","","",152.58982,,"",
"","100000007937706","DTR1","","",75.71673,,"",
"","100000007954580","DTR1","","",25.40712,,"",
"","100000007957989","DTR1","","",24.33888,,"",
"","100000007958012","DTR1","","",23.22432,,"",
"","100000007958052","DTR1","","",11.19744,,"",
"","100000007957956","DTR1","","",18.09216,,"",
"","100000007957970","DTR1","","",27.26784,,"",
"","100000008009076","DTR1","","",0.85418,,"",
"","100000008008517","DTR1","","",0.85418,,"",
"","100000008008706","DTR1","","",0.85418,,"",
"","100000008008999","DTR1","","",0.80564,,"",
"","100000008009483","DTR1","","",0.84709,,"",
"","100000008008227","DTR1","","",0.81682,,"",
"","100000007991756","DTR1","","",8.77745,,"",
"","100000007991852","DTR1","","",9.92618,,"",
"","100000007961496","DTR1","","",1.60704,,"",
"","100000007961136","DTR1","","",2.02176,,"",
"","100000007961214","DTR1","","",3.09432,,"",
"","100000007953033","DTR1","","",118.8696,,"",
"","100000007956320","DTR1","","",4.68327,,"",
"","100000007955609","DTR1","","",4.41845,,"",
"","100000007960030","DTR1","","",6.68736,,"",
"","100000007959837","DTR1","","",1.14048,,"",
"","100000007959877","DTR1","","",1.21632,,"",
"","100000007962121","DTR1","","",1.63296,,"",
"","100000007962192","DTR1","","",3.27648,,"",
"","100000007961882","DTR1","","",2.61792,,"",
"","100000007961934","DTR1","","",2.47944,,"",
"","100000007956912","DTR1","","",6.3756,,"",
"","100000007956938","DTR1","","",10.83624,,"",
"","100000007955000","DTR1","","",0.30845,,"",
"","100000007955014","DTR1","","",0.372,,"",
"","100000007955035","DTR1","","",0.52855,,"",
"","100000007954934","DTR1","","",0.55336,,"",
"","100000007954954","DTR1","","",0.59127,,"",
"","100000007954969","DTR1","","",0.62127,,"",
"","100000007954993","DTR1","","",0.71209,,"",
"","100000007955041","DTR1","","",0.65482,,"",
"","100000007941358","DTR1","","",378.49964,,"",
"","100000007937794","DTR1","","",115.39445,,"",
"","100000007953745","DTR1","","",37.584,,"",
"","100000007953806","DTR1","","",80.8248,,"",
"","100000007953828","DTR1","","",313.47648,,"",
"","100000007953761","DTR1","","",0.11304,,"",
"","100000007953796","DTR1","","",0.1344,,"",
"","100000007953657","DTR1","","",37.94928,,"",
"","100000007956247","DTR1","","",1.11927,,"",
"","100000007956321","DTR1","","",1.245,,"",
"","100000007956248","DTR1","","",2.63591,,"",
"","100000007955505","DTR1","","",6.21491,,"",
"","100000007955545","DTR1","","",6.42055,,"",
"","100000007956940","DTR1","","",2.38464,,"",
"","100000007956959","DTR1","","",3.60288,,"",
"","100000007956908","DTR1","","",3.99168,,"",
"","100000007954950","DTR1","","",0.67064,,"",
"","100000007938519","DTR1","","",80.92773,,"",
"","100000007937700","DTR1","","",89.41118,,"",
"","100000007940471","DTR1","","",127.01809,,"",
"","100000007960054","DTR1","","",1.0296,,"",
"","100000007959885","DTR1","","",1.13376,,"",
"","100000007959923","DTR1","","",1.78848,,"",
"","100000007959959","DTR1","","",2.58024,,"",
"","100000007960010","DTR1","","",3.47328,,"",
"","100000007995089","DTR1","","",13.47327,,"",
"","100000007995112","DTR1","","",54.86373,,"",
"","100000007995158","DTR1","","",42.70909,,"",
"","100000007994989","DTR1","","",47.304,,"",
"","100000007953819","DTR1","","",0.29064,,"",
"","100000007953723","DTR1","","",0.14304,,"",
"","100000007956436","DTR1","","",40.72032,,"",
"","100000007956460","DTR1","","",8.99904,,"",
"","100000007956480","DTR1","","",8.47584,,"",
"","100000007956701","DTR1","","",2.54016,,"",
"","100000007956702","DTR1","","",3.05856,,"",
"","100000007956696","DTR1","","",4.524,,"",
"","100000007953653","DTR1","","",0.66408,,"",
"","100000007953693","DTR1","","",1.94136,,"",
"","100000007954231","DTR1","","",4.86288,,"",
"","100000007954232","DTR1","","",10.39776,,"",
"","100000007955933","DTR1","","",7.15745,,"",
"","100000007954036","DTR1","","",1.8144,,"",
"","100000007954073","DTR1","","",3.26664,,"",
"","100000007954102","DTR1","","",1.94448,,"",
"","100000007956828","DTR1","","",5.90976,,"",
"","100000007941232","DTR1","","",641.36073,,"",
"","100000007938449","DTR1","","",101.72536,,"",
"","100000007938421","DTR1","","",73.71955,,"",
"","100000007955746","DTR1","","",3.96576,,"",
"","100000007995045","DTR1","","",49.41818,,"",
"","100000008002886","DTR1","","",6.08155,,"",
"","100000008003106","DTR1","","",4.84773,,"",
"","100000008002757","DTR1","","",197.76191,,"",
"","100000007956824","DTR1","","",11.32704,,"",
"","100000007956742","DTR1","","",3.57696,,"",
"","100000007956779","DTR1","","",4.09536,,"",
"","100000007956795","DTR1","","",4.95072,,"",
"","100000007956687","DTR1","","",4.22496,,"",
"","100000007956728","DTR1","","",4.19904,,"",
"","100000007956755","DTR1","","",5.54688,,"",
"","100000007956721","DTR1","","",3.42144,,"",
"","100000007956735","DTR1","","",3.13632,,"",
"","100000007956762","DTR1","","",3.99168,,"",
"","100000007956780","DTR1","","",5.65056,,"",
"","100000007956688","DTR1","","",4.84704,,"",
"","100000007956713","DTR1","","",4.1472,,"",
"","100000007956727","DTR1","","",4.63968,,"",
"","100000007956754","DTR1","","",17.13312,,"",
"","100000007953581","DTR1","","",1.10784,,"",
"","100000007957487","DTR1","","",12.77856,,"",
"","100000007957501","DTR1","","",15.6636,,"",
"","100000007957536","DTR1","","",2.35872,,"",
"","100000007957421","DTR1","","",3.60288,,"",
"","100000007957494","DTR1","","",15.37056,,"",
"","100000007957506","DTR1","","",19.6992,,"",
"","100000007956982","DTR1","","",5.59872,,"",
"","100000007953989","DTR1","","",9.26664,,"",
"","100000007954665","DTR1","","",333.46104,,"",
"","100000007939557","DTR1","","",120.099,,"",
"","100000007939587","DTR1","","",93.96573,,"",
"","100000007939496","DTR1","","",95.44227,,"",
"","100000007939819","DTR1","","",222.59073,,"",
"","100000007938430","DTR1","","",99.12082,,"",
"","100000007938514","DTR1","","",81.83209,,"",
"","100000007955122","DTR1","","",0.8232,,"",
"","100000007955146","DTR1","","",1.2867,,"",
"","100000007955045","DTR1","","",0.2694,,"",
"","100000007955065","DTR1","","",0.9657,,"",
"","100000007956852","DTR1","","",3.57696,,"",
"","100000007956880","DTR1","","",4.09536,,"",
"","100000007956950","DTR1","","",4.4064,,"",
"","100000007956973","DTR1","","",4.69152,,"",
"","100000007956771","DTR1","","",6.58368,,"",
"","100000007956797","DTR1","","",6.9984,,"",
"","100000007956815","DTR1","","",6.42816,,"",
"","100000007956704","DTR1","","",9.3312,,"",
"","100000007956743","DTR1","","",3.264,,"",
"","100000007956770","DTR1","","",5.85792,,"",
"","100000007956796","DTR1","","",7.95744,,"",
"","100000007958101","DTR1","","",2.15328,,"",
"","100000007958237","DTR1","","",1.8144,,"",
"","100000007958082","DTR1","","",2.25504,,"",
"","100000007957463","DTR1","","",0.57024,,"",
"","100000007957488","DTR1","","",0.88128,,"",
"","100000007957502","DTR1","","",1.73664,,"",
"","100000007957527","DTR1","","",0.67392,,"",
"","100000007957416","DTR1","","",1.30872,,"",
"","100000007957499","DTR1","","",0.20736,,"",
"","100000007957526","DTR1","","",0.31104,,"",
"","100000007957414","DTR1","","",0.41472,,"",
"","100000007957435","DTR1","","",1.08864,,"",
"","100000007957451","DTR1","","",2.2092,,"",
"","100000007957010","DTR1","","",6.2208,,"",
"","100000007957028","DTR1","","",7.82784,,"",
"","100000007957057","DTR1","","",3.96576,,"",
"","100000007957076","DTR1","","",3.42144,,"",
"","100000007957101","DTR1","","",4.89888,,"",
"","100000007956994","DTR1","","",5.78016,,"",
"","100000007957011","DTR1","","",6.03936,,"",
"","100000007957035","DTR1","","",6.50592,,"",
"","100000007957058","DTR1","","",9.09792,,"",
"","100000007957083","DTR1","","",10.13472,,"",
"","100000007957102","DTR1","","",6.29856,,"",
"","100000007954887","DTR1","","",1.8156,,"",
"","100000007954779","DTR1","","",1.74456,,"",
"","100000007957302","DTR1","","",8.00928,,"",
"","100000007957329","DTR1","","",9.66816,,"",
"","100000007957344","DTR1","","",11.84544,,"",
"","100000007954720","DTR1","","",447.12,,"",
"","100000007954657","DTR1","","",36.64992,,"",
"","100000007954712","DTR1","","",109.22064,,"",
"","100000007937832","DTR1","","",142.33555,,"",
"","100000007937884","DTR1","","",175.84555,,"",
"","100000007937951","DTR1","","",282.47727,,"",
"","100000007937807","DTR1","","",381.56291,,"",
"","100000007939487","DTR1","","",136.78691,,"",
"","100000007939882","DTR1","","",327.26591,,"",
"","100000007939902","DTR1","","",337.49755,,"",
"","100000007939925","DTR1","","",337.64509,,"",
"","100000007939809","DTR1","","",243.04364,,"",
"","100000007939810","DTR1","","",372.65427,,"",
"","100000007939173","DTR1","","",137.41309,,"",
"","100000007955114","DTR1","","",1.5753,,"",
"","100000007955172","DTR1","","",0.8205,,"",
"","100000007955060","DTR1","","",0.9366,,"",
"","100000007981471","B4U1","","",2.277428571,,"",
"","100000007980821","B4U1","","",102.0754286,,"",
"","100000007975917","B4U1","","",6.422142857,,"",
"","100000007975822","B4U1","","",8.177714286,,"",
"","100000007974458","B4U1","","",1.763571429,,"",
"","100000007973958","B4U1","","",0.725142857,,"",
"","100000007974009","B4U1","","",1.217571429,,"",
"","100000007974992","B4U1","","",1.640857143,,"",
"","100000007974894","B4U1","","",1.805142857,,"",
"","100000007974308","B4U1","","",2.458428571,,"",
"","100000007970119","B4U1","","",67.50128571,,"",
"","100000007970029","B4U1","","",52.18442857,,"",
"","100000007970086","B4U1","","",79.18542857,,"",
"","100000007971312","B4U1","","",2.556,,"",
"","100000007971499","B4U1","","",0.327857143,,"",
"","100000007971542","B4U1","","",0.443,,"",
"","100000007971610","B4U1","","",0.385714286,,"",
"","100000007971294","B4U1","","",0.54,,"",
"","100000007974480","B4U1","","",3.193714286,,"",
"","100000007969860","B4U1","","",1.974857143,,"",
"","100000007969533","B4U1","","",3.182428571,,"",
"","100000007970142","B4U1","","",53.72728571,,"",
"","100000007971475","B4U1","","",0.903142857,,"",
"","100000007971522","B4U1","","",1.496571429,,"",
"","100000007971790","B4U1","","",0.562,,"",
"","100000007971733","B4U1","","",0.601714286,,"",
"","100000007971828","B4U1","","",0.986,,"",
"","100000007976786","B4U1","","",0.123428571,,"",
"","100000007976834","B4U1","","",0.090857143,,"",
"","100000007976893","B4U1","","",0.138857143,,"",
"","100000007976933","B4U1","","",0.154285714,,"",
"","100000007976655","B4U1","","",0.185142857,,"",
"","100000007978774","B4U1","","",12.15771429,,"",
"","100000007974825","B4U1","","",2.931428571,,"",
"","100000007976741","B4U1","","",0.211571429,,"",
"","100000007976835","B4U1","","",0.262285714,,"",
"","100000007976875","B4U1","","",0.354857143,,"",
"","100000007976934","B4U1","","",0.54,,"",
"","100000007976647","B4U1","","",0.123428571,,"",
"","100000007976696","B4U1","","",0.595428571,,"",
"","100000007976742","B4U1","","",0.132142857,,"",
"","100000007976809","B4U1","","",0.138857143,,"",
"","100000007977637","B4U1","","",4.566857143,,"",
"","100000007977776","B4U1","","",3.517714286,,"",
"","100000007977459","B4U1","","",3.687428571,,"",
"","100000007978468","B4U1","","",22.47471429,,"",
"","100000007978521","B4U1","","",29.84642857,,"",
"","100000007979557","B4U1","","",5.232142857,,"",
"","100000007979847","B4U1","","",5.283285714,,"",
"","100000007977588","B4U1","","",3.517714286,,"",
"","100000007977686","B4U1","","",6.495428571,,"",
"","100000007980324","B4U1","","",15.25885714,,"",
"","100000007980345","B4U1","","",15.72171429,,"",
"","100000007980982","B4U1","","",13.96285714,,"",
"","100000007980822","B4U1","","",51.30728571,,"",
"","100000007982966","B4U1","","",18.75414286,,"",
"","100000007979558","B4U1","","",34.04657143,,"",
"","100000007979653","B4U1","","",8.115714286,,"",
"","100000007979704","B4U1","","",7.373285714,,"",
"","100000007979730","B4U1","","",5.327,,"",
"","100000007979777","B4U1","","",5.603857143,,"",
"","100000007981264","B4U1","","",35.79428571,,"",
"","100000007980967","B4U1","","",44.23371429,,"",
"","100000007981019","B4U1","","",31.32,,"",
"","100000007971277","B4U1","","",1.896285714,,"",
"","100000007978364","B4U1","","",3.641142857,,"",
"","100000007978439","B4U1","","",3.718285714,,"",
"","100000007978204","B4U1","","",4.366285714,,"",
"","100000007978341","B4U1","","",0.154285714,,"",
"","100000007980491","B4U1","","",6.957857143,,"",
"","100000007980565","B4U1","","",7.388714286,,"",
"","100000007981066","B4U1","","",4.968,,"",
"","100000007981144","B4U1","","",5.415428571,,"",
"","100000007973781","B4U1","","",1.049142857,,"",
"","100000007980237","B4U1","","",9.203,,"",
"","100000007980300","B4U1","","",9.178142857,,"",
"","100000007974168","B4U1","","",0.559857143,,"",
"","100000007974209","B4U1","","",0.756,,"",
"","100000007975742","B4U1","","",3.876714286,,"",
"","100000007975845","B4U1","","",7.728857143,,"",
"","100000007975604","B4U1","","",1.318714286,,"",
"","100000007975717","B4U1","","",1.844,,"",
"","100000007975761","B4U1","","",2.438,,"",
"","100000007969285","B4U1","","",16.36971429,,"",
"","100000007969322","B4U1","","",36.45771429,,"",
"","100000007969385","B4U1","","",28.11085714,,"",
"","100000007969453","B4U1","","",7.344,,"",
"","100000007969499","B4U1","","",7.344,,"",
"","100000007969302","B4U1","","",56.916,,"",
"","100000007969344","B4U1","","",10.70742857,,"",
"","100000007969407","B4U1","","",7.344,,"",
"","100000007970006","B4U1","","",13.716,,"",
"","100000007976031","B4U1","","",8.827285714,,"",
"","100000007970506","B4U1","","",0.725142857,,"",
"","100000007976127","B4U1","","",2.09,,"",
"","100000007970577","B4U1","","",1.188,,"",
"","100000007970628","B4U1","","",2.225285714,,"",
"","100000007971562","B4U1","","",1.604571429,,"",
"","100000007977754","B4U1","","",4.119428571,,"",
"","100000007977484","B4U1","","",2.791571429,,"",
"","100000007977687","B4U1","","",3.456,,"",
"","100000007969623","B4U1","","",1.650857143,,"",
"","100000007976269","B4U1","","",1.314857143,,"",
"","100000007976324","B4U1","","",1.06,,"",
"","100000007976374","B4U1","","",1.528714286,,"",
"","100000007976046","B4U1","","",0.152,,"",
"","100000007976913","B4U1","","",0.255857143,,"",
"","100000007976633","B4U1","","",0.296142857,,"",
"","100000007976373","B4U1","","",1.486857143,,"",
"","100000007976423","B4U1","","",3.255428571,,"",
"","100000007976495","B4U1","","",2.916,,"",
"","100000007976540","B4U1","","",5.133142857,,"",
"","100000007976608","B4U1","","",0.817714286,,"",
"","100000007976289","B4U1","","",0.910285714,,"",
"","100000007976350","B4U1","","",1.033714286,,"",
"","100000007978541","B4U1","","",4.095285714,,"",
"","100000007978228","B4U1","","",3.965142857,,"",
"","100000007978270","B4U1","","",3.461,,"",
"","100000007979838","B4U1","","",2.262428571,,"",
"","100000007979521","B4U1","","",2.299285714,,"",
"","100000007979573","B4U1","","",2.298285714,,"",
"","100000007979624","B4U1","","",2.290285714,,"",
"","100000007979699","B4U1","","",3.473714286,,"",
"","100000007979752","B4U1","","",2.869714286,,"",
"","100000007979815","B4U1","","",2.908571429,,"",
"","100000007979622","B4U1","","",2.838,,"",
"","100000007976398","B4U1","","",1.095428571,,"",
"","100000007976472","B4U1","","",2.185714286,,"",
"","100000007976518","B4U1","","",3.394714286,,"",
"","100000007979166","B4U1","","",1.430142857,,"",
"","100000007979218","B4U1","","",1.179714286,,"",
"","100000007979263","B4U1","","",1.355285714,,"",
"","100000007979336","B4U1","","",2.162,,"",
"","100000007979385","B4U1","","",1.523714286,,"",
"","100000007978518","B4U1","","",7.128,,"",
"","100000007981547","B4U1","","",2.437714286,,"",
"","100000007981600","B4U1","","",2.295,,"",
"","100000007981445","B4U1","","",3.508857143,,"",
"","100000007981521","B4U1","","",3.600571429,,"",
"","100000007979198","B4U1","","",4.023142857,,"",
"","100000007979240","B4U1","","",3.595,,"",
"","100000007979312","B4U1","","",1.680142857,,"",
"","100000007979361","B4U1","","",1.681714286,,"",
"","100000007979434","B4U1","","",1.595571429,,"",
"","100000007979484","B4U1","","",1.589142857,,"",
"","100000007981494","B4U1","","",2.018857143,,"",
"","100000007981572","B4U1","","",2.010571429,,"",
"","100000007981625","B4U1","","",2.052,,"",
"","100000007979023","B4U1","","",4.755,,"",
"","100000007979049","B4U1","","",4.349285714,,"",
"","100000007979062","B4U1","","",4.671,,"",
"","100000007979088","B4U1","","",4.729428571,,"",
"","100000008011464","B4U1","","",1.126285714,,"",
"","100000008011230","B4U1","","",3.070285714,,"",
"","100000008011963","B4U1","","",3.261714286,,"",
"","100000008011491","B4U1","","",1.820571429,,"",
"","100000008012415","B4U1","","",5.853857143,,"",
"","100000008011052","B4U1","","",6.206428571,,"",
"","100000007979957","B4U1","","",4.678428571,,"",
"","100000007979979","B4U1","","",4.714571429,,"",
"","100000007980023","B4U1","","",4.691857143,,"",
"","100000007980045","B4U1","","",5.450142857,,"",
"","100000007980088","B4U1","","",5.563285714,,"",
"","100000007980132","B4U1","","",5.509857143,,"",
"","100000007972235","B4U1","","",2.406857143,,"",
"","100000007970381","B4U1","","",1.450285714,,"",
"","100000007970430","B4U1","","",1.666285714,,"",
"","100000007970502","B4U1","","",4.165714286,,"",
"","100000008011198","B4U1","","",0.691142857,,"",
"","100000007980193","B4U1","","",3.487714286,,"",
"","100000007982309","B4U1","","",44.11028571,,"",
"","100000007970407","B4U1","","",8.372,,"",
"","100000007970455","B4U1","","",7.884,,"",
"","100000007970280","B4U1","","",8.579714286,,"",
"","100000007970322","B4U1","","",12.55885714,,"",
"","100000008000823","B4U1","","",55.03828571,,"",
"","100000007982300","B4U1","","",39.06514286,,"",
"","100000007982324","B4U1","","",10.44514286,,"",
"","100000007982359","B4U1","","",125.388,,"",
"","100000008003748","B4U1","","",1.909857143,,"",
"","100000008002742","B4U1","","",26.44157143,,"",
"","100000008002886","B4U1","","",3.185571429,,"",
"","100000008003106","B4U1","","",2.539285714,,"",
"","100000007968265","B4U1","","",26.17671429,,"",
"","100000007968326","B4U1","","",23.70057143,,"",
"","100000007968376","B4U1","","",147.2358571,,"",
"","100000007977155","B4U1","","",0.694285714,,"",
"","100000007977315","B4U1","","",0.840571429,,"",
"","100000008002757","B4U1","","",103.5895714,,"",
"","100000007968084","B4U1","","",31.88357143,,"",
"","100000007968131","B4U1","","",24.318,,"",
"","100000007968424","B4U1","","",10.34242857,,"",
"","100000007968222","B4U1","","",10.31414286,,"",
"","100000007976965","B4U1","","",1.188,,"",
"","100000007971983","B4U1","","",1.051285714,,"",
"","100000007972010","B4U1","","",1.221285714,,"",
"","100000007972055","B4U1","","",1.203714286,,"",
"","100000007968242","B4U1","","",20.74985714,,"",
"","100000007968351","B4U1","","",38.52542857,,"",
"","100000007968402","B4U1","","",9.304,,"",
"","100000007968108","B4U1","","",9.718857143,,"",
"","100000007978976","B4U1","","",3.425285714,,"",
"","100000007972088","B4U1","","",2.093,,"",
"","100000007975095","B4U1","","",0.943571429,,"",
"","100000007975142","B4U1","","",1.326857143,,"",
"","100000007975164","B4U1","","",1.249714286,,"",
"","100000007979598","B4U1","","",3.443571429,,"",
"","100000007979623","B4U1","","",3.422714286,,"",
"","100000007979674","B4U1","","",3.458,,"",
"","100000007980065","B4U1","","",19.06971429,,"",
"","100000007980110","B4U1","","",13.54528571,,"",
"","100000007980170","B4U1","","",23.043,,"",
"","100000007980215","B4U1","","",14.77685714,,"",
"","100000007980169","B4U1","","",12.81571429,,"",
"","100000007979890","B4U1","","",3.513571429,,"",
"","100000007979912","B4U1","","",3.493142857,,"",
"","100000007979908","B4U1","","",19.23128571,,"",
"","100000007979952","B4U1","","",18.52714286,,"",
"","100000007979998","B4U1","","",19.27128571,,"",
"","100000007980043","B4U1","","",24.81542857,,"",
"","100000007980108","B4U1","","",25.29985714,,"",
"","100000007980149","B4U1","","",4.874571429,,"",
"","100000007980213","B4U1","","",4.743285714,,"",
"","100000007979909","B4U1","","",6.876142857,,"",
"","100000007979931","B4U1","","",12.23214286,,"",
"","100000007979932","B4U1","","",12.61814286,,"",
"","100000007980022","B4U1","","",13.82071429,,"",
"","100000007978995","B4U1","","",3.469571429,,"",
"","100000007979003","B4U1","","",3.245142857,,"",
"","100000007979024","B4U1","","",4.324285714,,"",
"","100000007979050","B4U1","","",4.559714286,,"",
"","100000007979063","B4U1","","",3.931,,"",
"","100000008011411","B4U1","","",30.03942857,,"",
"","100000008011579","B4U1","","",1.718285714,,"",
"","100000008011032","B4U1","","",1.465714286,,"",
"","100000008011252","B4U1","","",0.925714286,,"",
"","100000007979014","B4U1","","",8.570285714,,"",
"","100000007982581","B4U1","","",138.132,,"",
"","100000007982265","B4U1","","",46.03885714,,"",
"","100000007997960","B4U1","","",16.31342857,,"",
"","100000007998183","B4U1","","",4.829142857,,"",
"","100000007982323","B4U1","","",50.59028571,,"",
"","100000007968151","B4U1","","",121.4088571,,"",
"","100000007970278","B4U1","","",14.35771429,,"",
"","100000007970321","B4U1","","",8.913714286,,"",
"","100000007968423","B4U1","","",17.64957143,,"",
"","100000007970405","B4U1","","",65.95714286,,"",
"","100000007970236","B4U1","","",65.80542857,,"",
"","100000007970383","B4U1","","",35.46428571,,"",
"","100000007970504","B4U1","","",194.1531429,,"",
"","100000008003428","B4U1","","",2.549,,"",
"","100000008003667","B4U1","","",2.482857143,,"",
"","100000008002957","B4U1","","",3.755857143,,"",
"","100000008003348","B4U1","","",2.015285714,,"",
"","100000008003585","B4U1","","",18.98257143,,"",
"","100000007968400","B4U1","","",49.77371429,,"",
"","100000007970299","B4U1","","",34.99928571,,"",
"","100000007975143","B4U1","","",2.286857143,,"",
"","100000007975186","B4U1","","",3.803714286,,"",
"","100000008020667","B4U1","","",19.20228571,,"",
"","100000007975370","B4U1","","",1.218857143,,"",
"","100000007975592","B4U1","","",0.385714286,,"",
"","100000007975287","B4U1","","",0.451571429,,"",
"","100000007975345","B4U1","","",0.623285714,,"",
"","100000007977250","B4U1","","",0.798714286,,"",
"","100000007977408","B4U1","","",1.185285714,,"",
"","100000007977058","B4U1","","",1.567857143,,"",
"","100000007977028","B4U1","","",1.739571429,,"",
"","100000008012248","B4U1","","",1.589142857,,"",
"","100000008011084","B4U1","","",1.589142857,,"",
"","100000008011229","B4U1","","",1.573142857,,"",
"","100000008011490","B4U1","","",0.462857143,,"",
"","100000008011766","B4U1","","",0.480571429,,"",
"","100000007975522","B4U1","","",1.773285714,,"",
"","100000007975569","B4U1","","",2.587857143,,"",
"","100000007979869","B4U1","","",4.747428571,,"",
"","100000007979911","B4U1","","",4.670571429,,"",
"","100000007977188","B4U1","","",2.850714286,,"",
"","100000008032371","NYS1","","",0.0458,,"",
"","100000007904998","NYS1","","",0.42,,"",
"","100000007905132","NYS1","","",0.0393,,"",
"","100000007905025","NYS1","","",0.0922,,"",
"","100000007905079","NYS1","","",0.0574,,"",
"","100000007905158","NYS1","","",0.0538,,"",
"","100000007905198","NYS1","","",0.0709,,"",
"","100000007910915","NYS1","","",0.1169,,"",
"","100000007910711","NYS1","","",0.1346,,"",
"","100000007910952","NYS1","","",0.3661,,"",
"","100000007910811","NYS1","","",0.43,,"",
"","100000007910802","NYS1","","",0.1618,,"",
"","100000007896241","NYS1","","",1.02,,"",
"","100000007928851","NYS1","","",1.49,,"",
"","100000007928871","NYS1","","",1.48,,"",
"","100000007928888","NYS1","","",1.58,,"",
"","100000007928931","NYS1","","",1.55,,"",
"","100000007928821","NYS1","","",1.4,,"",
"","100000007928837","NYS1","","",1.63,,"",
"","100000007928864","NYS1","","",1.63,,"",
"","100000007928879","NYS1","","",1.67,,"",
"","100000007928904","NYS1","","",1.68,,"",
"","100000007929621","NYS1","","",1.21,,"",
"","100000007929260","NYS1","","",1.08,,"",
"","100000007929297","NYS1","","",1.17,,"",
"","100000007929455","NYS1","","",2.62,,"",
"","100000007929469","NYS1","","",1.65,,"",
"","100000007927734","NYS1","","",9.78,,"",
"","100000007928535","NYS1","","",10.59,,"",
"","100000007928545","NYS1","","",10.76,,"",
"","100000007928583","NYS1","","",8.43,,"",
"","100000007928599","NYS1","","",8.9,,"",
"","100000007927074","NYS1","","",0.45,,"",
"","100000008032854","NYS1","","",0.44,,"",
"","100000008033032","NYS1","","",0.0781,,"",
"","100000007893040","NYS1","","",0.4075,,"",
"","100000007893022","NYS1","","",0.154,,"",
"","100000007891014","NYS1","","",0.2905,,"",
"","100000007891000","NYS1","","",0.58,,"",
"","100000008037752","NYS1","","",0.4528,,"",
"","100000007905262","NYS1","","",0.0881,,"",
"","100000007904950","NYS1","","",0.0927,,"",
"","100000007905705","NYS1","","",0.1378,,"",
"","100000007905797","NYS1","","",0.0469,,"",
"","100000007905870","NYS1","","",0.3805,,"",
"","100000007905921","NYS1","","",0.0739,,"",
"","100000007905663","NYS1","","",0.0608,,"",
"","100000007905730","NYS1","","",0.276,,"",
"","100000007906105","NYS1","","",0.4428,,"",
"","100000007898220","NYS1","","",0.3873,,"",
"","100000007898226","NYS1","","",0.3575,,"",
"","100000007898208","NYS1","","",1.56,,"",
"","100000007898425","NYS1","","",0.62,,"",
"","100000007896594","NYS1","","",1.93,,"",
"","100000007896766","NYS1","","",0.3122,,"",
"","100000007928808","NYS1","","",1.78,,"",
"","100000007926525","NYS1","","",0.55,,"",
"","100000007926073","NYS1","","",0.46,,"",
"","100000007925986","NYS1","","",0.65,,"",
"","100000007926041","NYS1","","",0.99,,"",
"","100000007926321","NYS1","","",0.57,,"",
"","100000007926299","NYS1","","",0.59,,"",
"","100000007926202","NYS1","","",0.43,,"",
"","100000007926219","NYS1","","",0.4245,,"",
"","100000007927048","NYS1","","",2.75,,"",
"","100000007837375","NYS1","","",0.4209,,"",
"","100000007837388","NYS1","","",1.19,,"",
"","100000007891002","NYS1","","",0.1985,,"",
"","100000007891007","NYS1","","",0.3407,,"",
"","100000007891012","NYS1","","",0.3671,,"",
"","100000007891008","NYS1","","",0.65,,"",
"","100000007891016","NYS1","","",0.1527,,"",
"","100000007905844","NYS1","","",0.1152,,"",
"","100000007905773","NYS1","","",0.72,,"",
"","100000007905820","NYS1","","",0.0761,,"",
"","100000007905946","NYS1","","",2.32,,"",
"","100000007905731","NYS1","","",0.3747,,"",
"","100000007905774","NYS1","","",0.1109,,"",
"","100000007905845","NYS1","","",0.0829,,"",
"","100000007906104","NYS1","","",0.2233,,"",
"","100000007906213","NYS1","","",0.52,,"",
"","100000007906263","NYS1","","",0.49,,"",
"","100000007905970","NYS1","","",0.2525,,"",
"","100000007906020","NYS1","","",0.3785,,"",
"","100000007906082","NYS1","","",0.2674,,"",
"","100000007906126","NYS1","","",0.2786,,"",
"","100000007898451","NYS1","","",0.91,,"",
"","100000007898393","NYS1","","",1.37,,"",
"","100000007898426","NYS1","","",1.52,,"",
"","100000007898457","NYS1","","",2.97,,"",
"","100000007898394","NYS1","","",7.98,,"",
"","100000007898427","NYS1","","",0.3465,,"",
"","100000007896615","NYS1","","",0.95,,"",
"","100000007897785","NYS1","","",0.0918,,"",
"","100000007897789","NYS1","","",0.1087,,"",
"","100000007891667","NYS1","","",0.92,,"",
"","100000007892237","NYS1","","",0.62,,"",
"","100000007892221","NYS1","","",0.2175,,"",
"","100000007892202","NYS1","","",1.99,,"",
"","100000007892209","NYS1","","",0.6,,"",
"","100000008035609","NYS1","","",3.03,,"",
"","100000007926457","NYS1","","",0.2831,,"",
"","100000007926495","NYS1","","",0.88,,"",
"","100000007926068","NYS1","","",0.87,,"",
"","100000007925978","NYS1","","",0.83,,"",
"","100000007926377","NYS1","","",0.46,,"",
"","100000007926284","NYS1","","",1.12,,"",
"","100000007926276","NYS1","","",1.02,,"",
"","100000007927069","NYS1","","",0.91,,"",
"","100000007927082","NYS1","","",0.65,,"",
"","100000007927101","NYS1","","",0.94,,"",
"","100000007927024","NYS1","","",1.15,,"",
"","100000007927042","NYS1","","",0.82,,"",
"","100000007927055","NYS1","","",0.4603,,"",
"","100000007927075","NYS1","","",0.83,,"",
"","100000007927088","NYS1","","",0.86,,"",
"","100000007927107","NYS1","","",0.69,,"",
"","100000007927070","NYS1","","",1.35,,"",
"","100000007837383","NYS1","","",1.05,,"",
"","100000007890987","NYS1","","",0.2064,,"",
"","100000007890971","NYS1","","",1.23,,"",
"","100000007890985","NYS1","","",0.2759,,"",
"","100000008036925","NYS1","","",0.4982,,"",
"","100000007905896","NYS1","","",0.47,,"",
"","100000007905589","NYS1","","",0.1697,,"",
"","100000007908395","NYS1","","",0.0635,,"",
"","100000007908165","NYS1","","",0.1212,,"",
"","100000007908220","NYS1","","",0.1528,,"",
"","100000007908396","NYS1","","",0.2471,,"",
"","100000007908443","NYS1","","",0.148,,"",
"","100000007908137","NYS1","","",0.1559,,"",
"","100000007908194","NYS1","","",0.2116,,"",
"","100000007906311","NYS1","","",0.4241,,"",
"","100000007905997","NYS1","","",1.03,,"",
"","100000007908282","NYS1","","",1.39,,"",
"","100000007898442","NYS1","","",0.56,,"",
"","100000007897797","NYS1","","",0.0935,,"",
"","100000007897783","NYS1","","",0.2882,,"",
"","100000007892203","NYS1","","",2.53,,"",
"","100000007892219","NYS1","","",0.192,,"",
"","100000007892558","NYS1","","",0.0911,,"",
"","100000008034988","NYS1","","",2.5,,"",
"","100000007926938","NYS1","","",1.31,,"",
"","100000007927594","NYS1","","",1.18,,"",
"","100000007927607","NYS1","","",1.25,,"",
"","100000007927502","NYS1","","",1.44,,"",
"","100000007927520","NYS1","","",2.91,,"",
"","100000007927531","NYS1","","",2.49,,"",
"","100000007927559","NYS1","","",2.68,,"",
"","100000007927542","NYS1","","",2.2,,"",
"","100000007927219","NYS1","","",0.52,,"",
"","100000007927123","NYS1","","",0.49,,"",
"","100000007927139","NYS1","","",0.82,,"",
"","100000007927108","NYS1","","",1.5,,"",
"","100000007927124","NYS1","","",0.206,,"",
"","100000007927392","NYS1","","",1.33,,"",
"","100000007927459","NYS1","","",0.63,,"",
"","100000007927364","NYS1","","",0.78,,"",
"","100000007927385","NYS1","","",0.59,,"",
"","100000007890983","NYS1","","",0.65,,"",
"","100000007891090","NYS1","","",0.56,,"",
"","100000007891357","NYS1","","",0.7,,"",
"","100000007891376","NYS1","","",1.94,,"",
"","100000007891380","NYS1","","",4.45,,"",
"","100000007908428","NYS1","","",0.2152,,"",
"","100000007908472","NYS1","","",0.2056,,"",
"","100000007908180","NYS1","","",0.3525,,"",
"","100000007908294","NYS1","","",2.05,,"",
"","100000007908337","NYS1","","",1.49,,"",
"","100000007908407","NYS1","","",1.88,,"",
"","100000007908152","NYS1","","",1.78,,"",
"","100000007908231","NYS1","","",2.2,,"",
"","100000007908317","NYS1","","",1.66,,"",
"","100000007912779","NYS1","","",0.1424,,"",
"","100000007893432","NYS1","","",1.82,,"",
"","100000007893411","NYS1","","",0.92,,"",
"","100000007893420","NYS1","","",0.4688,,"",
"","100000007891894","NYS1","","",0.1095,,"",
"","100000007891900","NYS1","","",0.1037,,"",
"","100000007893813","NYS1","","",1.04,,"",
"","100000007892432","NYS1","","",0.0627,,"",
"","100000007892450","NYS1","","",0.4116,,"",
"","100000007894329","NYS1","","",0.0795,,"",
"","100000008035095","NYS1","","",3.75,,"",
"","100000007894871","NYS1","","",1.72,,"",
"","100000007926883","NYS1","","",1.15,,"",
"","100000007926858","NYS1","","",1.35,,"",
"","100000007926743","NYS1","","",1.02,,"",
"","100000007927599","NYS1","","",0.92,,"",
"","100000007927466","NYS1","","",2.03,,"",
"","100000007927148","NYS1","","",1.89,,"",
"","100000007927194","NYS1","","",0.69,,"",
"","100000007927159","NYS1","","",0.72,,"",
"","100000007927175","NYS1","","",0.61,,"",
"","100000007927408","NYS1","","",0.57,,"",
"","100000007927427","NYS1","","",0.44,,"",
"","100000007896224","NYS1","","",0.98,,"",
"","100000007896221","NYS1","","",5.07,,"",
"","100000007896226","NYS1","","",16.95,,"",
"","100000007896240","NYS1","","",10.59,,"",
"","100000007897736","NYS1","","",0.2041,,"",
"","100000007897743","NYS1","","",0.3718,,"",
"","100000007897751","NYS1","","",0.2581,,"",
"","100000008032758","NYS1","","",1,,"",
"","100000008033023","NYS1","","",2.19,,"",
"","100000008033186","NYS1","","",1.79,,"",
"","100000007908359","NYS1","","",2.5,,"",
"","100000007908474","NYS1","","",0.3915,,"",
"","100000007908181","NYS1","","",0.81,,"",
"","100000007913042","NYS1","","",0.08,,"",
"","100000007913037","NYS1","","",0.87,,"",
"","100000007913096","NYS1","","",0.1879,,"",
"","100000007913130","NYS1","","",0.0417,,"",
"","100000007913030","NYS1","","",0.41,,"",
"","100000007912801","NYS1","","",0.2003,,"",
"","100000007908232","NYS1","","",0.2465,,"",
"","100000007908295","NYS1","","",0.3988,,"",
"","100000007908360","NYS1","","",0.3469,,"",
"","100000007908408","NYS1","","",0.59,,"",
"","100000007908124","NYS1","","",0.2827,,"",
"","100000007908254","NYS1","","",0.4308,,"",
"","100000007908338","NYS1","","",0.3518,,"",
"","100000007893428","NYS1","","",1.37,,"",
"","100000007893433","NYS1","","",0.1928,,"",
"","100000007893410","NYS1","","",0.1454,,"",
"","100000007893414","NYS1","","",0.88,,"",
"","100000007893431","NYS1","","",5.73,,"",
"","100000007893412","NYS1","","",8.49,,"",
"","100000007893806","NYS1","","",0.65,,"",
"","100000007893811","NYS1","","",0.1401,,"",
"","100000007893844","NYS1","","",2.17,,"",
"","100000007893846","NYS1","","",0.2686,,"",
"","100000007893852","NYS1","","",0.1976,,"",
"","100000007893855","NYS1","","",1.31,,"",
"","100000007893842","NYS1","","",0.5,,"",
"","100000007893843","NYS1","","",1.09,,"",
"","100000007894442","NYS1","","",0.1474,,"",
"","100000007894431","NYS1","","",0.81,,"",
"","100000007894439","NYS1","","",0.1675,,"",
"","100000007894443","NYS1","","",0.1287,,"",
"","100000007894830","NYS1","","",3.89,,"",
"","100000007894941","NYS1","","",2.08,,"",
"","100000007927299","NYS1","","",1.51,,"",
"","100000007928029","NYS1","","",0.97,,"",
"","100000007928047","NYS1","","",0.48,,"",
"","100000007927638","NYS1","","",0.2846,,"",
"","100000007927701","NYS1","","",0.46,,"",
"","100000007927642","NYS1","","",1.04,,"",
"","100000007897762","NYS1","","",0.46,,"",
"","100000007897721","NYS1","","",0.2882,,"",
"","100000007897745","NYS1","","",0.56,,"",
"","100000007897752","NYS1","","",0.45,,"",
"","100000007897746","NYS1","","",0.75,,"",
"","100000008032668","NYS1","","",1.12,,"",
"","100000008032966","NYS1","","",0.1374,,"",
"","100000007913048","NYS1","","",0.0978,,"",
"","100000007913074","NYS1","","",0.0623,,"",
"","100000007913097","NYS1","","",0.345,,"",
"","100000007913114","NYS1","","",0.1313,,"",
"","100000007913139","NYS1","","",0.59,,"",
"","100000007913031","NYS1","","",0.2262,,"",
"","100000007913049","NYS1","","",1.03,,"",
"","100000007912911","NYS1","","",0.3658,,"",
"","100000007912935","NYS1","","",0.0933,,"",
"","100000007907202","NYS1","","",0.434,,"",
"","100000007907304","NYS1","","",0.4056,,"",
"","100000007907341","NYS1","","",0.2292,,"",
"","100000007907401","NYS1","","",0.77,,"",
"","100000007907203","NYS1","","",0.2004,,"",
"","100000007907305","NYS1","","",1,,"",
"","100000007907868","NYS1","","",0.2737,,"",
"","100000007907902","NYS1","","",0.43,,"",
"","100000007893421","NYS1","","",0.67,,"",
"","100000007893425","NYS1","","",0.1614,,"",
"","100000007893429","NYS1","","",2,,"",
"","100000007894728","NYS1","","",2.12,,"",
"","100000007894754","NYS1","","",0.253,,"",
"","100000007929104","NYS1","","",38.76,,"",
"","100000007929116","NYS1","","",12.78,,"",
"","100000007929061","NYS1","","",15.12,,"",
"","100000007929076","NYS1","","",15.16,,"",
"","100000007928090","NYS1","","",1.15,,"",
"","100000007928063","NYS1","","",0.74,,"",
"","100000007927972","NYS1","","",0.73,,"",
"","100000007927664","NYS1","","",0.2121,,"",
"","100000007927726","NYS1","","",7.07,,"",
"","100000007927748","NYS1","","",6.93,,"",
"","100000007927760","NYS1","","",4.93,,"",
"","100000007927886","NYS1","","",2.91,,"",
"","100000007927904","NYS1","","",32.64,,"",
"","100000007927969","NYS1","","",0.85,,"",
"","100000007927860","NYS1","","",5.15,,"",
"","100000007927876","NYS1","","",0.3,,"",
"","100000007892897","NYS1","","",0.2798,,"",
"","100000007892903","NYS1","","",0.262,,"",
"","100000007892919","NYS1","","",0.0525,,"",
"","100000007897803","NYS1","","",1.67,,"",
"","100000007897796","NYS1","","",1.58,,"",
"","100000007893025","NYS1","","",0.227,,"",
"","100000007893029","NYS1","","",0.1927,,"",
"","100000007893033","NYS1","","",0.85,,"",
"","100000007893037","NYS1","","",0.3809,,"",
"","100000008033191","NYS1","","",0.0977,,"",
"","100000008032156","NYS1","","",0.1078,,"",
"","100000008032697","NYS1","","",0.1651,,"",
"","100000008033211","NYS1","","",0.2474,,"",
"","100000007837199","NYS1","","",0.0772,,"",
"","100000007837197","NYS1","","",0.0999,,"",
"","100000007837198","NYS1","","",0.1081,,"",
"","100000007837202","NYS1","","",0.1898,,"",
"","100000007837201","NYS1","","",0.1299,,"",
"","100000007837200","NYS1","","",0.2091,,"",
"","100000007837206","NYS1","","",0.1524,,"",
"","100000007909323","NYS1","","",0.56,,"",
"","100000007909427","NYS1","","",0.67,,"",
"","100000007909499","NYS1","","",0.61,,"",
"","100000007909542","NYS1","","",1.17,,"",
"","100000007909605","NYS1","","",0.2111,,"",
"","100000007909401","NYS1","","",0.1371,,"",
"","100000008038164","NYS1","","",7.5,,"",
"","100000007928830","NYS1","","",1.85,,"",
"","100000007928857","NYS1","","",1.76,,"",
"","100000007928897","NYS1","","",1.33,,"",
"","100000007929569","NYS1","","",1.59,,"",
"","100000007929590","NYS1","","",1.15,,"",
"","100000007929186","NYS1","","",1.38,,"",
"","100000007929177","NYS1","","",1.39,,"",
"","100000007929461","NYS1","","",1.38,,"",
"","100000007929519","NYS1","","",1.61,,"",
"","100000007929530","NYS1","","",1.59,,"",
"","100000007927781","NYS1","","",5.23,,"",
"","100000007927795","NYS1","","",5.07,,"",
"","100000007927754","NYS1","","",5.31,,"",
"","100000007927767","NYS1","","",5.65,,"",
"","100000007927787","NYS1","","",6.74,,"",
"","100000007927777","NYS1","","",5.87,,"",
"","100000007927789","NYS1","","",7.64,,"",
"","100000007928560","NYS1","","",8.42,,"",
"","100000007928574","NYS1","","",8.42,,"",
"","100000007928517","NYS1","","",14.55,,"",
"","100000007892974","NYS1","","",0.71,,"",
"","100000007892943","NYS1","","",0.1291,,"",
"","100000007892951","NYS1","","",0.0674,,"",
"","100000007892973","NYS1","","",0.49,,"",
"","100000007892941","NYS1","","",0.19,,"",
"","100000007892938","NYS1","","",0.1444,,"",
"","100000007893315","NYS1","","",2.93,,"",
"","100000007893337","NYS1","","",6,,"",
"","100000007893357","NYS1","","",0.42,,"",
"","100000007893375","NYS1","","",0.1385,,"",
"","100000007937263","SEE1","","",2803.524452,,"",
"","100000007937274","SEE1","","",318.675,,"",
"","100000007937283","SEE1","","",427.129544,,"",
"","100000008001946","SEE1","","",4.7783,,"",
"","100000008002131","SEE1","","",4.0549,,"",
"","100000008002411","SEE1","","",4.554,,"",
"","100000008001409","SEE1","","",7.781444,,"",
"","100000008012107","SEE1","","",3.672584906,,"",
"","100000008012323","SEE1","","",4.115283019,,"",
"","100000008011509","SEE1","","",2.524056604,,"",
"","100000008011798","SEE1","","",3.319660377,,"",
"","100000008012108","SEE1","","",3.138056604,,"",
"","100000008010983","SEE1","","",3.331660377,,"",
"","100000008011195","SEE1","","",2.957584906,,"",
"","100000008011935","SEE1","","",5.038188679,,"",
"","100000008011008","SEE1","","",7.336226415,,"",
"","100000008011386","SEE1","","",10.7275283,,"",
"","100000008011647","SEE1","","",5.112509434,,"",
"","100000008011936","SEE1","","",4.933188679,,"",
"","100000008012145","SEE1","","",5.160150943,,"",
"","100000008011009","SEE1","","",22.37016981,,"",
"","100000008011387","SEE1","","",5.028660377,,"",
"","100000008020489","SEE1","","",2.78,,"",
"","100000008019552","SEE1","","",3.57,,"",
"","100000008020850","SEE1","","",0.92,,"",
"","100000008019674","SEE1","","",0.71548,,"",
"","100000008019861","SEE1","","",0.969585,,"",
"","100000008020274","SEE1","","",1.54235,,"",
"","100000008020513","SEE1","","",1.1108,,"",
"","100000008018445","SEE1","","",0.572474,,"",
"","100000008018692","SEE1","","",1.180923,,"",
"","100000008018866","SEE1","","",0.8568,,"",
"","100000008019116","SEE1","","",0.675384,,"",
"","100000008018111","SEE1","","",1.148315,,"",
"","100000007937231","SEE1","","",38.612876,,"",
"","100000007933477","SEE1","","",4.29,,"",
"","100000007933490","SEE1","","",3.33,,"",
"","100000007933401","SEE1","","",4.326,,"",
"","100000007934067","SEE1","","",1.1,,"",
"","100000007933982","SEE1","","",1.02,,"",
"","100000007934020","SEE1","","",1.05,,"",
"","100000007934044","SEE1","","",1.15,,"",
"","100000007934060","SEE1","","",1.0608,,"",
"","100000008003190","SEE1","","",7.6629,,"",
"","100000008011355","SEE1","","",3.063150943,,"",
"","100000008011909","SEE1","","",3.686792453,,"",
"","100000008012118","SEE1","","",2.635150943,,"",
"","100000008010984","SEE1","","",1.902811321,,"",
"","100000008011196","SEE1","","",2.135490566,,"",
"","100000008011356","SEE1","","",7.520301887,,"",
"","100000008011812","SEE1","","",2.305660377,,"",
"","100000008012119","SEE1","","",1.953490566,,"",
"","100000008011552","SEE1","","",5.072490566,,"",
"","100000008012350","SEE1","","",1.33509434,,"",
"","100000008018914","SEE1","","",0.5853,,"",
"","100000008019163","SEE1","","",1.264357,,"",
"","100000008019341","SEE1","","",2.647728,,"",
"","100000008018259","SEE1","","",1.567846,,"",
"","100000008019754","SEE1","","",0.91,,"",
"","100000008019931","SEE1","","",1.2772,,"",
"","100000008020178","SEE1","","",0.77066,,"",
"","100000008018281","SEE1","","",0.569058,,"",
"","100000008018528","SEE1","","",1.0272,,"",
"","100000008018693","SEE1","","",1.592961,,"",
"","100000008001923","SEE1","","",0.2841,,"",
"","100000008002203","SEE1","","",1.02322,,"",
"","100000008002204","SEE1","","",0.5593,,"",
"","100000007933519","SEE1","","",0.3389,,"",
"","100000007933233","SEE1","","",1.665241,,"",
"","100000007933391","SEE1","","",2.27,,"",
"","100000007933382","SEE1","","",1.887,,"",
"","100000007934100","SEE1","","",3.33,,"",
"","100000007934000","SEE1","","",3.79,,"",
"","100000007934035","SEE1","","",4.13,,"",
"","100000007934053","SEE1","","",4.08,,"",
"","100000007934076","SEE1","","",3.07,,"",
"","100000007934092","SEE1","","",3.05,,"",
"","100000007933990","SEE1","","",2.92,,"",
"","100000007934006","SEE1","","",3.49,,"",
"","100000008003588","SEE1","","",10.179,,"",
"","100000008003751","SEE1","","",0.719682,,"",
"","100000008002764","SEE1","","",0.977312,,"",
"","100000008002906","SEE1","","",1.018997,,"",
"","100000007937693","SEE1","","",2.514705,,"",
"","100000007937669","SEE1","","",0.6703,,"",
"","100000008016155","SEE1","","",34.23465,,"",
"","100000008002109","SEE1","","",0.5762,,"",
"","100000007933552","SEE1","","",0.1864,,"",
"","100000007934548","SEE1","","",0.37804,,"",
"","100000007934582","SEE1","","",0.3166,,"",
"","100000007934495","SEE1","","",0.42462,,"",
"","100000007934529","SEE1","","",0.34348,,"",
"","100000007934541","SEE1","","",0.35976,,"",
"","100000007934424","SEE1","","",0.29574,,"",
"","100000007934449","SEE1","","",0.65152,,"",
"","100000007934469","SEE1","","",0.28646,,"",
"","100000007934352","SEE1","","",0.58474,,"",
"","100000007934398","SEE1","","",0.88946,,"",
"","100000007935054","SEE1","","",0.3243,,"",
"","100000007935070","SEE1","","",0.42098,,"",
"","100000007935092","SEE1","","",0.5099,,"",
"","100000007934988","SEE1","","",0.65268,,"",
"","100000007935009","SEE1","","",0.72286,,"",
"","100000007935023","SEE1","","",1.45134,,"",
"","100000007912779","SEE1","","",0.112830189,,"",
"","100000007912801","SEE1","","",0.171698113,,"",
"","100000008000560","SEE1","","",5.969209,,"",
"","100000008000723","SEE1","","",5.586791,,"",
"","100000008000956","SEE1","","",4.991546,,"",
"","100000008001127","SEE1","","",4.94936,,"",
"","100000008000045","SEE1","","",9.653488,,"",
"","100000008000231","SEE1","","",5.043338,,"",
"","100000008008000","SEE1","","",5.4528,,"",
"","100000008006913","SEE1","","",5.90985,,"",
"","100000008007174","SEE1","","",7.1876,,"",
"","100000008007117","SEE1","","",0.58788,,"",
"","100000008007291","SEE1","","",0.882132,,"",
"","100000008007557","SEE1","","",1.9006,,"",
"","100000007934490","SEE1","","",0.41038,,"",
"","100000007934552","SEE1","","",0.62126,,"",
"","100000007934132","SEE1","","",0.48878,,"",
"","100000007934414","SEE1","","",0.8141,,"",
"","100000007934460","SEE1","","",0.33718,,"",
"","100000007934345","SEE1","","",0.5813,,"",
"","100000007934399","SEE1","","",0.39994,,"",
"","100000007934995","SEE1","","",1.39634,,"",
"","100000007934990","SEE1","","",1.90188,,"",
"","100000007913041","SEE1","","",0.052830189,,"",
"","100000007913057","SEE1","","",0.055660377,,"",
"","100000007913084","SEE1","","",0.127509434,,"",
"","100000007913098","SEE1","","",0.088924528,,"",
"","100000007913122","SEE1","","",0.100150943,,"",
"","100000007913658","SEE1","","",0.420247,,"",
"","100000007913701","SEE1","","",0.462775,,"",
"","100000008000478","SEE1","","",4.956666,,"",
"","100000008000645","SEE1","","",12.19314,,"",
"","100000008000139","SEE1","","",6.34137,,"",
"","100000007936132","SEE1","","",40.63647,,"",
"","100000007936158","SEE1","","",43.842225,,"",
"","100000007936174","SEE1","","",34.71174,,"",
"","100000008001334","SEE1","","",2.4228,,"",
"","100000008001589","SEE1","","",2.9973,,"",
"","100000008001776","SEE1","","",3.0313,,"",
"","100000008002512","SEE1","","",4.61724,,"",
"","100000008007524","SEE1","","",2.148,,"",
"","100000008006824","SEE1","","",3.54312,,"",
"","100000008007005","SEE1","","",2.450112,,"",
"","100000008007441","SEE1","","",5.2692,,"",
"","100000008006825","SEE1","","",6.3196,,"",
"","100000008007134","SEE1","","",2.1466,,"",
"","100000008007774","SEE1","","",2.1858,,"",
"","100000007934510","SEE1","","",0.89476,,"",
"","100000007934537","SEE1","","",0.76172,,"",
"","100000007934577","SEE1","","",0.64876,,"",
"","100000007934524","SEE1","","",0.35242,,"",
"","100000007934544","SEE1","","",0.29882,,"",
"","100000007934578","SEE1","","",0.24776,,"",
"","100000007934483","SEE1","","",0.38836,,"",
"","100000007934153","SEE1","","",0.789,,"",
"","100000007934165","SEE1","","",0.63376,,"",
"","100000007936945","SEE1","","",3.169635,,"",
"","100000007934244","SEE1","","",0.68336,,"",
"","100000007935563","SEE1","","",0.2095,,"",
"","100000007913588","SEE1","","",0.64554,,"",
"","100000007913590","SEE1","","",1.12,,"",
"","100000007913631","SEE1","","",0.48,,"",
"","100000007913646","SEE1","","",0.49,,"",
"","100000007913668","SEE1","","",0.64,,"",
"","100000007913584","SEE1","","",0.756355,,"",
"","100000007913599","SEE1","","",0.6222,,"",
"","100000007913622","SEE1","","",0.812023,,"",
"","100000008001438","SEE1","","",2.8792,,"",
"","100000007936850","SEE1","","",2.06635,,"",
"","100000008001535","SEE1","","",0.18144,,"",
"","100000008020526","SEE1","","",0.2071,,"",
"","100000008015446","SEE1","","",5.682679245,,"",
"","100000008011698","SEE1","","",8.333641509,,"",
"","100000008011895","SEE1","","",8.944018868,,"",
"","100000008012216","SEE1","","",7.474,,"",
"","100000008011422","SEE1","","",4.094320755,,"",
"","100000008011600","SEE1","","",4.386830189,,"",
"","100000008004489","SEE1","","",0.494297,,"",
"","100000008004185","SEE1","","",1.1517,,"",
"","100000008004445","SEE1","","",1.564989,,"",
"","100000008004623","SEE1","","",2.54595,,"",
"","100000008000346","SEE1","","",0.521976,,"",
"","100000008000851","SEE1","","",0.704668,,"",
"","100000007934501","SEE1","","",0.43242,,"",
"","100000007934489","SEE1","","",0.33262,,"",
"","100000007934517","SEE1","","",0.39948,,"",
"","100000007934535","SEE1","","",0.25896,,"",
"","100000007935181","SEE1","","",0.1873,,"",
"","100000007935210","SEE1","","",0.195432,,"",
"","100000007935379","SEE1","","",0.1727,,"",
"","100000007935393","SEE1","","",0.1776,,"",
"","100000007913659","SEE1","","",0.72,,"",
"","100000007913573","SEE1","","",0.7,,"",
"","100000007913453","SEE1","","",0.88,,"",
"","100000008001578","SEE1","","",1.471386,,"",
"","100000008001858","SEE1","","",1.676592,,"",
"","100000008002319","SEE1","","",1.72839,,"",
"","100000007936693","SEE1","","",2.42568,,"",
"","100000007937489","SEE1","","",4.2913,,"",
"","100000008012217","SEE1","","",4.431037736,,"",
"","100000008010968","SEE1","","",3.939377358,,"",
"","100000008011181","SEE1","","",4.407037736,,"",
"","100000008011339","SEE1","","",4.847245283,,"",
"","100000008012106","SEE1","","",3.327283019,,"",
"","100000008010969","SEE1","","",3.660396226,,"",
"","100000008011112","SEE1","","",4.290792453,,"",
"","100000008004794","SEE1","","",3.304053,,"",
"","100000008005058","SEE1","","",0.2934,,"",
"","100000008005230","SEE1","","",0.345805,,"",
"","100000008004540","SEE1","","",0.4872,,"",
"","100000008004712","SEE1","","",0.5482,,"",
"","100000008004019","SEE1","","",0.68901,,"",
"","100000008000594","SEE1","","",0.789302,,"",
"","100000008000757","SEE1","","",0.858368,,"",
"","100000008000512","SEE1","","",1.8127,,"",
"","100000008000913","SEE1","","",2.0114,,"",
"","100000007938103","SEE1","","",160.973197,,"",
"","100000007937975","SEE1","","",359.072124,,"",
"","100000007936054","SEE1","","",17.8724,,"",
"","100000007913949","SEE1","","",0.938546,,"",
"","100000007913970","SEE1","","",1.192306,,"",
"","100000007914151","SEE1","","",1.084473,,"",
"","100000008016327","SEE1","","",16.7484717,,"",
"","100000008016611","SEE1","","",30.52015094,,"",
"","100000008016136","SEE1","","",10.70466038,,"",
"","100000008011672","SEE1","","",6.111641509,,"",
"","100000008011340","SEE1","","",11.98469811,,"",
"","100000008011797","SEE1","","",3.282698113,,"",
"","100000008020326","SEE1","","",0.805194,,"",
"","100000008020580","SEE1","","",0.94,,"",
"","100000008019932","SEE1","","",1.0812,,"",
"","100000008020094","SEE1","","",1.1227,,"",
"","100000008020327","SEE1","","",1.23,,"",
"","100000008019553","SEE1","","",0.43923,,"",
"","100000008018949","SEE1","","",1.701728,,"",
"","100000008018112","SEE1","","",0.574732,,"",
"","100000008019382","SEE1","","",0.429024,,"",
"","100000008004189","SEE1","","",0.7914,,"",
"","100000008000328","SEE1","","",3.085602,,"",
"","100000008000731","SEE1","","",2.99948,,"",
"","100000008000489","SEE1","","",4.042032,,"",
"","100000007909520","AMP1","","",0.067736461,,"",
"","100000007909581","AMP1","","",0.591176146,,"",
"","100000007909625","AMP1","","",0.821987105,,"",
"","100000007909323","AMP1","","",0.158695508,,"",
"","100000007909427","AMP1","","",0.297862255,,"",
"","100000007909499","AMP1","","",0.261097983,,"",
"","100000007909542","AMP1","","",0.529058435,,"",
"","100000007909605","AMP1","","",0.105599557,,"",
"","100000007909401","AMP1","","",0.064986964,,"",
"","100000007933229","AMP1","","",0.29864764,,"",
"","100000007916490","AMP1","","",0.411135137,,"",
"","100000007916433","AMP1","","",0.104024117,,"",
"","100000007916453","AMP1","","",0.167379651,,"",
"","100000007916806","AMP1","","",0.025066455,,"",
"","100000007916819","AMP1","","",0.038028447,,"",
"","100000007916838","AMP1","","",0.038374663,,"",
"","100000007916708","AMP1","","",0.047342228,,"",
"","100000007916697","AMP1","","",0.046390585,,"",
"","100000007916688","AMP1","","",0.049941268,,"",
"","100000007916557","AMP1","","",0.055337935,,"",
"","100000007916569","AMP1","","",0.059133195,,"",
"","100000007917499","AMP1","","",0.086741245,,"",
"","100000007917409","AMP1","","",0.114791507,,"",
"","100000007917426","AMP1","","",0.117560243,,"",
"","100000007917449","AMP1","","",0.145128444,,"",
"","100000007917098","AMP1","","",0.093878237,,"",
"","100000007917129","AMP1","","",0.098230842,,"",
"","100000007917024","AMP1","","",0.041217772,,"",
"","100000007917073","AMP1","","",0.042953851,,"",
"","100000007915763","AMP1","","",0.123566051,,"",
"","100000007909475","AMP1","","",0.15725399,,"",
"","100000007909521","AMP1","","",0.346834194,,"",
"","100000007909582","AMP1","","",0.294547623,,"",
"","100000007909352","AMP1","","",0.787303779,,"",
"","100000007909402","AMP1","","",0.378898944,,"",
"","100000007909476","AMP1","","",0.236621458,,"",
"","100000007909522","AMP1","","",0.775531445,,"",
"","100000007896766","AMP1","","",0.11680035,,"",
"","100000007933630","AMP1","","",0.750869402,,"",
"","100000007933516","AMP1","","",0.699024875,,"",
"","100000007932107","AMP1","","",0.077448807,,"",
"","100000007932018","AMP1","","",0.054455774,,"",
"","100000007933408","AMP1","","",0.120454378,,"",
"","100000007932603","AMP1","","",0.11913057,,"",
"","100000007918655","AMP1","","",0.885641878,,"",
"","100000007915729","AMP1","","",0.220525564,,"",
"","100000007916756","AMP1","","",0.16563404,,"",
"","100000007916696","AMP1","","",0.322582457,,"",
"","100000007916779","AMP1","","",0.082994632,,"",
"","100000007916600","AMP1","","",0.100030443,,"",
"","100000007916613","AMP1","","",0.078777783,,"",
"","100000007916629","AMP1","","",0.093028464,,"",
"","100000007915968","AMP1","","",0.181240716,,"",
"","100000007915985","AMP1","","",0.146450944,,"",
"","100000007916022","AMP1","","",0.314968556,,"",
"","100000007916043","AMP1","","",0.31313257,,"",
"","100000007916067","AMP1","","",0.384190811,,"",
"","100000007916085","AMP1","","",0.412340765,,"",
"","100000007915957","AMP1","","",0.39907875,,"",
"","100000007917460","AMP1","","",0.015505534,,"",
"","100000007917470","AMP1","","",0.026490008,,"",
"","100000007916276","AMP1","","",0.33915693,,"",
"","100000007917508","AMP1","","",0.03006292,,"",
"","100000007917518","AMP1","","",0.041412559,,"",
"","100000007917412","AMP1","","",0.034916601,,"",
"","100000007916202","AMP1","","",7.271025951,,"",
"","100000007915732","AMP1","","",0.13187961,,"",
"","100000007915764","AMP1","","",0.488616309,,"",
"","100000007915785","AMP1","","",0.359046472,,"",
"","100000007906761","AMP1","","",0.165749869,,"",
"","100000007905710","AMP1","","",0.338206602,,"",
"","100000007905778","AMP1","","",0.446928173,,"",
"","100000007905843","AMP1","","",0.247574196,,"",
"","100000007905920","AMP1","","",0.011837658,,"",
"","100000007932192","AMP1","","",0.143862478,,"",
"","100000007932206","AMP1","","",0.098080625,,"",
"","100000007932108","AMP1","","",0.035237854,,"",
"","100000007932075","AMP1","","",0.134987474,,"",
"","100000007932098","AMP1","","",0.184575865,,"",
"","100000007932000","AMP1","","",0.119415494,,"",
"","100000007932021","AMP1","","",0.112185239,,"",
"","100000007932516","AMP1","","",0.035293824,,"",
"","100000007932388","AMP1","","",0.355217043,,"",
"","100000007932403","AMP1","","",0.482723454,,"",
"","100000007932361","AMP1","","",0.509461387,,"",
"","100000007915762","AMP1","","",0.183544799,,"",
"","100000007915777","AMP1","","",0.249455898,,"",
"","100000007915796","AMP1","","",0.269732636,,"",
"","100000007915701","AMP1","","",0.236336334,,"",
"","100000007915720","AMP1","","",0.227092403,,"",
"","100000007915977","AMP1","","",0.458325315,,"",
"","100000007916011","AMP1","","",0.541449509,,"",
"","100000007916059","AMP1","","",0.481127726,,"",
"","100000007916079","AMP1","","",0.23538074,,"",
"","100000007915943","AMP1","","",0.367811567,,"",
"","100000007915969","AMP1","","",0.334611416,,"",
"","100000007916023","AMP1","","",0.41752705,,"",
"","100000007916050","AMP1","","",0.463798843,,"",
"","100000007916068","AMP1","","",0.379615139,,"",
"","100000007916207","AMP1","","",1.193489686,,"",
"","100000007916229","AMP1","","",0.349405404,,"",
"","100000007916477","AMP1","","",0.032263802,,"",
"","100000007916510","AMP1","","",0.025888313,,"",
"","100000007916528","AMP1","","",0.032708075,,"",
"","100000007916491","AMP1","","",0.045233524,,"",
"","100000007932114","AMP1","","",0.29499639,,"",
"","100000007931875","AMP1","","",0.364170656,,"",
"","100000007931762","AMP1","","",0.224723707,,"",
"","100000007933744","AMP1","","",0.24445458,,"",
"","100000007932038","AMP1","","",0.04321022,,"",
"","100000007932109","AMP1","","",0.040456855,,"",
"","100000007931959","AMP1","","",0.09923189,,"",
"","100000007931983","AMP1","","",0.077863776,,"",
"","100000007932223","AMP1","","",0.28565409,,"",
"","100000007932250","AMP1","","",0.26482407,,"",
"","100000007932268","AMP1","","",0.223093842,,"",
"","100000007932292","AMP1","","",0.104620381,,"",
"","100000007932334","AMP1","","",0.335876321,,"",
"","100000007932526","AMP1","","",0.067742689,,"",
"","100000007932546","AMP1","","",0.11738509,,"",
"","100000007932474","AMP1","","",0.031905014,,"",
"","100000007917347","AMP1","","",0.60852789,,"",
"","100000007917370","AMP1","","",0.749871909,,"",
"","100000007917389","AMP1","","",0.630850163,,"",
"","100000007917283","AMP1","","",0.419118411,,"",
"","100000007917245","AMP1","","",0.549078227,,"",
"","100000007917260","AMP1","","",0.7134232,,"",
"","100000007915944","AMP1","","",0.360833326,,"",
"","100000007915970","AMP1","","",0.568048902,,"",
"","100000007915999","AMP1","","",0.476509849,,"",
"","100000007917952","AMP1","","",0.129005241,,"",
"","100000007917980","AMP1","","",0.141861333,,"",
"","100000007916199","AMP1","","",0.763795705,,"",
"","100000007916501","AMP1","","",0.043322767,,"",
"","100000007916524","AMP1","","",0.065553162,,"",
"","100000007916534","AMP1","","",0.173360109,,"",
"","100000007916461","AMP1","","",0.06604743,,"",
"","100000007916483","AMP1","","",0.072980693,,"",
"","100000007916496","AMP1","","",0.083945004,,"",
"","100000007917328","AMP1","","",2.315689923,,"",
"","100000007917335","AMP1","","",0.719972586,,"",
"","100000007917356","AMP1","","",0.663957054,,"",
"","100000007917371","AMP1","","",1.3204898,,"",
"","100000007917267","AMP1","","",1.021888108,,"",
"","100000007917284","AMP1","","",2.54413288,,"",
"","100000007917308","AMP1","","",0.969926922,,"",
"","100000007917326","AMP1","","",1.147114931,,"",
"","100000007917209","AMP1","","",0.793805239,,"",
"","100000007917246","AMP1","","",0.375132907,,"",
"","100000007917164","AMP1","","",0.403858863,,"",
"","100000007917900","AMP1","","",0.144362819,,"",
"","100000007917916","AMP1","","",0.235841379,,"",
"","100000007917941","AMP1","","",0.196261023,,"",
"","100000007917994","AMP1","","",0.239221062,,"",
"","100000007918028","AMP1","","",0.393693188,,"",
"","100000007918046","AMP1","","",0.289098784,,"",
"","100000007917917","AMP1","","",0.415537683,,"",
"","100000007917963","AMP1","","",0.326456,,"",
"","100000007903933","AMP1","","",0.077406922,,"",
"","100000007903981","AMP1","","",0.049891184,,"",
"","100000007904204","AMP1","","",0.207402543,,"",
"","100000007935180","AMP1","","",0.041695071,,"",
"","100000007935313","AMP1","","",0.079027834,,"",
"","100000007936037","AMP1","","",0.012812392,,"",
"","100000007917303","AMP1","","",0.652625,,"",
"","100000007917384","AMP1","","",0.940058339,,"",
"","100000007917286","AMP1","","",1.023035296,,"",
"","100000007917304","AMP1","","",0.97071755,,"",
"","100000007918153","AMP1","","",0.22816529,,"",
"","100000007917236","AMP1","","",1.515165447,,"",
"","100000007918360","AMP1","","",1.058126544,,"",
"","100000007918280","AMP1","","",0.456817091,,"",
"","100000007918211","AMP1","","",5.675933346,,"",
"","100000007919005","AMP1","","",11.13487041,,"",
"","100000007918923","AMP1","","",28.22444675,,"",
"","100000007903982","AMP1","","",0.036838288,,"",
"","100000007904254","AMP1","","",0.551822515,,"",
"","100000007906909","AMP1","","",0.2325778,,"",
"","100000007935603","AMP1","","",0.040596661,,"",
"","100000007935494","AMP1","","",0.022139097,,"",
"","100000007935534","AMP1","","",0.026459552,,"",
"","100000007935587","AMP1","","",0.009537412,,"",
"","100000007935439","AMP1","","",0.051480253,,"",
"","100000007935698","AMP1","","",0.039930658,,"",
"","100000007918168","AMP1","","",0.427366972,,"",
"","100000007918120","AMP1","","",0.509875404,,"",
"","100000007918128","AMP1","","",0.084426151,,"",
"","100000007918412","AMP1","","",0.838375059,,"",
"","100000007918335","AMP1","","",0.120070139,,"",
"","100000007918893","AMP1","","",1.427131902,,"",
"","100000007934880","AMP1","","",0.032260989,,"",
"","100000007934942","AMP1","","",0.104769919,,"",
"","100000007934950","AMP1","","",0.127884782,,"",
"","100000007934849","AMP1","","",0.130324125,,"",
"","100000007934876","AMP1","","",0.178716959,,"",
"","100000007934760","AMP1","","",0.142969526,,"",
"","100000007935535","AMP1","","",0.033022363,,"",
"","100000007935553","AMP1","","",0.0088221,,"",
"","100000007935605","AMP1","","",0.048389549,,"",
"","100000007935519","AMP1","","",0.063633318,,"",
"","100000007935545","AMP1","","",0.0296231,,"",
"","100000007935570","AMP1","","",0.072470878,,"",
"","100000007932909","AMP1","","",0.399708629,,"",
"","100000007935375","AMP1","","",0.043372381,,"",
"","100000007933214","AMP1","","",0.35194094,,"",
"","100000007918717","AMP1","","",0.631144863,,"",
"","100000007918146","AMP1","","",0.145560845,,"",
"","100000007918121","AMP1","","",0.063479767,,"",
"","100000007916776","AMP1","","",0.473192863,,"",
"","100000007918329","AMP1","","",0.188286086,,"",
"","100000007916830","AMP1","","",0.115086176,,"",
"","100000007916689","AMP1","","",0.122531189,,"",
"","100000007916719","AMP1","","",0.131323541,,"",
"","100000007917463","AMP1","","",0.021435188,,"",
"","100000007917489","AMP1","","",0.03207503,,"",
"","100000007917505","AMP1","","",0.044779004,,"",
"","100000007917516","AMP1","","",0.01814757,,"",
"","100000007917440","AMP1","","",0.05117505,,"",
"","100000007917456","AMP1","","",0.152915685,,"",
"","100000007917404","AMP1","","",0.042792301,,"",
"","100000007917430","AMP1","","",0.025856746,,"",
"","100000007917112","AMP1","","",0.025907052,,"",
"","100000007917130","AMP1","","",0.030749775,,"",
"","100000007979336","AMP1","","",3.92015931,,"",
"","100000007979385","AMP1","","",3.9202358,,"",
"","100000007979198","AMP1","","",7.354879754,,"",
"","100000007979240","AMP1","","",5.721629125,,"",
"","100000007979312","AMP1","","",2.643203232,,"",
"","100000007979361","AMP1","","",2.620545363,,"",
"","100000007979434","AMP1","","",2.583216285,,"",
"","100000007979484","AMP1","","",2.662865795,,"",
"","100000007980987","AMP1","","",1293.73917,,"",
"","100000007980780","AMP1","","",1401.944691,,"",
"","100000007981445","AMP1","","",5.440775515,,"",
"","100000007981521","AMP1","","",6.141931675,,"",
"","100000007976834","AMP1","","",0.175419703,,"",
"","100000007976893","AMP1","","",0.24817924,,"",
"","100000007976933","AMP1","","",0.569630657,,"",
"","100000007976655","AMP1","","",0.652564136,,"",
"","100000007980491","AMP1","","",19.08141904,,"",
"","100000007980565","AMP1","","",19.08141904,,"",
"","100000007980237","AMP1","","",21.3816713,,"",
"","100000007980300","AMP1","","",19.30112926,,"",
"","100000007980324","AMP1","","",23.67925301,,"",
"","100000007978364","AMP1","","",5.91086045,,"",
"","100000007978439","AMP1","","",6.001127588,,"",
"","100000007978204","AMP1","","",6.737721659,,"",
"","100000007978341","AMP1","","",0.260345416,,"",
"","100000007976741","AMP1","","",0.660293858,,"",
"","100000007976835","AMP1","","",0.890457555,,"",
"","100000007976875","AMP1","","",1.194553466,,"",
"","100000007976934","AMP1","","",1.817798752,,"",
"","100000007976647","AMP1","","",0.285747634,,"",
"","100000007976696","AMP1","","",0.421542239,,"",
"","100000007976742","AMP1","","",0.369419719,,"",
"","100000007976809","AMP1","","",0.419587485,,"",
"","100000007978774","AMP1","","",17.9049014,,"",
"","100000007977637","AMP1","","",6.725699004,,"",
"","100000007978468","AMP1","","",32.85132291,,"",
"","100000007978521","AMP1","","",40.14403875,,"",
"","100000007984276","AMP1","","",135.4455803,,"",
"","100000007977776","AMP1","","",5.46189648,,"",
"","100000007977459","AMP1","","",5.689219788,,"",
"","100000007977588","AMP1","","",5.427094335,,"",
"","100000007977686","AMP1","","",10.03951442,,"",
"","100000007977754","AMP1","","",6.355237935,,"",
"","100000007977484","AMP1","","",3.898098711,,"",
"","100000007985625","AMP1","","",31.30180879,,"",
"","100000007984392","AMP1","","",137.8030372,,"",
"","100000007983746","AMP1","","",13.07964941,,"",
"","100000007980781","AMP1","","",2990.084899,,"",
"","100000007980821","AMP1","","",150.3284615,,"",
"","100000007983230","AMP1","","",5.978991258,,"",
"","100000007983305","AMP1","","",18.6126096,,"",
"","100000007983351","AMP1","","",6.603098757,,"",
"","100000007983035","AMP1","","",19.04949934,,"",
"","100000007984414","AMP1","","",133.3551603,,"",
"","100000007984470","AMP1","","",141.6713963,,"",
"","100000007986204","AMP1","","",16.24619861,,"",
"","100000007986230","AMP1","","",19.56286375,,"",
"","100000007986280","AMP1","","",19.56286375,,"",
"","100000007983585","AMP1","","",59.62816487,,"",
"","100000007983665","AMP1","","",6.172601717,,"",
"","100000007983719","AMP1","","",17.79758259,,"",
"","100000007983533","AMP1","","",45.44391219,,"",
"","100000007985427","AMP1","","",6.453035531,,"",
"","100000007983834","AMP1","","",86.62356388,,"",
"","100000007983948","AMP1","","",58.36340878,,"",
"","100000007983999","AMP1","","",55.98689982,,"",
"","100000007984078","AMP1","","",85.38911101,,"",
"","100000007986377","AMP1","","",11.5070332,,"",
"","100000007986414","AMP1","","",12.73628371,,"",
"","100000007987902","AMP1","","",25.32999047,,"",
"","100000007987950","AMP1","","",22.8290941,,"",
"","100000007980637","AMP1","","",989.541188,,"",
"","100000007980733","AMP1","","",3768.329814,,"",
"","100000007986261","AMP1","","",1.795661594,,"",
"","100000007986324","AMP1","","",1.968663935,,"",
"","100000007986360","AMP1","","",1.795034532,,"",
"","100000007986236","AMP1","","",1.968663935,,"",
"","100000007979557","AMP1","","",7.923834237,,"",
"","100000007988140","AMP1","","",17.38229641,,"",
"","100000007988208","AMP1","","",28.76675357,,"",
"","100000007980345","AMP1","","",24.39874949,,"",
"","100000007985626","AMP1","","",15.75462752,,"",
"","100000007985752","AMP1","","",35.2417539,,"",
"","100000007979847","AMP1","","",8.682732667,,"",
"","100000007979558","AMP1","","",44.67136568,,"",
"","100000007979653","AMP1","","",11.809118,,"",
"","100000007979704","AMP1","","",11.44025493,,"",
"","100000007979730","AMP1","","",9.810882417,,"",
"","100000007979777","AMP1","","",8.694832503,,"",
"","100000007980982","AMP1","","",21.67053817,,"",
"","100000007987854","AMP1","","",8.770675053,,"",
"","100000007987729","AMP1","","",5.51024714,,"",
"","100000007987903","AMP1","","",6.35721645,,"",
"","100000007979166","AMP1","","",2.700208885,,"",
"","100000007981117","AMP1","","",2438.611216,,"",
"","100000007981264","AMP1","","",55.80490676,,"",
"","100000007980967","AMP1","","",60.38439111,,"",
"","100000007981019","AMP1","","",60.31602352,,"",
"","100000007981066","AMP1","","",7.278057489,,"",
"","100000007977687","AMP1","","",5.333470482,,"",
"","100000007981494","AMP1","","",3.158648104,,"",
"","100000007981572","AMP1","","",3.20659942,,"",
"","100000007981625","AMP1","","",3.266346857,,"",
"","100000007981471","AMP1","","",3.841778103,,"",
"","100000007981547","AMP1","","",4.154210964,,"",
"","100000007981600","AMP1","","",3.384688988,,"",
"","100000007976374","AMP1","","",2.486626092,,"",
"","100000007976633","AMP1","","",0.456199114,,"",
"","100000007976786","AMP1","","",0.196091342,,"",
"","100000007982300","AMP1","","",57.53199283,,"",
"","100000007982324","AMP1","","",16.40829114,,"",
"","100000007982359","AMP1","","",184.6613372,,"",
"","100000007976373","AMP1","","",3.689672899,,"",
"","100000007976423","AMP1","","",6.777836408,,"",
"","100000007976495","AMP1","","",7.595624455,,"",
"","100000007976540","AMP1","","",10.68720493,,"",
"","100000007976608","AMP1","","",2.096844965,,"",
"","100000007978541","AMP1","","",5.764834145,,"",
"","100000007978228","AMP1","","",6.117184126,,"",
"","100000007978270","AMP1","","",5.948687596,,"",
"","100000007984391","AMP1","","",52.39683076,,"",
"","100000007976289","AMP1","","",2.19945316,,"",
"","100000007976350","AMP1","","",2.763529723,,"",
"","100000007976398","AMP1","","",2.675019011,,"",
"","100000007976472","AMP1","","",6.954344709,,"",
"","100000007976518","AMP1","","",5.797582507,,"",
"","100000007976269","AMP1","","",1.951134395,,"",
"","100000007976324","AMP1","","",1.921360308,,"",
"","100000007978518","AMP1","","",10.99861857,,"",
"","100000007985602","AMP1","","",27.89162188,,"",
"","100000007985675","AMP1","","",31.6834535,,"",
"","100000007983257","AMP1","","",200.1349893,,"",
"","100000007986498","AMP1","","",8.827867416,,"",
"","100000007986542","AMP1","","",1.948744715,,"",
"","100000007986678","AMP1","","",2.03088343,,"",
"","100000007984278","AMP1","","",275.5037177,,"",
"","100000007984194","AMP1","","",149.7542519,,"",
"","100000007985445","AMP1","","",30.24441121,,"",
"","100000007985532","AMP1","","",34.83907035,,"",
"","100000007985649","AMP1","","",31.02178172,,"",
"","100000007985699","AMP1","","",34.35559762,,"",
"","100000007985446","AMP1","","",41.06136794,,"",
"","100000007986807","AMP1","","",8.204081551,,"",
"","100000007986517","AMP1","","",10.10215054,,"",
"","100000007986594","AMP1","","",8.208993231,,"",
"","100000007986652","AMP1","","",7.861796809,,"",
"","100000007986730","AMP1","","",11.28191429,,"",
"","100000007986783","AMP1","","",11.13375849,,"",
"","100000007986460","AMP1","","",10.31002207,,"",
"","100000007986499","AMP1","","",10.95198284,,"",
"","100000007986622","AMP1","","",1.802824172,,"",
"","100000007983231","AMP1","","",149.7674942,,"",
"","100000007983352","AMP1","","",413.0952211,,"",
"","100000007983036","AMP1","","",420.1289895,,"",
"","100000007983098","AMP1","","",201.293809,,"",
"","100000007983141","AMP1","","",212.2896236,,"",
"","100000007986306","AMP1","","",9.02061657,,"",
"","100000007986343","AMP1","","",9.418013682,,"",
"","100000007986704","AMP1","","",1.795034532,,"",
"","100000007986756","AMP1","","",3.867772592,,"",
"","100000007986341","AMP1","","",3.658234931,,"",
"","100000007986375","AMP1","","",4.498947307,,"",
"","100000007986436","AMP1","","",5.045996564,,"",
"","100000007986121","AMP1","","",15.8372034,,"",
"","100000007986211","AMP1","","",18.5875077,,"",
"","100000007988501","AMP1","","",2.979668063,,"",
"","100000007988549","AMP1","","",3.067464073,,"",
"","100000007988612","AMP1","","",19.47271637,,"",
"","100000007979838","AMP1","","",3.513092329,,"",
"","100000007979521","AMP1","","",3.355970159,,"",
"","100000007979573","AMP1","","",3.337464773,,"",
"","100000007979624","AMP1","","",3.279202277,,"",
"","100000007979699","AMP1","","",5.932611813,,"",
"","100000007979752","AMP1","","",4.238112252,,"",
"","100000007979815","AMP1","","",4.238112252,,"",
"","100000007979622","AMP1","","",4.315088262,,"",
"","100000007988694","AMP1","","",7.475523555,,"",
"","100000007988401","AMP1","","",15.08737885,,"",
"","100000007979218","AMP1","","",2.858844913,,"",
"","100000007979263","AMP1","","",2.614998527,,"",
"","100000007981144","AMP1","","",7.810769832,,"",
"","100000007988614","AMP1","","",14.22394452,,"",
"","100000007987354","AMP1","","",18.42750639,,"",
"","100000007987406","AMP1","","",30.5837529,,"",
"","100000007985900","AMP1","","",69.34741,,"",
"","100000007985952","AMP1","","",39.96792077,,"",
"","100000007985992","AMP1","","",42.98994093,,"",
"","100000007986051","AMP1","","",10.31013995,,"",
"","100000007979023","AMP1","","",7.561648108,,"",
"","100000007985274","AMP1","","",19.40455051,,"",
"","100000007985291","AMP1","","",19.30062042,,"",
"","100000007989877","AMP1","","",18.88986339,,"",
"","100000007989903","AMP1","","",20.35887266,,"",
"","100000007989915","AMP1","","",19.10916508,,"",
"","100000007989935","AMP1","","",6.362147707,,"",
"","100000007989948","AMP1","","",6.753362334,,"",
"","100000007989839","AMP1","","",9.633716396,,"",
"","100000007979911","AMP1","","",6.800143037,,"",
"","100000307438770","AMP1","","",4.6511,,"",
"","100000007989928","AMP1","","",12.08923911,,"",
"","100000007989942","AMP1","","",11.04311105,,"",
"","100000007988768","AMP1","","",11.27009022,,"",
"","100000007988892","AMP1","","",6.566645312,,"",
"","100000007988937","AMP1","","",13.99672495,,"",
"","100000007989007","AMP1","","",12.18204935,,"",
"","100000007979957","AMP1","","",6.740354613,,"",
"","100000007979979","AMP1","","",6.803684567,,"",
"","100000007980023","AMP1","","",7.447278813,,"",
"","100000007980045","AMP1","","",7.830622928,,"",
"","100000007980088","AMP1","","",7.82771657,,"",
"","100000007980132","AMP1","","",7.91878089,,"",
"","100000007982265","AMP1","","",67.80231699,,"",
"","100000307438771","AMP1","","",7.7359,,"",
"","100000307438772","AMP1","","",10.4994,,"",
"","100000307438773","AMP1","","",11.9374,,"",
"","100000307438774","AMP1","","",13.6578,,"",
"","100000307438775","AMP1","","",16.2307,,"",
"","100000007988743","AMP1","","",17.85945749,,"",
"","100000007988790","AMP1","","",28.91794469,,"",
"","100000007980193","AMP1","","",5.268698938,,"",
"","100000007979890","AMP1","","",5.215670687,,"",
"","100000007976127","AMP1","","",3.253698016,,"",
"","100000007976046","AMP1","","",0.258535189,,"",
"","100000007976913","AMP1","","",0.401482327,,"",
"","100000007907303","AMP1","","",2.879143143,,"",
"","100000007975095","AMP1","","",1.701724324,,"",
"","100000007975142","AMP1","","",2.046197819,,"",
"","100000007975164","AMP1","","",1.935468121,,"",
"","100000007982323","AMP1","","",79.5968491,,"",
"","100000007907221","AMP1","","",17.21773682,,"",
"","100000007907382","AMP1","","",17.12319342,,"",
"","100000007913227","AMP1","","",4.013426751,,"",
"","100000007975143","AMP1","","",3.665205441,,"",
"","100000007982309","AMP1","","",64.96207248,,"",
"","100000007985972","AMP1","","",134.3094825,,"",
"","100000007913203","AMP1","","",187.1607524,,"",
"","100000007982966","AMP1","","",29.34726775,,"",
"","100000007985810","AMP1","","",52.14910427,,"",
"","100000007985865","AMP1","","",59.71330062,,"",
"","100000007986702","AMP1","","",73.47090595,,"",
"","100000007986516","AMP1","","",34.56248669,,"",
"","100000007914293","AMP1","","",27.69806448,,"",
"","100000007914307","AMP1","","",80.93590193,,"",
"","100000007985316","AMP1","","",3.305146042,,"",
"","100000007985357","AMP1","","",3.581577252,,"",
"","100000007987085","AMP1","","",8.997894614,,"",
"","100000007987158","AMP1","","",39.85431099,,"",
"","100000007987208","AMP1","","",58.12276369,,"",
"","100000007986703","AMP1","","",2.461982022,,"",
"","100000007986828","AMP1","","",7.826513594,,"",
"","100000007978976","AMP1","","",5.340540269,,"",
"","100000007914313","AMP1","","",24.56608716,,"",
"","100000007985283","AMP1","","",24.55476632,,"",
"","100000007985307","AMP1","","",23.33544891,,"",
"","100000007985325","AMP1","","",5.540372525,,"",
"","100000007985349","AMP1","","",7.045456931,,"",
"","100000007985230","AMP1","","",16.13258883,,"",
"","100000007984873","AMP1","","",18.58858477,,"",
"","100000007984936","AMP1","","",18.88194552,,"",
"","100000007985044","AMP1","","",20.40345652,,"",
"","100000007987134","AMP1","","",31.56079702,,"",
"","100000007979598","AMP1","","",5.520286097,,"",
"","100000007979623","AMP1","","",5.599816286,,"",
"","100000007979674","AMP1","","",5.39678495,,"",
"","100000307438777","AMP1","","",21.3959,,"",
"","100000007984938","AMP1","","",34.2575,,"",
"","100000007985018","AMP1","","",4.435308643,,"",
"","100000007988982","AMP1","","",16.7628301,,"",
"","100000007989029","AMP1","","",6.647385911,,"",
"","100000007979912","AMP1","","",5.175701822,,"",
"","100000007978995","AMP1","","",5.268698938,,"",
"","100000007979003","AMP1","","",5.289776488,,"",
"","100000007976031","AMP1","","",14.5291212,,"",
"","100000007988916","AMP1","","",27.9151,,"",
"","100000007988983","AMP1","","",8.944755768,,"",
"","100000007989030","AMP1","","",9.634109384,,"",
"","100000007989075","AMP1","","",19.4593,,"",
"","100000007988744","AMP1","","",10.40665589,,"",
"","100000007988769","AMP1","","",25.71924885,,"",
"","100000007989558","AMP1","","",10.49035014,,"",
"","100000007989683","AMP1","","",12.15624651,,"",
"","100000007979024","AMP1","","",6.191537956,,"",
"","100000007979050","AMP1","","",6.493170962,,"",
"","100000007979063","AMP1","","",6.031534864,,"",
"","100000007979014","AMP1","","",11.58211138,,"",
"","100000007979049","AMP1","","",7.82744054,,"",
"","100000007979062","AMP1","","",7.362734044,,"",
"","100000007979088","AMP1","","",7.482419006,,"",
"","100000007905428","AMP1","","",7.326477241,,"",
"","100000007989734","AMP1","","",12.76367354,,"",
"","100000007989486","AMP1","","",8.293513975,,"",
"","100000007989581","AMP1","","",13.31506627,,"",
"","100000007989681","AMP1","","",10.21224217,,"",
"","100000007975186","AMP1","","",6.648772545,,"",
"","100000007977250","AMP1","","",1.437409007,,"",
"","100000007977315","AMP1","","",1.247581955,,"",
"","100000007976965","AMP1","","",2.374567454,,"",
"","100000007907802","AMP1","","",17.27936854,,"",
"","100000007908013","AMP1","","",11.95174891,,"",
"","100000007908097","AMP1","","",35.92341259,,"",
"","100000007975370","AMP1","","",2.02038496,,"",
"","100000007975592","AMP1","","",0.568048902,,"",
"","100000007975287","AMP1","","",0.72326245,,"",
"","100000007975345","AMP1","","",1.430339674,,"",
"","100000007975522","AMP1","","",2.504769217,,"",
"","100000007977408","AMP1","","",1.985236641,,"",
"","100000007977058","AMP1","","",2.646528207,,"",
"","100000007977028","AMP1","","",3.150390362,,"",
"","100000007977188","AMP1","","",5.510761934,,"",
"","100000007907837","AMP1","","",36.03702237,,"",
"","100000007980170","AMP1","","",31.12907985,,"",
"","100000007980215","AMP1","","",21.44615001,,"",
"","100000007980169","AMP1","","",18.6590563,,"",
"","100000007979908","AMP1","","",28.06883961,,"",
"","100000007979952","AMP1","","",25.28906854,,"",
"","100000007975569","AMP1","","",3.789270304,,"",
"","100000007977155","AMP1","","",1.062829969,,"",
"","100000007979998","AMP1","","",25.58492256,,"",
"","100000007980043","AMP1","","",36.41404122,,"",
"","100000007980108","AMP1","","",36.43544887,,"",
"","100000007980149","AMP1","","",7.519618987,,"",
"","100000007980213","AMP1","","",6.201977972,,"",
"","100000007979909","AMP1","","",9.383717468,,"",
"","100000007979931","AMP1","","",16.20791015,,"",
"","100000007979932","AMP1","","",17.52740605,,"",
"","100000007980022","AMP1","","",20.277289,,"",
"","100000007982840","AMP1","","",26.84547037,,"",
"","100000007982869","AMP1","","",39.81499589,,"",
"","100000007982648","AMP1","","",169.2837554,,"",
"","100000007982697","AMP1","","",196.8833402,,"",
"","100000007982779","AMP1","","",200.2879778,,"",
"","100000007913218","AMP1","","",65.31843161,,"",
"","100000007913226","AMP1","","",61.39483205,,"",
"","100000007914371","AMP1","","",90.92671845,,"",
"","100000007914385","AMP1","","",30.63848051,,"",
"","100000007979869","AMP1","","",7.097260284,,"",
"","100000007985340","AMP1","","",12.56524172,,"",
"","100000007985260","AMP1","","",3.439808589,,"",
"","100000007984965","AMP1","","",22.70641226,,"",
"","100000007985047","AMP1","","",5.385103595,,"",
"","100000007982581","AMP1","","",203.4296729,,"",
"","100000007985788","AMP1","","",69.59735152,,"",
"","100000007985881","AMP1","","",22.01757546,,"",
"","100000007985918","AMP1","","",29.25987101,,"",
"","100000007914318","AMP1","","",85.88899404,,"",
"","100000007914282","AMP1","","",56.38428564,,"",
"","100000007914330","AMP1","","",51.14193141,,"",
"","100000007914381","AMP1","","",60.13887069,,"",
"","100000007914292","AMP1","","",145.0636471,,"",
"","100000007985290","AMP1","","",13.85523785,,"",
"","100000007985331","AMP1","","",5.751636883,,"",
"","100000007985103","AMP1","","",6.635971713,,"",
"","100000007985180","AMP1","","",6.612089224,,"",
"","100000007985233","AMP1","","",5.498713375,,"",
"","100000007984882","AMP1","","",47.01172716,,"",
"","100000007985141","AMP1","","",19.74537985,,"",
"","100000007985789","AMP1","","",29.06138185,,"",
"","100000007985935","AMP1","","",12.32538104,,"",
"","100000007985864","AMP1","","",56.53222677,,"",
"","100000007946900","B4U1","","",0,,"",
"","100000007943580","B4U1","","",4.921714286,,"",
"","100000007944280","B4U1","","",0.972,,"",
"","100000007944339","B4U1","","",1.195857143,,"",
"","100000007944233","B4U1","","",2.406857143,,"",
"","100000007944282","B4U1","","",15.41314286,,"",
"","100000007939810","B4U1","","",136.4037,,"",
"","100000007939926","B4U1","","",80.39971429,,"",
"","100000007934511","B4U1","","",210.9184286,,"",
"","100000007930463","B4U1","","",0.964285714,,"",
"","100000007933462","B4U1","","",0.055,,"",
"","100000007933303","B4U1","","",0.057428571,,"",
"","100000007933354","B4U1","","",0.150142857,,"",
"","100000007933377","B4U1","","",0.238,,"",
"","100000007933271","B4U1","","",0.269571429,,"",
"","100000007933293","B4U1","","",0.522142857,,"",
"","100000007933347","B4U1","","",0.424142857,,"",
"","100000007934064","B4U1","","",0.114571429,,"",
"","100000007934088","B4U1","","",0.095571429,,"",
"","100000007934103","B4U1","","",0.138,,"",
"","100000007934015","B4U1","","",0.194571429,,"",
"","100000007934055","B4U1","","",0.234857143,,"",
"","100000007933688","B4U1","","",0.115714286,,"",
"","100000007933705","B4U1","","",0.129142857,,"",
"","100000007933719","B4U1","","",0.131142857,,"",
"","100000007933635","B4U1","","",0.216,,"",
"","100000007933933","B4U1","","",0.110571429,,"",
"","100000007919472","B4U1","","",9.226285714,,"",
"","100000007919482","B4U1","","",14.47871429,,"",
"","100000007919497","B4U1","","",8.083,,"",
"","100000007919511","B4U1","","",12.95071429,,"",
"","100000007919585","B4U1","","",12.96,,"",
"","100000007919475","B4U1","","",12.35128571,,"",
"","100000007919102","B4U1","","",4.614,,"",
"","100000007919044","B4U1","","",1.450285714,,"",
"","100000007919360","B4U1","","",26.92285714,,"",
"","100000007919384","B4U1","","",0.867,,"",
"","100000007919398","B4U1","","",58.581,,"",
"","100000007919454","B4U1","","",22.51028571,,"",
"","100000007943387","B4U1","","",55.22585714,,"",
"","100000007943396","B4U1","","",55.85142857,,"",
"","100000007943680","B4U1","","",0.864,,"",
"","100000007944195","B4U1","","",2.931428571,,"",
"","100000007939878","B4U1","","",186.3118571,,"",
"","100000007931254","B4U1","","",0.111857143,,"",
"","100000007933701","B4U1","","",0.129857143,,"",
"","100000007930903","B4U1","","",0.219142857,,"",
"","100000007930932","B4U1","","",0.327142857,,"",
"","100000007933968","B4U1","","",0.693,,"",
"","100000007933882","B4U1","","",0.703285714,,"",
"","100000007929538","B4U1","","",0.862428571,,"",
"","100000007919476","B4U1","","",12.92928571,,"",
"","100000007919492","B4U1","","",12.95214286,,"",
"","100000007919514","B4U1","","",12.58271429,,"",
"","100000007919537","B4U1","","",12.92114286,,"",
"","100000007919664","B4U1","","",35.20814286,,"",
"","100000007919682","B4U1","","",9.771714286,,"",
"","100000007919108","B4U1","","",18.36,,"",
"","100000007917547","B4U1","","",1.680714286,,"",
"","100000007917562","B4U1","","",1.701857143,,"",
"","100000007917579","B4U1","","",1.574571429,,"",
"","100000007919346","B4U1","","",22.34057143,,"",
"","100000007919373","B4U1","","",23.87314286,,"",
"","100000007919395","B4U1","","",22.464,,"",
"","100000007941358","B4U1","","",193.317,,"",
"","100000007930776","B4U1","","",4.813714286,,"",
"","100000007930992","B4U1","","",0.430428571,,"",
"","100000007930941","B4U1","","",0.173285714,,"",
"","100000007930960","B4U1","","",0.199428571,,"",
"","100000007929588","B4U1","","",1.015571429,,"",
"","100000007919712","B4U1","","",7.104285714,,"",
"","100000007919628","B4U1","","",9.548,,"",
"","100000007919590","B4U1","","",207.0518571,,"",
"","100000007919614","B4U1","","",8.890857143,,"",
"","100000007917632","B4U1","","",42.58285714,,"",
"","100000007917647","B4U1","","",3.740714286,,"",
"","100000007917548","B4U1","","",10.58571429,,"",
"","100000007917568","B4U1","","",37.03328571,,"",
"","100000007917564","B4U1","","",10.10585714,,"",
"","100000007917800","B4U1","","",8.917714286,,"",
"","100000007917814","B4U1","","",22.29428571,,"",
"","100000007917846","B4U1","","",17.278,,"",
"","100000007917871","B4U1","","",18.78928571,,"",
"","100000007917888","B4U1","","",12.13371429,,"",
"","100000007917791","B4U1","","",21.54685714,,"",
"","100000007931713","B4U1","","",0.192857143,,"",
"","100000007931730","B4U1","","",0.021857143,,"",
"","100000007931615","B4U1","","",0.016142857,,"",
"","100000007931631","B4U1","","",0.011857143,,"",
"","100000007931088","B4U1","","",1.399714286,,"",
"","100000007929666","B4U1","","",2.268,,"",
"","100000007929578","B4U1","","",2.716142857,,"",
"","100000007929584","B4U1","","",1.258285714,,"",
"","100000007929631","B4U1","","",1.467714286,,"",
"","100000007929650","B4U1","","",1.601285714,,"",
"","100000307474605","B4U1","","",8.778857143,,"",
"","100000307474605","B4U1","","",8.778857143,,"",
"","100000007919995","B4U1","","",3.387428571,,"",
"","100000007920054","B4U1","","",4.248714286,,"",
"","100000007916493","B4U1","","",3.817714286,,"",
"","100000007916502","B4U1","","",4.149714286,,"",
"","100000007917642","B4U1","","",28.13571429,,"",
"","100000007917535","B4U1","","",6.815428571,,"",
"","100000007917556","B4U1","","",41.65714286,,"",
"","100000007917594","B4U1","","",13.13385714,,"",
"","100000007916791","B4U1","","",2.244142857,,"",
"","100000007917802","B4U1","","",13.10885714,,"",
"","100000007917815","B4U1","","",16.74928571,,"",
"","100000007917822","B4U1","","",16.88057143,,"",
"","100000007917836","B4U1","","",18.888,,"",
"","100000007916673","B4U1","","",12.11114286,,"",
"","100000007931426","B4U1","","",0.087285714,,"",
"","100000007932133","B4U1","","",14.27142857,,"",
"","100000007932146","B4U1","","",0.111428571,,"",
"","100000007932165","B4U1","","",17.74285714,,"",
"","100000007932180","B4U1","","",0.123714286,,"",
"","100000007932200","B4U1","","",62.56228571,,"",
"","100000007932214","B4U1","","",0.148571429,,"",
"","100000007932141","B4U1","","",0.170428571,,"",
"","100000007931773","B4U1","","",0.064,,"",
"","100000007931824","B4U1","","",0.115142857,,"",
"","100000007931864","B4U1","","",0.123142857,,"",
"","100000007929756","B4U1","","",0.456714286,,"",
"","100000007930022","B4U1","","",0.182,,"",
"","100000007929868","B4U1","","",0.127285714,,"",
"","100000007930679","B4U1","","",24.37571429,,"",
"","100000007916526","B4U1","","",3.950142857,,"",
"","100000007916449","B4U1","","",6.491142857,,"",
"","100000007916503","B4U1","","",3.577571429,,"",
"","100000007916536","B4U1","","",4.907857143,,"",
"","100000007916809","B4U1","","",24.44957143,,"",
"","100000007916679","B4U1","","",34.18671429,,"",
"","100000007916576","B4U1","","",8.386857143,,"",
"","100000007916674","B4U1","","",15.74128571,,"",
"","100000007916597","B4U1","","",1.707857143,,"",
"","100000007916631","B4U1","","",1.216285714,,"",
"","100000007932401","B4U1","","",0.015857143,,"",
"","100000007932427","B4U1","","",0.017714286,,"",
"","100000007932449","B4U1","","",0.020142857,,"",
"","100000007933110","B4U1","","",0.049,,"",
"","100000007932995","B4U1","","",0.051,,"",
"","100000007932195","B4U1","","",0.060571429,,"",
"","100000007929798","B4U1","","",0.151142857,,"",
"","100000007929820","B4U1","","",0.127142857,,"",
"","100000007929862","B4U1","","",0.118,,"",
"","100000007916485","B4U1","","",4.674857143,,"",
"","100000007916441","B4U1","","",6.186142857,,"",
"","100000007916475","B4U1","","",6.245428571,,"",
"","100000007916494","B4U1","","",8.471571429,,"",
"","100000007916579","B4U1","","",2.030142857,,"",
"","100000007916564","B4U1","","",12.35828571,,"",
"","100000007916659","B4U1","","",1.963714286,,"",
"","100000007916675","B4U1","","",2.146142857,,"",
"","100000007932353","B4U1","","",0.020428571,,"",
"","100000007932374","B4U1","","",0.019285714,,"",
"","100000007932368","B4U1","","",0.046142857,,"",
"","100000007933074","B4U1","","",0.039142857,,"",
"","100000007933091","B4U1","","",0.032857143,,"",
"","100000007933113","B4U1","","",0.055,,"",
"","100000007932782","B4U1","","",0.046,,"",
"","100000007932724","B4U1","","",0.049,,"",
"","100000007932812","B4U1","","",0.030571429,,"",
"","100000007933016","B4U1","","",0.067714286,,"",
"","100000007933031","B4U1","","",0.063714286,,"",
"","100000007932943","B4U1","","",0.071428571,,"",
"","100000007932938","B4U1","","",0.046571429,,"",
"","100000007932984","B4U1","","",0.073714286,,"",
"","100000007931806","B4U1","","",0.045285714,,"",
"","100000007933257","B4U1","","",0.275142857,,"",
"","100000007933164","B4U1","","",0.230714286,,"",
"","100000007917904","B4U1","","",1.496571429,,"",
"","100000007917919","B4U1","","",38.13428571,,"",
"","100000007917937","B4U1","","",3.976714286,,"",
"","100000007918268","B4U1","","",4.288571429,,"",
"","100000007918290","B4U1","","",29.59642857,,"",
"","100000007918205","B4U1","","",5.293714286,,"",
"","100000007919002","B4U1","","",5.137857143,,"",
"","100000007919017","B4U1","","",3.660285714,,"",
"","100000007918920","B4U1","","",2.187,,"",
"","100000007918932","B4U1","","",2.486142857,,"",
"","100000007918956","B4U1","","",2.187,,"",
"","100000007918969","B4U1","","",2.424571429,,"",
"","100000007918636","B4U1","","",3.625714286,,"",
"","100000007947035","B4U1","","",0,,"",
"","100000007947665","B4U1","","",0,,"",
"","100000007947183","B4U1","","",0,,"",
"","100000007947214","B4U1","","",0,,"",
"","100000007947227","B4U1","","",0,,"",
"","100000007947207","B4U1","","",0,,"",
"","100000007947479","B4U1","","",0,,"",
"","100000007940376","B4U1","","",304.6208571,,"",
"","100000007933138","B4U1","","",0.042571429,,"",
"","100000007933153","B4U1","","",0.049714286,,"",
"","100000007933915","B4U1","","",0.264714286,,"",
"","100000007933788","B4U1","","",85.76457143,,"",
"","100000007930265","B4U1","","",1.646,,"",
"","100000007932930","B4U1","","",0.071428571,,"",
"","100000007932996","B4U1","","",0.021,,"",
"","100000007933242","B4U1","","",0.124714286,,"",
"","100000007933713","B4U1","","",0.194571429,,"",
"","100000007917545","B4U1","","",3.650285714,,"",
"","100000007917607","B4U1","","",4,,"",
"","100000007917638","B4U1","","",8.310285714,,"",
"","100000007917561","B4U1","","",3.996142857,,"",
"","100000007917577","B4U1","","",10.06371429,,"",
"","100000007918285","B4U1","","",5.973571429,,"",
"","100000007918291","B4U1","","",21.91,,"",
"","100000007918187","B4U1","","",25.93228571,,"",
"","100000007918206","B4U1","","",28.36214286,,"",
"","100000007918953","B4U1","","",7.756142857,,"",
"","100000007919554","B4U1","","",12.95157143,,"",
"","100000007918934","B4U1","","",2.526,,"",
"","100000007918950","B4U1","","",2.187,,"",
"","100000007918979","B4U1","","",2.187,,"",
"","100000007919415","B4U1","","",22.59257143,,"",
"","100000007976586","B4U1","","",0.017142857,,"",
"","100000007976273","B4U1","","",0.013142857,,"",
"","100000007976448","B4U1","","",0.040714286,,"",
"","100000007976541","B4U1","","",0.024857143,,"",
"","100000007976562","B4U1","","",0.053714286,,"",
"","100000007976610","B4U1","","",0.041428571,,"",
"","100000007976274","B4U1","","",0.031428571,,"",
"","100000007976376","B4U1","","",0.096142857,,"",
"","100000007976449","B4U1","","",0.055714286,,"",
"","100000007978891","B4U1","","",0.085142857,,"",
"","100000007978908","B4U1","","",0.070428571,,"",
"","100000007978727","B4U1","","",0.073285714,,"",
"","100000007977660","B4U1","","",0.149,,"",
"","100000007975738","B4U1","","",0.047142857,,"",
"","100000007975801","B4U1","","",0.054,,"",
"","100000007978161","B4U1","","",0.039142857,,"",
"","100000007977984","B4U1","","",0.056142857,,"",
"","100000007975044","B4U1","","",0.225,,"",
"","100000007975470","B4U1","","",0.119428571,,"",
"","100000007975578","B4U1","","",0.064571429,,"",
"","100000007980025","B4U1","","",0.215857143,,"",
"","100000007975167","B4U1","","",0.148714286,,"",
"","100000007975202","B4U1","","",0.171285714,,"",
"","100000007975159","B4U1","","",0.055714286,,"",
"","100000007975208","B4U1","","",0.138285714,,"",
"","100000007977121","B4U1","","",0.078571429,,"",
"","100000007977184","B4U1","","",0.106142857,,"",
"","100000007977282","B4U1","","",0.151714286,,"",
"","100000007977374","B4U1","","",0.042142857,,"",
"","100000007977438","B4U1","","",0.195285714,,"",
"","100000007921552","AMP1","","",2.72339638,,"",
"","100000007921576","AMP1","","",8.453786318,,"",
"","100000007921594","AMP1","","",12.4118132,,"",
"","100000007923374","AMP1","","",134.9765102,,"",
"","100000007923251","AMP1","","",334.0857819,,"",
"","100000007923301","AMP1","","",101.2450842,,"",
"","100000007923320","AMP1","","",229.6479128,,"",
"","100000007922537","AMP1","","",1.829851405,,"",
"","100000007922429","AMP1","","",2.554060047,,"",
"","100000007923725","AMP1","","",13.61190438,,"",
"","100000007923734","AMP1","","",15.93088155,,"",
"","100000007923772","AMP1","","",6.175357854,,"",
"","100000007923964","AMP1","","",8.594008811,,"",
"","100000007923983","AMP1","","",7.903919041,,"",
"","100000007924009","AMP1","","",10.54658261,,"",
"","100000007924027","AMP1","","",14.61756903,,"",
"","100000007923913","AMP1","","",14.25915694,,"",
"","100000007921581","AMP1","","",79.57229025,,"",
"","100000007921554","AMP1","","",122.8768522,,"",
"","100000007921502","AMP1","","",57.84370824,,"",
"","100000007921514","AMP1","","",64.48469589,,"",
"","100000007921535","AMP1","","",74.0869213,,"",
"","100000007936424","B4U1","","",23.60414286,,"",
"","100000007936317","B4U1","","",34.25285714,,"",
"","100000007936331","B4U1","","",32.61857143,,"",
"","100000007936352","B4U1","","",55.58985714,,"",
"","100000007935041","B4U1","","",98.88171429,,"",
"","100000007934711","B4U1","","",79.65557143,,"",
"","100000007934628","B4U1","","",105.5508571,,"",
"","100000007976498","B4U1","","",0.056857143,,"",
"","100000007976310","B4U1","","",0.018285714,,"",
"","100000007973720","B4U1","","",0.038714286,,"",
"","100000007973758","B4U1","","",0.115,,"",
"","100000007975964","B4U1","","",0.033428571,,"",
"","100000007975734","B4U1","","",0.054714286,,"",
"","100000007975799","B4U1","","",0.063714286,,"",
"","100000007975888","B4U1","","",0.095714286,,"",
"","100000007975865","B4U1","","",0.046714286,,"",
"","100000007975625","B4U1","","",0.073571429,,"",
"","100000007975450","B4U1","","",0.054571429,,"",
"","100000007975554","B4U1","","",0.070571429,,"",
"","100000007975451","B4U1","","",0.075142857,,"",
"","100000007975073","B4U1","","",0.173,,"",
"","100000007975080","B4U1","","",0.214714286,,"",
"","100000007975106","B4U1","","",0.129571429,,"",
"","100000007975151","B4U1","","",0.022571429,,"",
"","100000007975168","B4U1","","",0.037571429,,"",
"","100000007975192","B4U1","","",0.033428571,,"",
"","100000007975074","B4U1","","",0.015714286,,"",
"","100000007977375","B4U1","","",0.929,,"",
"","100000007977154","B4U1","","",0.399857143,,"",
"","100000007977219","B4U1","","",0.180428571,,"",
"","100000007977314","B4U1","","",0.211,,"",
"","100000007921726","AMP1","","",62.87219429,,"",
"","100000007921604","AMP1","","",73.36919623,,"",
"","100000007921647","AMP1","","",96.23623359,,"",
"","100000007921673","AMP1","","",27.07091266,,"",
"","100000007921718","AMP1","","",55.99507559,,"",
"","100000007922451","AMP1","","",2.890802604,,"",
"","100000007922467","AMP1","","",6.519534794,,"",
"","100000007922505","AMP1","","",7.0409311,,"",
"","100000007922521","AMP1","","",7.948393085,,"",
"","100000007923781","AMP1","","",7.497325279,,"",
"","100000007923662","AMP1","","",8.154211574,,"",
"","100000007923708","AMP1","","",12.54602335,,"",
"","100000007923726","AMP1","","",17.38295979,,"",
"","100000007923755","AMP1","","",11.01958027,,"",
"","100000007921549","AMP1","","",135.6722295,,"",
"","100000007939557","B4U1","","",60.07042857,,"",
"","100000007939587","B4U1","","",49.102,,"",
"","100000007939496","B4U1","","",50.316,,"",
"","100000007934653","B4U1","","",63.396,,"",
"","100000007934686","B4U1","","",66.25028571,,"",
"","100000007936630","B4U1","","",23.10357143,,"",
"","100000007973659","B4U1","","",0.016285714,,"",
"","100000007973721","B4U1","","",0.027428571,,"",
"","100000007973451","B4U1","","",0.027857143,,"",
"","100000007973596","B4U1","","",0.023,,"",
"","100000007974012","B4U1","","",0.047142857,,"",
"","100000007975674","B4U1","","",0.104142857,,"",
"","100000007975735","B4U1","","",0.087142857,,"",
"","100000007975938","B4U1","","",0.067428571,,"",
"","100000007981203","B4U1","","",0.112,,"",
"","100000007975354","B4U1","","",0.133,,"",
"","100000007975426","B4U1","","",0.100428571,,"",
"","100000007975532","B4U1","","",0.120142857,,"",
"","100000007980863","B4U1","","",0.056,,"",
"","100000007980906","B4U1","","",0.073142857,,"",
"","100000007980610","B4U1","","",0.085285714,,"",
"","100000007975131","B4U1","","",0.046142857,,"",
"","100000007977376","B4U1","","",0.020285714,,"",
"","100000007921699","AMP1","","",79.16254516,,"",
"","100000007922472","AMP1","","",11.6281633,,"",
"","100000007939487","B4U1","","",71.53271429,,"",
"","100000007939387","B4U1","","",62.81057143,,"",
"","100000007936599","B4U1","","",23.93942857,,"",
"","100000007936542","B4U1","","",10.53228571,,"",
"","100000007974218","B4U1","","",0.139,,"",
"","100000007974271","B4U1","","",0.137428571,,"",
"","100000007980993","B4U1","","",0.128,,"",
"","100000007981087","B4U1","","",0.025571429,,"",
"","100000007980661","B4U1","","",0.052142857,,"",
"","100000007981961","B4U1","","",0.062571429,,"",
"","100000007982109","B4U1","","",0.084714286,,"",
"","100000007982170","B4U1","","",0.100714286,,"",
"","100000007981773","B4U1","","",0.047714286,,"",
"","100000007981930","B4U1","","",0.045428571,,"",
"","100000007981995","B4U1","","",0.043285714,,"",
"","100000007982530","B4U1","","",0.072571429,,"",
"","100000007982629","B4U1","","",0.078714286,,"",
"","100000007925181","AMP1","","",30.26144336,,"",
"","100000007925034","AMP1","","",23.6683802,,"",
"","100000007925058","AMP1","","",24.06502644,,"",
"","100000007924961","AMP1","","",26.88004942,,"",
"","100000007934302","B4U1","","",0.465428571,,"",
"","100000007934285","B4U1","","",163.4602857,,"",
"","100000007980960","B4U1","","",0.032142857,,"",
"","100000007981012","B4U1","","",0.037571429,,"",
"","100000007981089","B4U1","","",0.045285714,,"",
"","100000007981206","B4U1","","",0.053857143,,"",
"","100000007981229","B4U1","","",0.042428571,,"",
"","100000007981742","B4U1","","",0.039142857,,"",
"","100000007985277","B4U1","","",0.021285714,,"",
"","100000007984939","B4U1","","",0.022,,"",
"","100000007984991","B4U1","","",0.012857143,,"",
"","100000007985131","B4U1","","",0.026714286,,"",
"","100000007984918","B4U1","","",0.011714286,,"",
"","100000007982577","B4U1","","",0.082857143,,"",
"","100000007925890","AMP1","","",15.68219815,,"",
"","100000007925966","AMP1","","",34.56274544,,"",
"","100000007925442","AMP1","","",24.45328422,,"",
"","100000007925477","AMP1","","",28.02502488,,"",
"","100000007925339","AMP1","","",0.538236165,,"",
"","100000007925246","AMP1","","",0.612319366,,"",
"","100000007925261","AMP1","","",0.679458844,,"",
"","100000007925317","AMP1","","",0.516995636,,"",
"","100000007924891","AMP1","","",10.43525868,,"",
"","100000007925100","AMP1","","",17.13197921,,"",
"","100000007925120","AMP1","","",22.89316025,,"",
"","100000007925171","AMP1","","",29.38267666,,"",
"","100000007924969","AMP1","","",29.53435906,,"",
"","100000007924987","AMP1","","",36.01067813,,"",
"","100000007925012","AMP1","","",31.5264992,,"",
"","100000007925035","AMP1","","",37.24563584,,"",
"","100000007934213","B4U1","","",260.517,,"",
"","100000007934214","B4U1","","",2.499,,"",
"","100000007935094","B4U1","","",2.977142857,,"",
"","100000007939173","B4U1","","",71.96742857,,"",
"","100000007983856","B4U1","","",0.011857143,,"",
"","100000007983836","B4U1","","",0.014428571,,"",
"","100000007983953","B4U1","","",0.021714286,,"",
"","100000007984030","B4U1","","",0.018,,"",
"","100000007925914","AMP1","","",11.26366452,,"",
"","100000007925946","AMP1","","",13.40944264,,"",
"","100000007925967","AMP1","","",17.47673826,,"",
"","100000007925812","AMP1","","",13.92590511,,"",
"","100000007925364","AMP1","","",40.87499527,,"",
"","100000007925404","AMP1","","",76.27967198,,"",
"","100000007925459","AMP1","","",10.08347353,,"",
"","100000007925497","AMP1","","",10.52055785,,"",
"","100000007925365","AMP1","","",20.59145603,,"",
"","100000007925793","AMP1","","",52.42842371,,"",
"","100000007925692","AMP1","","",62.31985976,,"",
"","100000007925767","AMP1","","",22.6121734,,"",
"","100000007924881","AMP1","","",17.22299216,,"",
"","100000007924897","AMP1","","",22.0617337,,"",
"","100000007925522","AMP1","","",17.69663336,,"",
"","100000007925101","AMP1","","",7.277166551,,"",
"","100000007924973","AMP1","","",8.019740291,,"",
"","100000007935102","B4U1","","",1.807571429,,"",
"","100000007934621","B4U1","","",102.7388571,,"",
"","100000007934680","B4U1","","",193.3421429,,"",
"","100000007934585","B4U1","","",234.0157143,,"",
"","100000007983858","B4U1","","",0.011857143,,"",
"","100000007983412","B4U1","","",0.028285714,,"",
"","100000007977962","B4U1","","",0.036428571,,"",
"","100000307493596","AMP1","","",498.0845,,"",
"","100000007925415","AMP1","","",11.75087366,,"",
"","100000007925434","AMP1","","",12.45464226,,"",
"","100000007925443","AMP1","","",15.1480917,,"",
"","100000007925460","AMP1","","",23.84014322,,"",
"","100000007925665","AMP1","","",24.19395794,,"",
"","100000007925693","AMP1","","",43.31277773,,"",
"","100000007925727","AMP1","","",26.92837632,,"",
"","100000007936226","B4U1","","",2.067428571,,"",
"","100000007936256","B4U1","","",6.016857143,,"",
"","100000007934701","B4U1","","",126.8228571,,"",
"","100000007934862","B4U1","","",97.99785714,,"",
"","100000007934904","B4U1","","",187.9614286,,"",
"","100000007934935","B4U1","","",152.6502857,,"",
"","100000007934959","B4U1","","",130.2878571,,"",
"","100000007934863","B4U1","","",151.8114286,,"",
"","100000007976337","B4U1","","",0.085714286,,"",
"","100000007976410","B4U1","","",0.068142857,,"",
"","100000007976530","B4U1","","",0.074285714,,"",
"","100000007976575","B4U1","","",0.066285714,,"",
"","100000007980066","B4U1","","",0.087428571,,"",
"","100000007979051","B4U1","","",0.012,,"",
"","100000007979090","B4U1","","",0.020285714,,"",
"","100000007979114","B4U1","","",0.012285714,,"",
"","100000007979079","B4U1","","",0.136857143,,"",
"","100000007923361","AMP1","","",5.191628943,,"",
"","100000007923311","AMP1","","",2.559810095,,"",
"","100000007923333","AMP1","","",2.844820143,,"",
"","100000007924067","AMP1","","",84.27793019,,"",
"","100000007924107","AMP1","","",117.8905686,,"",
"","100000007924131","AMP1","","",101.2450842,,"",
"","100000007923654","AMP1","","",14.10404617,,"",
"","100000007923672","AMP1","","",26.21411734,,"",
"","100000007923697","AMP1","","",26.99636714,,"",
"","100000007923951","AMP1","","",12.45155551,,"",
"","100000007923975","AMP1","","",21.40077124,,"",
"","100000007923912","AMP1","","",2.333336861,,"",
"","100000007923930","AMP1","","",2.943197875,,"",
"","100000007921538","AMP1","","",24.30330198,,"",
"","100000007921558","AMP1","","",25.3393577,,"",
"","100000007921574","AMP1","","",28.03631225,,"",
"","100000007921592","AMP1","","",29.59508596,,"",
"","100000007921498","AMP1","","",33.2554681,,"",
"","100000007939477","B4U1","","",78.49285714,,"",
"","100000007939428","B4U1","","",117.6124286,,"",
"","100000007934895","B4U1","","",152.349,,"",
"","100000007934930","B4U1","","",133.4571429,,"",
"","100000007955728","FHS1","","",13.8113,,"",
"","100000007957481","FHS1","","",36.3949,,"",
"","100000007957485","FHS1","","",32.5819,,"",
"","100000007935050","FHS1","","",228.8023,,"",
"","100000007935071","FHS1","","",301.9392,,"",
"","100000007935065","FHS1","","",95.7204,,"",
"","100000007933242","FHS1","","",0.4277,,"",
"","100000007934862","FHS1","","",143.5349,,"",
"","100000007934904","FHS1","","",311.9325,,"",
"","100000007934935","FHS1","","",238.3655,,"",
"","100000007983856","FOS1","","",0.039278666,,"",
"","100000007983836","FOS1","","",0.061101032,,"",
"","100000007983953","FOS1","","",0.08072865,,"",
"","100000007984666","FOS1","","",0.08410382,,"",
"","100000007984733","FOS1","","",0.128740676,,"",
"","100000007994439","FOS1","","",0.831626879,,"",
"","100000007982280","FOS1","","",0.731017297,,"",
"","100000007982316","FOS1","","",0.202052179,,"",
"","100000007982338","FOS1","","",0.245890076,,"",
"","100000007982374","FOS1","","",0.122291073,,"",
"","100000007982221","FOS1","","",0.208424554,,"",
"","100000007955964","FHS1","","",25.7521,,"",
"","100000007954634","FHS1","","",2.0989,,"",
"","100000007935013","FHS1","","",109.0277,,"",
"","100000007935041","FHS1","","",180.5328,,"",
"","100000007934711","FHS1","","",152.9826,,"",
"","100000007934628","FHS1","","",162.8175,,"",
"","100000007937013","FHS1","","",26.4117,,"",
"","100000007934959","FHS1","","",195.2825,,"",
"","100000007934863","FHS1","","",295.3023,,"",
"","100000007934895","FHS1","","",212.9702,,"",
"","100000007934930","FHS1","","",184.8494,,"",
"","100000007934970","FHS1","","",82.5917,,"",
"","100000007934870","FHS1","","",168.5285,,"",
"","100000007986098","FOS1","","",0.348409732,,"",
"","100000007988377","FOS1","","",0.514198416,,"",
"","100000007987429","FOS1","","",0.722889597,,"",
"","100000007984686","FOS1","","",0.132888404,,"",
"","100000007984561","FOS1","","",0.076144632,,"",
"","100000007985326","FOS1","","",0.17255816,,"",
"","100000007985350","FOS1","","",0.117570171,,"",
"","100000007985284","FOS1","","",0.031152144,,"",
"","100000007985285","FOS1","","",0.029628156,,"",
"","100000007985327","FOS1","","",0.024531786,,"",
"","100000007982252","FOS1","","",0.255005821,,"",
"","100000007982263","FOS1","","",0.257671399,,"",
"","100000007982317","FOS1","","",0.284373841,,"",
"","100000007982353","FOS1","","",0.048852454,,"",
"","100000007982375","FOS1","","",0.042908225,,"",
"","100000007982235","FOS1","","",0.061557844,,"",
"","100000007982253","FOS1","","",0.051122021,,"",
"","100000007982281","FOS1","","",0.039243798,,"",
"","100000007982304","FOS1","","",0.082748758,,"",
"","100000007955777","FHS1","","",8.6253,,"",
"","100000007955332","FHS1","","",0.1887,,"",
"","100000007957279","FHS1","","",101.8868,,"",
"","100000007957310","FHS1","","",26.0755,,"",
"","100000007957332","FHS1","","",28.4377,,"",
"","100000007956970","FHS1","","",21.6545,,"",
"","100000007954029","FHS1","","",2.0989,,"",
"","100000007954049","FHS1","","",2.0989,,"",
"","100000007982530","FOS1","","",0.167541674,,"",
"","100000007982629","FOS1","","",0.165231915,,"",
"","100000007934718","FHS1","","",96.8964,,"",
"","100000007988589","FOS1","","",0.387547055,,"",
"","100000007988652","FOS1","","",0.446895162,,"",
"","100000007988692","FOS1","","",0.55074032,,"",
"","100000007988399","FOS1","","",0.539628726,,"",
"","100000007988451","FOS1","","",0.691533214,,"",
"","100000007987479","FOS1","","",2.045051226,,"",
"","100000007987255","FOS1","","",0.118883552,,"",
"","100000007988166","FOS1","","",0.188987436,,"",
"","100000007989940","FOS1","","",12.11119833,,"",
"","100000007985395","FOS1","","",0.099491652,,"",
"","100000007985277","FOS1","","",0.038420702,,"",
"","100000007984939","FOS1","","",0.048961229,,"",
"","100000007984991","FOS1","","",0.045790673,,"",
"","100000007985131","FOS1","","",0.068507812,,"",
"","100000007982339","FOS1","","",0.053549278,,"",
"","100000007982362","FOS1","","",0.035429835,,"",
"","100000007982247","FOS1","","",0.110178821,,"",
"","100000007957529","FHS1","","",18.1808,,"",
"","100000007957437","FHS1","","",85.9872,,"",
"","100000007957465","FHS1","","",12.5717,,"",
"","100000007957466","FHS1","","",40.8792,,"",
"","100000007955790","FHS1","","",115.5753,,"",
"","100000007955268","FHS1","","",0.7758,,"",
"","100000007955206","FHS1","","",0.8706,,"",
"","100000007955216","FHS1","","",2.6323,,"",
"","100000007955237","FHS1","","",1.7758,,"",
"","100000007955163","FHS1","","",1.7421,,"",
"","100000007955049","FHS1","","",0.5119,,"",
"","100000007982577","FOS1","","",0.223499094,,"",
"","100000007982626","FOS1","","",0.119397349,,"",
"","100000007982702","FOS1","","",0.133097729,,"",
"","100000007982755","FOS1","","",0.264449519,,"",
"","100000007936732","FHS1","","",72.7308,,"",
"","100000007936645","FHS1","","",72.7487,,"",
"","100000007936653","FHS1","","",68.9785,,"",
"","100000007984918","FOS1","","",0.031107188,,"",
"","100000007989945","FOS1","","",0.456519204,,"",
"","100000007989892","FOS1","","",0.285095061,,"",
"","100000007986840","FOS1","","",0.731589325,,"",
"","100000007954270","FHS1","","",2.0989,,"",
"","100000007954301","FHS1","","",2.0989,,"",
"","100000007955805","FHS1","","",16.2887,,"",
"","100000007955822","FHS1","","",10.0257,,"",
"","100000007955846","FHS1","","",17.3655,,"",
"","100000007957019","FHS1","","",10.9623,,"",
"","100000007984212","FOS1","","",0.050288698,,"",
"","100000007984277","FOS1","","",0.046537215,,"",
"","100000007982407","FOS1","","",0.477880947,,"",
"","100000007937449","FHS1","","",8.3962,,"",
"","100000007990440","FOS1","","",2.822497951,,"",
"","100000007953897","FHS1","","",2.0989,,"",
"","100000007957081","FHS1","","",17.6236,,"",
"","100000007955223","FHS1","","",0.8421,,"",
"","100000007955243","FHS1","","",0.7204,,"",
"","100000007955260","FHS1","","",0.7326,,"",
"","100000007955274","FHS1","","",0.4864,,"",
"","100000007955188","FHS1","","",0.527,,"",
"","100000007955958","FHS1","","",29.5979,,"",
"","100000007955818","FHS1","","",611.3208,,"",
"","100000007983369","FOS1","","",0.060522802,,"",
"","100000007931426","FHS1","","",0.2383,,"",
"","100000007932133","FHS1","","",19.8521,,"",
"","100000007932146","FHS1","","",0.2653,,"",
"","100000007932165","FHS1","","",23.4936,,"",
"","100000007932180","FHS1","","",0.3558,,"",
"","100000007932200","FHS1","","",31.023,,"",
"","100000007932214","FHS1","","",0.38,,"",
"","100000007932141","FHS1","","",0.4606,,"",
"","100000007992569","FOS1","","",0.219552036,,"",
"","100000007992666","FOS1","","",0.322601365,,"",
"","100000007953899","FHS1","","",2.0989,,"",
"","100000007957033","FHS1","","",7.5179,,"",
"","100000007957048","FHS1","","",26.4151,,"",
"","100000007956843","FHS1","","",22.3396,,"",
"","100000007956866","FHS1","","",15.8868,,"",
"","100000007956867","FHS1","","",180.3585,,"",
"","100000007955244","FHS1","","",3.3019,,"",
"","100000007955204","FHS1","","",0.3792,,"",
"","100000007955235","FHS1","","",0.8004,,"",
"","100000007955256","FHS1","","",1.0123,,"",
"","100000007955748","FHS1","","",17.8389,,"",
"","100000007955845","FHS1","","",27.6728,,"",
"","100000007989244","FOS1","","",0.110221318,,"",
"","100000007932195","FHS1","","",0.1815,,"",
"","100000007984030","FOS1","","",0.055623487,,"",
"","100000007954381","FHS1","","",0.7345,,"",
"","100000007957056","FHS1","","",108.517,,"",
"","100000007957064","FHS1","","",9.8491,,"",
"","100000007957082","FHS1","","",26.4151,,"",
"","100000007957100","FHS1","","",108.5174,,"",
"","100000007956469","FHS1","","",217.7153,,"",
"","100000007957363","FHS1","","",8.6253,,"",
"","100000007955770","FHS1","","",36.5942,,"",
"","100000007957098","FHS1","","",28.663,,"",
"","100000007983858","FOS1","","",0.036323207,,"",
"","100000007953088","NAT1","","",2.2525,,"",
"","100000007941485","NAT1","","",7.0567,,"",
"","100000007941515","NAT1","","",7.0558,,"",
"","100000007950585","NAT1","","",3.5276,,"",
"","100000007950625","NAT1","","",11.7731,,"",
"","100000007950506","NAT1","","",7.5848,,"",
"","100000007950519","NAT1","","",2.7818,,"",
"","100000007950557","NAT1","","",4.2437,,"",
"","100000007939852","NAT1","","",3.2392,,"",
"","100000007934582","NAT1","","",0.2542,,"",
"","100000007934495","NAT1","","",0.3345,,"",
"","100000007934529","NAT1","","",0.2244,,"",
"","100000007934541","NAT1","","",0.2892,,"",
"","100000007949301","NAT1","","",11.922,,"",
"","100000007949316","NAT1","","",11.3528,,"",
"","100000007934490","NAT1","","",0.3012,,"",
"","100000007937433","NAT1","","",5.8189,,"",
"","100000007937457","NAT1","","",8.4668,,"",
"","100000007937474","NAT1","","",8.4637,,"",
"","100000007948253","NAT1","","",53.4802,,"",
"","100000007948282","NAT1","","",66.2699,,"",
"","100000007948296","NAT1","","",79.5731,,"",
"","100000007948181","NAT1","","",42.8469,,"",
"","100000007957989","NAT1","","",47.3127,,"",
"","100000007958012","NAT1","","",24.4494,,"",
"","100000007958052","NAT1","","",14.5695,,"",
"","100000007957956","NAT1","","",18.1212,,"",
"","100000007957970","NAT1","","",22.1793,,"",
"","100000007955127","NAT1","","",1.4826,,"",
"","100000007955167","NAT1","","",2.7352,,"",
"","100000007955055","NAT1","","",4.0806,,"",
"","100000007953048","NAT1","","",10.7501,,"",
"","100000007941451","NAT1","","",97.6309,,"",
"","100000007941474","NAT1","","",103.8418,,"",
"","100000007940099","NAT1","","",3.9441,,"",
"","100000007940119","NAT1","","",4.6845,,"",
"","100000007940127","NAT1","","",4.6716,,"",
"","100000007940143","NAT1","","",4.8433,,"",
"","100000007940159","NAT1","","",6.1633,,"",
"","100000007940169","NAT1","","",7.2226,,"",
"","100000007940187","NAT1","","",6.2224,,"",
"","100000007940198","NAT1","","",9.0891,,"",
"","100000007940213","NAT1","","",4.0263,,"",
"","100000007950181","NAT1","","",2.8606,,"",
"","100000007940100","NAT1","","",8.0725,,"",
"","100000007940120","NAT1","","",11.1401,,"",
"","100000007934552","NAT1","","",0.4492,,"",
"","100000007934132","NAT1","","",0.464,,"",
"","100000007934153","NAT1","","",0.4424,,"",
"","100000007934165","NAT1","","",0.4102,,"",
"","100000007948200","NAT1","","",46.4822,,"",
"","100000007948227","NAT1","","",51.3331,,"",
"","100000007948247","NAT1","","",57.6145,,"",
"","100000007948272","NAT1","","",63.9545,,"",
"","100000007948290","NAT1","","",69.4117,,"",
"","100000007948169","NAT1","","",72.65,,"",
"","100000007948192","NAT1","","",81.9129,,"",
"","100000007948219","NAT1","","",45.7863,,"",
"","100000007948238","NAT1","","",58.1076,,"",
"","100000007948262","NAT1","","",46.1318,,"",
"","100000007958059","NAT1","","",12.1855,,"",
"","100000007957975","NAT1","","",14.8528,,"",
"","100000007957997","NAT1","","",18.2844,,"",
"","100000007958038","NAT1","","",33.1594,,"",
"","100000007944962","NAT1","","",2.4325,,"",
"","100000007953065","NAT1","","",7.6413,,"",
"","100000007940234","NAT1","","",4.0562,,"",
"","100000007941492","NAT1","","",84.7798,,"",
"","100000007940128","NAT1","","",14.4847,,"",
"","100000007940144","NAT1","","",13.3457,,"",
"","100000007940154","NAT1","","",13.5376,,"",
"","100000007940170","NAT1","","",5.7891,,"",
"","100000007940199","NAT1","","",8.8608,,"",
"","100000007940207","NAT1","","",7.2395,,"",
"","100000007940225","NAT1","","",8.4069,,"",
"","100000007940235","NAT1","","",8.3823,,"",
"","100000007940108","NAT1","","",8.4465,,"",
"","100000007934186","NAT1","","",0.4179,,"",
"","100000007934198","NAT1","","",0.3001,,"",
"","100000007934120","NAT1","","",0.3067,,"",
"","100000007934133","NAT1","","",0.3195,,"",
"","100000007934154","NAT1","","",0.4144,,"",
"","100000007934193","NAT1","","",0.2967,,"",
"","100000007937025","NAT1","","",3.2917,,"",
"","100000007948283","NAT1","","",52.0088,,"",
"","100000007948158","NAT1","","",51.4435,,"",
"","100000007948182","NAT1","","",51.8684,,"",
"","100000007948208","NAT1","","",57.1238,,"",
"","100000007948228","NAT1","","",60.068,,"",
"","100000007948254","NAT1","","",64.1897,,"",
"","100000007947814","NAT1","","",66.6674,,"",
"","100000007947839","NAT1","","",68.1947,,"",
"","100000007947855","NAT1","","",71.6182,,"",
"","100000007947762","NAT1","","",72.9487,,"",
"","100000007946416","NAT1","","",70.6762,,"",
"","100000007946287","NAT1","","",29.7732,,"",
"","100000007946330","NAT1","","",364.4422,,"",
"","100000007947801","NAT1","","",48.5173,,"",
"","100000007957640","NAT1","","",16.6606,,"",
"","100000007957542","NAT1","","",0.7207,,"",
"","100000007957585","NAT1","","",0.3031,,"",
"","100000007957610","NAT1","","",0.3009,,"",
"","100000007957631","NAT1","","",0.4383,,"",
"","100000007957243","NAT1","","",19.0887,,"",
"","100000007957122","NAT1","","",30.1783,,"",
"","100000007957138","NAT1","","",28.8613,,"",
"","100000007957151","NAT1","","",48.8268,,"",
"","100000007944898","NAT1","","",7.4775,,"",
"","100000007952983","NAT1","","",22.4749,,"",
"","100000007953015","NAT1","","",23.8151,,"",
"","100000007953033","NAT1","","",132.073,,"",
"","100000007951398","NAT1","","",42.9372,,"",
"","100000007953745","NAT1","","",37.7341,,"",
"","100000007953806","NAT1","","",71.4953,,"",
"","100000007953828","NAT1","","",387.8639,,"",
"","100000007941516","NAT1","","",94.3097,,"",
"","100000007951456","NAT1","","",53.2247,,"",
"","100000007951342","NAT1","","",124.1153,,"",
"","100000007940129","NAT1","","",7.8071,,"",
"","100000007940135","NAT1","","",12.3809,,"",
"","100000007940155","NAT1","","",11.4247,,"",
"","100000007940160","NAT1","","",14.4292,,"",
"","100000007940180","NAT1","","",15.7407,,"",
"","100000007940200","NAT1","","",5.3858,,"",
"","100000007940208","NAT1","","",5.4768,,"",
"","100000007940226","NAT1","","",5.811,,"",
"","100000007940236","NAT1","","",6.6247,,"",
"","100000007940109","NAT1","","",9.4765,,"",
"","100000007934114","NAT1","","",0.3073,,"",
"","100000007934128","NAT1","","",0.3013,,"",
"","100000007934147","NAT1","","",0.6284,,"",
"","100000007934194","NAT1","","",0.938,,"",
"","100000007934107","NAT1","","",0.9352,,"",
"","100000007934121","NAT1","","",1.2186,,"",
"","100000007934140","NAT1","","",0.351,,"",
"","100000007947778","NAT1","","",78.3136,,"",
"","100000007949101","NAT1","","",47.1276,,"",
"","100000007949177","NAT1","","",26.5493,,"",
"","100000007949081","NAT1","","",32.1438,,"",
"","100000007947815","NAT1","","",83.2795,,"",
"","100000007947856","NAT1","","",98.5544,,"",
"","100000007947763","NAT1","","",69.0818,,"",
"","100000007947779","NAT1","","",634.4806,,"",
"","100000007947816","NAT1","","",43.5086,,"",
"","100000007947841","NAT1","","",97.3653,,"",
"","100000007947764","NAT1","","",266.129,,"",
"","100000007957178","NAT1","","",12.9353,,"",
"","100000007957198","NAT1","","",9.1593,,"",
"","100000007957224","NAT1","","",13.3118,,"",
"","100000007957244","NAT1","","",15.0738,,"",
"","100000007957123","NAT1","","",13.3259,,"",
"","100000007957139","NAT1","","",16.2367,,"",
"","100000007957993","NAT1","","",18.7081,,"",
"","100000007958007","NAT1","","",34.5028,,"",
"","100000007958033","NAT1","","",19.8287,,"",
"","100000007958054","NAT1","","",21.774,,"",
"","100000007944963","NAT1","","",708.6671,,"",
"","100000007944877","NAT1","","",10.3191,,"",
"","100000007944520","NAT1","","",2.1891,,"",
"","100000007944533","NAT1","","",3.4941,,"",
"","100000007945821","NAT1","","",16.6778,,"",
"","100000007945866","NAT1","","",14.202,,"",
"","100000007954580","NAT1","","",18.5294,,"",
"","100000007944552","NAT1","","",19.6698,,"",
"","100000007944580","NAT1","","",13.3824,,"",
"","100000007944593","NAT1","","",4.5193,,"",
"","100000007944613","NAT1","","",5.3569,,"",
"","100000007944521","NAT1","","",18.7746,,"",
"","100000007953761","NAT1","","",0.1725,,"",
"","100000007953796","NAT1","","",0.2484,,"",
"","100000007953819","NAT1","","",0.5458,,"",
"","100000007953723","NAT1","","",0.1932,,"",
"","100000007952136","NAT1","","",1.2427,,"",
"","100000007941246","NAT1","","",21.5002,,"",
"","100000007941367","NAT1","","",163.1164,,"",
"","100000007934155","NAT1","","",0.8909,,"",
"","100000007934205","NAT1","","",0.2012,,"",
"","100000007934115","NAT1","","",0.5109,,"",
"","100000007934167","NAT1","","",0.1795,,"",
"","100000007949268","NAT1","","",38.8165,,"",
"","100000007949055","NAT1","","",26.9253,,"",
"","100000007947803","NAT1","","",164.6843,,"",
"","100000007947817","NAT1","","",125.5109,,"",
"","100000007947842","NAT1","","",134.8291,,"",
"","100000007957972","NAT1","","",12.6131,,"",
"","100000007957984","NAT1","","",21.3044,,"",
"","100000007958008","NAT1","","",17.8343,,"",
"","100000007935393","NAT1","","",0.1414,,"",
"","100000007945789","NAT1","","",14.9262,,"",
"","100000007945810","NAT1","","",14.1403,,"",
"","100000007945678","NAT1","","",15.7329,,"",
"","100000007956756","NAT1","","",10.283,,"",
"","100000007956781","NAT1","","",18.6712,,"",
"","100000007956798","NAT1","","",3.6286,,"",
"","100000007956689","NAT1","","",4.2757,,"",
"","100000007944538","NAT1","","",4.9805,,"",
"","100000007944581","NAT1","","",6.4641,,"",
"","100000007944600","NAT1","","",2.8672,,"",
"","100000007944526","NAT1","","",7.3242,,"",
"","100000007944573","NAT1","","",9.2312,,"",
"","100000007941393","NAT1","","",38.1791,,"",
"","100000007941414","NAT1","","",38.3115,,"",
"","100000007952201","NAT1","","",2.6168,,"",
"","100000007940018","NAT1","","",3.8743,,"",
"","100000007940029","NAT1","","",3.4982,,"",
"","100000007934180","NAT1","","",0.5554,,"",
"","100000007934405","NAT1","","",0.3285,,"",
"","100000007934423","NAT1","","",0.3263,,"",
"","100000007934448","NAT1","","",0.3205,,"",
"","100000007934468","NAT1","","",0.3137,,"",
"","100000007950095","NAT1","","",269.6392,,"",
"","100000007935821","NAT1","","",15.9049,,"",
"","100000007935419","NAT1","","",0.1345,,"",
"","100000007945702","NAT1","","",11.0374,,"",
"","100000007945663","NAT1","","",19.0289,,"",
"","100000007945684","NAT1","","",11.243,,"",
"","100000007956705","NAT1","","",7.0041,,"",
"","100000007956744","NAT1","","",9.3439,,"",
"","100000007956772","NAT1","","",7.1159,,"",
"","100000007956710","NAT1","","",13.7324,,"",
"","100000007956733","NAT1","","",12.7138,,"",
"","100000007944607","NAT1","","",11.1031,,"",
"","100000007944522","NAT1","","",12.8152,,"",
"","100000007944534","NAT1","","",14.4342,,"",
"","100000007944553","NAT1","","",230.5825,,"",
"","100000007944582","NAT1","","",241.1827,,"",
"","100000007944601","NAT1","","",18.1453,,"",
"","100000007944615","NAT1","","",3.9513,,"",
"","100000007944527","NAT1","","",18.1916,,"",
"","100000007944540","NAT1","","",2.3426,,"",
"","100000007953724","NAT1","","",9.8673,,"",
"","100000007953739","NAT1","","",2.7945,,"",
"","100000007953748","NAT1","","",1.8274,,"",
"","100000007953770","NAT1","","",8.0741,,"",
"","100000007953783","NAT1","","",2.7258,,"",
"","100000007953814","NAT1","","",3.4957,,"",
"","100000007952227","NAT1","","",1.6767,,"",
"","100000007952145","NAT1","","",13.1991,,"",
"","100000007951854","NAT1","","",1.9007,,"",
"","100000007951871","NAT1","","",13.0016,,"",
"","100000007941326","NAT1","","",35.8852,,"",
"","100000007940060","NAT1","","",218.7288,,"",
"","100000007934381","NAT1","","",0.5906,,"",
"","100000007934406","NAT1","","",0.4414,,"",
"","100000007934424","NAT1","","",0.2325,,"",
"","100000007950051","NAT1","","",21.5278,,"",
"","100000007949924","NAT1","","",18.1539,,"",
"","100000007947741","NAT1","","",294.6778,,"",
"","100000007947629","NAT1","","",768.4189,,"",
"","100000007947304","NAT1","","",713.1305,,"",
"","100000007956701","NAT1","","",3.0864,,"",
"","100000007956702","NAT1","","",3.8869,,"",
"","100000007945755","NAT1","","",13.1882,,"",
"","100000007945748","NAT1","","",15.6747,,"",
"","100000007956612","NAT1","","",9.1433,,"",
"","100000007944785","NAT1","","",12.1469,,"",
"","100000007944768","NAT1","","",8.1304,,"",
"","100000007944779","NAT1","","",3.1996,,"",
"","100000007955387","NAT1","","",0.3865,,"",
"","100000007951829","NAT1","","",18.2463,,"",
"","100000007951849","NAT1","","",14.732,,"",
"","100000007951839","NAT1","","",2.6168,,"",
"","100000007940019","NAT1","","",75.1506,,"",
"","100000007940039","NAT1","","",77.0432,,"",
"","100000007940070","NAT1","","",76.7839,,"",
"","100000007940092","NAT1","","",82.1527,,"",
"","100000007939958","NAT1","","",82.2325,,"",
"","100000007939991","NAT1","","",82.5772,,"",
"","100000007934449","NAT1","","",0.386,,"",
"","100000007934469","NAT1","","",0.2248,,"",
"","100000007934352","NAT1","","",0.4165,,"",
"","100000007934398","NAT1","","",0.6279,,"",
"","100000007934414","NAT1","","",0.6442,,"",
"","100000007934460","NAT1","","",0.2475,,"",
"","100000007934345","NAT1","","",0.418,,"",
"","100000007937263","NAT1","","",2869.7142,,"",
"","100000007937274","NAT1","","",328.5867,,"",
"","100000007937283","NAT1","","",489.1729,,"",
"","100000007904883","DTR1","","",18.60355,,"",
"","100000007904554","DTR1","","",453.04036,,"",
"","100000007904718","DTR1","","",13.54691,,"",
"","100000007904771","DTR1","","",39.096,,"",
"","100000007904863","DTR1","","",24.23182,,"",
"","100000007904555","DTR1","","",49.92709,,"",
"","100000007904670","DTR1","","",18.03682,,"",
"","100000007904719","DTR1","","",18.05564,,"",
"","100000007904797","DTR1","","",20.13655,,"",
"","100000007907051","DTR1","","",80.11145,,"",
"","100000007907119","DTR1","","",88.27527,,"",
"","100000007906617","DTR1","","",0.32755,,"",
"","100000007906718","DTR1","","",0.09955,,"",
"","100000007906358","DTR1","","",0.10009,,"",
"","100000008023040","DTR1","","",0.38345,,"",
"","100000008023258","DTR1","","",0.51382,,"",
"","100000008033408","DTR1","","",5.6442,,"",
"","100000008033838","DTR1","","",9.1437,,"",
"","100000008034109","DTR1","","",6.039,,"",
"","100000008034303","DTR1","","",6.2112,,"",
"","100000008033409","DTR1","","",0.9942,,"",
"","100000008034791","DTR1","","",1.0149,,"",
"","100000008033602","DTR1","","",0.6474,,"",
"","100000008033782","DTR1","","",0.6126,,"",
"","100000008034044","DTR1","","",1.461,,"",
"","100000008034356","DTR1","","",2.3442,,"",
"","100000008034535","DTR1","","",1.5405,,"",
"","100000008034626","DTR1","","",4.8444,,"",
"","100000008034817","DTR1","","",6.7179,,"",
"","100000008033468","DTR1","","",4.8207,,"",
"","100000008033897","DTR1","","",0.2706,,"",
"","100000008035519","DTR1","","",113.94927,,"",
"","100000008035980","DTR1","","",114.48982,,"",
"","100000008035155","DTR1","","",266.69291,,"",
"","100000008035610","DTR1","","",260.37818,,"",
"","100000008036070","DTR1","","",190.149,,"",
"","100000008035286","DTR1","","",81.3372,,"",
"","100000008035548","DTR1","","",14.10048,,"",
"","100000008035015","DTR1","","",12.85128,,"",
"","100000008035484","DTR1","","",107.64576,,"",
"","100000008035845","DTR1","","",61.35264,,"",
"","100000008034914","DTR1","","",37.89984,,"",
"","100000008035777","DTR1","","",57.68016,,"",
"","100000008036050","DTR1","","",38.12832,,"",
"","100000008036233","DTR1","","",25.89408,,"",
"","100000008035966","DTR1","","",116.25456,,"",
"","100000008036234","DTR1","","",18.86976,,"",
"","100000008036051","DTR1","","",84.0444,,"",
"","100000007980491","DTR1","","",9.741,,"",
"","100000007980565","DTR1","","",9.8226,,"",
"","100000007980237","DTR1","","",12.0072,,"",
"","100000007980300","DTR1","","",11.838,,"",
"","100000007980324","DTR1","","",21.3624,,"",
"","100000007980345","DTR1","","",22.0104,,"",
"","100000007985532","DTR1","","",48.78245,,"",
"","100000007985649","DTR1","","",42.24382,,"",
"","100000007985699","DTR1","","",47.60182,,"",
"","100000007985446","DTR1","","",54.396,,"",
"","100000007987812","DTR1","","",63.34773,,"",
"","100000007987876","DTR1","","",41.47582,,"",
"","100000007987926","DTR1","","",61.14055,,"",
"","100000007989900","DTR1","","",61.76618,,"",
"","100000007989935","DTR1","","",11.46,,"",
"","100000007989948","DTR1","","",10.29491,,"",
"","100000007989839","DTR1","","",17.24945,,"",
"","100000007989928","DTR1","","",16.99582,,"",
"","100000007989942","DTR1","","",16.52482,,"",
"","100000007988768","DTR1","","",17.08827,,"",
"","100000007989118","DTR1","","",4.95409,,"",
"","100000007989159","DTR1","","",12.90109,,"",
"","100000007989200","DTR1","","",7.46918,,"",
"","100000007989267","DTR1","","",9.66109,,"",
"","100000007991286","DTR1","","",9.69055,,"",
"","100000007904820","DTR1","","",24.21164,,"",
"","100000007904556","DTR1","","",25.89055,,"",
"","100000007904616","DTR1","","",30.72109,,"",
"","100000007904747","DTR1","","",26.64191,,"",
"","100000007904798","DTR1","","",26.31409,,"",
"","100000007904864","DTR1","","",5.89091,,"",
"","100000007910573","DTR1","","",6.90583,,"",
"","100000008034189","DTR1","","",0.3981,,"",
"","100000008033493","DTR1","","",1.0047,,"",
"","100000008033661","DTR1","","",0.8058,,"",
"","100000008033753","DTR1","","",0.8418,,"",
"","100000008034510","DTR1","","",4.2822,,"",
"","100000008034695","DTR1","","",3.972,,"",
"","100000008033525","DTR1","","",2.9808,,"",
"","100000008033603","DTR1","","",3.0624,,"",
"","100000008033973","DTR1","","",2.9415,,"",
"","100000008034259","DTR1","","",3.0774,,"",
"","100000008034443","DTR1","","",4.4475,,"",
"","100000008034719","DTR1","","",4.344,,"",
"","100000008033461","DTR1","","",3.1023,,"",
"","100000008033719","DTR1","","",3.1983,,"",
"","100000008034552","DTR1","","",3.747,,"",
"","100000008034642","DTR1","","",1.9254,,"",
"","100000008035058","DTR1","","",197.51155,,"",
"","100000008035343","DTR1","","",180.01991,,"",
"","100000008035981","DTR1","","",178.11709,,"",
"","100000008034951","DTR1","","",215.28464,,"",
"","100000008035434","DTR1","","",207.95564,,"",
"","100000008035573","DTR1","","",25.39152,,"",
"","100000008035938","DTR1","","",115.5912,,"",
"","100000008036207","DTR1","","",18.96384,,"",
"","100000008035121","DTR1","","",79.9236,,"",
"","100000008036333","DTR1","","",14.1132,,"",
"","100000007892252","DTR1","","",1.56382,,"",
"","100000007892234","DTR1","","",2.16655,,"",
"","100000007892238","DTR1","","",1.54336,,"",
"","100000007892248","DTR1","","",0.37827,,"",
"","100000007989933","DTR1","","",32.20855,,"",
"","100000007989947","DTR1","","",38.99182,,"",
"","100000007989971","DTR1","","",64.28564,,"",
"","100000007989930","DTR1","","",33.45709,,"",
"","100000007988892","DTR1","","",9.71918,,"",
"","100000007988937","DTR1","","",23.42455,,"",
"","100000007989007","DTR1","","",18.04909,,"",
"","100000007988743","DTR1","","",26.23309,,"",
"","100000007988790","DTR1","","",38.22845,,"",
"","100000007988982","DTR1","","",20.45645,,"",
"","100000007989029","DTR1","","",8.43873,,"",
"","100000007991359","DTR1","","",10.31182,,"",
"","100000007910350","DTR1","","",3.79543,,"",
"","100000007912618","DTR1","","",5.62834,,"",
"","100000007912707","DTR1","","",5.88754,,"",
"","100000007912597","DTR1","","",5.49874,,"",
"","100000008034374","DTR1","","",0.3159,,"",
"","100000008034644","DTR1","","",0.2274,,"",
"","100000008034836","DTR1","","",0.5661,,"",
"","100000008033342","DTR1","","",61.49045,,"",
"","100000008032217","DTR1","","",41.60236,,"",
"","100000008032418","DTR1","","",29.83718,,"",
"","100000008032500","DTR1","","",23.33727,,"",
"","100000007837316","DTR1","","",27.52036,,"",
"","100000007837286","DTR1","","",6.83618,,"",
"","100000007890730","DTR1","","",12.813,,"",
"","100000007837658","DTR1","","",10.03064,,"",
"","100000007891913","DTR1","","",0.38127,,"",
"","100000007891891","DTR1","","",0.66109,,"",
"","100000007891901","DTR1","","",0.73964,,"",
"","100000007891905","DTR1","","",0.85745,,"",
"","100000007891912","DTR1","","",0.65509,,"",
"","100000007892206","DTR1","","",1.27582,,"",
"","100000007980982","DTR1","","",19.548,,"",
"","100000007989943","DTR1","","",26.84318,,"",
"","100000007989968","DTR1","","",26.62118,,"",
"","100000007980822","DTR1","","",94.46018,,"",
"","100000007982581","DTR1","","",263.70655,,"",
"","100000007982265","DTR1","","",87.89236,,"",
"","100000007984276","DTR1","","",175.57855,,"",
"","100000007984392","DTR1","","",162.20618,,"",
"","100000007913799","DTR1","","",2.67051,,"",
"","100000007913818","DTR1","","",1.36354,,"",
"","100000007913312","DTR1","","",18.05143,,"",
"","100000007913319","DTR1","","",18.05143,,"",
"","100000007913347","DTR1","","",18.05143,,"",
"","100000007913360","DTR1","","",18.05143,,"",
"","100000007913335","DTR1","","",21.29143,,"",
"","100000008032649","DTR1","","",19.76568,,"",
"","100000008032440","DTR1","","",41.17609,,"",
"","100000007837400","DTR1","","",12.62973,,"",
"","100000007837628","DTR1","","",7.06609,,"",
"","100000007837631","DTR1","","",10.62709,,"",
"","100000007837648","DTR1","","",68.32555,,"",
"","100000007890666","DTR1","","",13.69527,,"",
"","100000007891005","DTR1","","",11.169,,"",
"","100000007891009","DTR1","","",13.05218,,"",
"","100000008038120","DTR1","","",4.46509,,"",
"","100000008036620","DTR1","","",41.23636,,"",
"","100000008037365","DTR1","","",203.89936,,"",
"","100000008036408","DTR1","","",92.35064,,"",
"","100000008036646","DTR1","","",123.46964,,"",
"","100000008036906","DTR1","","",152.84945,,"",
"","100000008027941","DTR1","","",6.987,,"",
"","100000008027664","DTR1","","",8.76027,,"",
"","100000007990612","DTR1","","",10.54473,,"",
"","100000007981264","DTR1","","",68.33455,,"",
"","100000007980967","DTR1","","",84.44618,,"",
"","100000007982966","DTR1","","",45.86373,,"",
"","100000007978094","DTR1","","",17.4886,,"",
"","100000007978181","DTR1","","",50.5142,,"",
"","100000007982323","DTR1","","",96.58145,,"",
"","100000007979957","DTR1","","",6.5498,,"",
"","100000007979023","DTR1","","",6.657,,"",
"","100000007913836","DTR1","","",292.23977,,"",
"","100000007913718","DTR1","","",51.69189,,"",
"","100000007913826","DTR1","","",0.51189,,"",
"","100000007913861","DTR1","","",0.67817,,"",
"","100000007913860","DTR1","","",100.91331,,"",
"","100000007893003","DTR1","","",0.61636,,"",
"","100000007893007","DTR1","","",0.73282,,"",
"","100000008023950","DTR1","","",8.48291,,"",
"","100000008025042","DTR1","","",1.06036,,"",
"","100000008024944","DTR1","","",1.06036,,"",
"","100000008023729","DTR1","","",2.38582,,"",
"","100000008037916","DTR1","","",4.737,,"",
"","100000008038063","DTR1","","",5.28873,,"",
"","100000008038462","DTR1","","",4.77164,,"",
"","100000008038716","DTR1","","",5.03673,,"",
"","100000008038905","DTR1","","",5.56691,,"",
"","100000008037842","DTR1","","",7.42255,,"",
"","100000008037988","DTR1","","",9.01309,,"",
"","100000008037989","DTR1","","",32.49382,,"",
"","100000008038217","DTR1","","",62.64382,,"",
"","100000008038377","DTR1","","",111.21518,,"",
"","100000008036790","DTR1","","",47.12727,,"",
"","100000008037070","DTR1","","",70.69091,,"",
"","100000008037624","DTR1","","",158.82382,,"",
"","100000008036375","DTR1","","",177.29945,,"",
"","100000008036458","DTR1","","",155.13655,,"",
"","100000008037275","DTR1","","",72.89045,,"",
"","100000008037547","DTR1","","",94.24473,,"",
"","100000008036647","DTR1","","",64.14245,,"",
"","100000008036817","DTR1","","",174.83891,,"",
"","100000008037096","DTR1","","",222.70145,,"",
"","100000008037276","DTR1","","",248.42918,,"",
"","100000008036924","DTR1","","",136.39336,,"",
"","100000008037112","DTR1","","",179.69809,,"",
"","100000008037382","DTR1","","",405.17945,,"",
"","100000007981019","DTR1","","",59.79273,,"",
"","100000007981066","DTR1","","",9.48436,,"",
"","100000007981144","DTR1","","",10.33855,,"",
"","100000007977687","DTR1","","",6.59782,,"",
"","100000007978072","DTR1","","",33.0202,,"",
"","100000007977854","DTR1","","",65.5042,,"",
"","100000007977911","DTR1","","",89.7118,,"",
"","100000007977864","DTR1","","",102.2646,,"",
"","100000007979953","DTR1","","",34.213,,"",
"","100000007979999","DTR1","","",36.404,,"",
"","100000007980064","DTR1","","",28.833,,"",
"","100000007980109","DTR1","","",30.5244,,"",
"","100000007980150","DTR1","","",39.538,,"",
"","100000007980214","DTR1","","",36.612,,"",
"","100000007979910","DTR1","","",30.6216,,"",
"","100000007979977","DTR1","","",31.5174,,"",
"","100000007980086","DTR1","","",39.8876,,"",
"","100000007979979","DTR1","","",6.6004,,"",
"","100000007980023","DTR1","","",6.5686,,"",
"","100000007980045","DTR1","","",7.6302,,"",
"","100000007980088","DTR1","","",7.7886,,"",
"","100000007980132","DTR1","","",7.7138,,"",
"","100000007979049","DTR1","","",6.089,,"",
"","100000007979062","DTR1","","",6.5394,,"",
"","100000007979088","DTR1","","",6.6212,,"",
"","100000007908497","DTR1","","",60.09343,,"",
"","100000007908596","DTR1","","",96.02383,,"",
"","100000007908808","DTR1","","",68.59543,,"",
"","100000307438698","DTR1","","",15.08591,,"",
"","100000307438698","DTR1","","",15.08591,,"",
"","100000307438700","DTR1","","",17.18536,,"",
"","100000307438700","DTR1","","",17.18536,,"",
"","100000307438702","DTR1","","",19.98627,,"",
"","100000007893015","DTR1","","",0.72818,,"",
"","100000007892996","DTR1","","",1.17355,,"",
"","100000007893010","DTR1","","",0.10936,,"",
"","100000007893013","DTR1","","",1.30036,,"",
"","100000007892990","DTR1","","",0.19118,,"",
"","100000007892999","DTR1","","",0.72245,,"",
"","100000008023897","DTR1","","",2.38582,,"",
"","100000008023730","DTR1","","",2.38582,,"",
"","100000008023898","DTR1","","",2.48618,,"",
"","100000008024261","DTR1","","",4.24145,,"",
"","100000008038626","DTR1","","",31.57582,,"",
"","100000008038812","DTR1","","",26.217,,"",
"","100000008037917","DTR1","","",46.69091,,"",
"","100000008038141","DTR1","","",25.91536,,"",
"","100000008038293","DTR1","","",41.56145,,"",
"","100000008038545","DTR1","","",16.16809,,"",
"","100000008038718","DTR1","","",12.67555,,"",
"","100000008023101","DTR1","","",1.0024,,"",
"","100000008023245","DTR1","","",0.9916,,"",
"","100000008037714","DTR1","","",234.16364,,"",
"","100000008036540","DTR1","","",72.01636,,"",
"","100000008037072","DTR1","","",77.34764,,"",
"","100000008028469","DTR1","","",22.27391,,"",
"","100000008028997","DTR1","","",24.31855,,"",
"","100000007978541","DTR1","","",7.81827,,"",
"","100000007978228","DTR1","","",7.56982,,"",
"","100000007978270","DTR1","","",6.60736,,"",
"","100000007978179","DTR1","","",42.6524,,"",
"","100000007978023","DTR1","","",21.143,,"",
"","100000007977982","DTR1","","",7.5878,,"",
"","100000007978004","DTR1","","",8.6154,,"",
"","100000007978052","DTR1","","",7.1662,,"",
"","100000007978095","DTR1","","",12.7912,,"",
"","100000007980190","DTR1","","",26.853,,"",
"","100000007979888","DTR1","","",26.8298,,"",
"","100000007979954","DTR1","","",16.966,,"",
"","100000007980000","DTR1","","",20.5064,,"",
"","100000007980065","DTR1","","",26.6976,,"",
"","100000007980110","DTR1","","",18.9634,,"",
"","100000007980170","DTR1","","",32.2602,,"",
"","100000007980215","DTR1","","",20.6876,,"",
"","100000007985291","DTR1","","",26.48236,,"",
"","100000007985316","DTR1","","",5.12755,,"",
"","100000007980193","DTR1","","",4.8828,,"",
"","100000007979890","DTR1","","",4.919,,"",
"","100000007979912","DTR1","","",4.8904,,"",
"","100000007987085","DTR1","","",12.33573,,"",
"","100000007987158","DTR1","","",51.66327,,"",
"","100000007987208","DTR1","","",75.34473,,"",
"","100000007985972","DTR1","","",183.06409,,"",
"","100000307438702","DTR1","","",19.98627,,"",
"","100000307438704","DTR1","","",22.47164,,"",
"","100000307438704","DTR1","","",22.47164,,"",
"","100000307438706","DTR1","","",24.62482,,"",
"","100000307438706","DTR1","","",24.62482,,"",
"","100000007893006","DTR1","","",0.726,,"",
"","100000008027992","DTR1","","",5.09427,,"",
"","100000008027416","DTR1","","",67.07291,,"",
"","100000008023278","DTR1","","",0.23,,"",
"","100000008023426","DTR1","","",0.2736,,"",
"","100000008022441","DTR1","","",0.2636,,"",
"","100000008022779","DTR1","","",0.1868,,"",
"","100000008023030","DTR1","","",0.1876,,"",
"","100000008023167","DTR1","","",0.1764,,"",
"","100000008023317","DTR1","","",0.994,,"",
"","100000008023467","DTR1","","",0.982,,"",
"","100000008022958","DTR1","","",3.5636,,"",
"","100000008023318","DTR1","","",3.544,,"",
"","100000008021533","DTR1","","",3.5816,,"",
"","100000008021696","DTR1","","",3.6172,,"",
"","100000008021987","DTR1","","",3.5064,,"",
"","100000008029081","DTR1","","",23.16927,,"",
"","100000007978518","DTR1","","",13.608,,"",
"","100000007978364","DTR1","","",6.95127,,"",
"","100000007978439","DTR1","","",7.09855,,"",
"","100000007984692","DTR1","","",17.70873,,"",
"","100000007985357","DTR1","","",4.72909,,"",
"","100000007985283","DTR1","","",32.45891,,"",
"","100000007985307","DTR1","","",32.65991,,"",
"","100000007985325","DTR1","","",7.30718,,"",
"","100000007985349","DTR1","","",9.19691,,"",
"","100000007985230","DTR1","","",25.18527,,"",
"","100000007984873","DTR1","","",25.40836,,"",
"","100000007987134","DTR1","","",40.91236,,"",
"","100000007985810","DTR1","","",65.772,,"",
"","100000007985865","DTR1","","",81.50836,,"",
"","100000007986702","DTR1","","",85.45364,,"",
"","100000007986516","DTR1","","",45.759,,"",
"","100000007908517","DTR1","","",22.36526,,"",
"","100000007905846","DTR1","","",7.80545,,"",
"","100000008023482","DTR1","","",6.48136,,"",
"","100000008022601","DTR1","","",0.2764,,"",
"","100000008022839","DTR1","","",0.2856,,"",
"","100000008022992","DTR1","","",0.2836,,"",
"","100000008023204","DTR1","","",0.2804,,"",
"","100000008023351","DTR1","","",0.29,,"",
"","100000008023599","DTR1","","",0.2892,,"",
"","100000008023389","DTR1","","",0.182,,"",
"","100000008023541","DTR1","","",0.19,,"",
"","100000008022647","DTR1","","",0.1912,,"",
"","100000008022802","DTR1","","",0.1848,,"",
"","100000008023031","DTR1","","",0.1788,,"",
"","100000008033893","DTR1","","",3.1611,,"",
"","100000008022198","DTR1","","",5.9308,,"",
"","100000008021009","DTR1","","",5.4028,,"",
"","100000008021449","DTR1","","",34.5168,,"",
"","100000008034832","DTR1","","",2.0292,,"",
"","100000008034743","DTR1","","",2.205,,"",
"","100000008021481","DTR1","","",34.45609,,"",
"","100000008035306","DTR1","","",14.10048,,"",
"","100000008028078","DTR1","","",22.27145,,"",
"","100000008028242","DTR1","","",23.93836,,"",
"","100000008032727","DTR1","","",25.47024,,"",
"","100000008033317","DTR1","","",18.86976,,"",
"","100000007983948","DTR1","","",84.15818,,"",
"","100000007983999","DTR1","","",84.58936,,"",
"","100000007984078","DTR1","","",127.17273,,"",
"","100000007985625","DTR1","","",43.35709,,"",
"","100000007984534","DTR1","","",29.87836,,"",
"","100000007984629","DTR1","","",28.64673,,"",
"","100000007984829","DTR1","","",70.16073,,"",
"","100000007984936","DTR1","","",25.74027,,"",
"","100000007985044","DTR1","","",26.88409,,"",
"","100000007984938","DTR1","","",56.30564,,"",
"","100000007985018","DTR1","","",4.93664,,"",
"","100000007989520","DTR1","","",6.56836,,"",
"","100000007986703","DTR1","","",3.23209,,"",
"","100000007991384","DTR1","","",11.75236,,"",
"","100000007928807","FOS1","","",0.706220521,,"",
"","100000007929764","FOS1","","",1.186057964,,"",
"","100000007929679","FOS1","","",0.447272514,,"",
"","100000007929693","FOS1","","",0.518004853,,"",
"","100000007929662","FOS1","","",1.542437306,,"",
"","100000007929590","FOS1","","",0.902497837,,"",
"","100000007928478","FOS1","","",11.01433618,,"",
"","100000007928299","FOS1","","",88.32147151,,"",
"","100000007928315","FOS1","","",88.32147151,,"",
"","100000007928340","FOS1","","",97.13757672,,"",
"","100000008001438","FOS1","","",1.878005739,,"",
"","100000007929112","FOS1","","",157.926871,,"",
"","100000007918153","FOS1","","",0.25792598,,"",
"","100000007918168","FOS1","","",0.492558544,,"",
"","100000007918120","FOS1","","",0.587653008,,"",
"","100000007915428","FOS1","","",0.067650934,,"",
"","100000007930077","FOS1","","",0.700357292,,"",
"","100000007930092","FOS1","","",2.437940573,,"",
"","100000007930157","FOS1","","",0.645800493,,"",
"","100000007929746","FOS1","","",0.577902935,,"",
"","100000007929760","FOS1","","",0.673009871,,"",
"","100000007929781","FOS1","","",0.704519177,,"",
"","100000007929720","FOS1","","",0.383211675,,"",
"","100000007929737","FOS1","","",0.378567063,,"",
"","100000007929687","FOS1","","",0.374120275,,"",
"","100000007929941","FOS1","","",0.484217905,,"",
"","100000007929968","FOS1","","",0.598762846,,"",
"","100000007929986","FOS1","","",0.501036652,,"",
"","100000007929940","FOS1","","",0.458836602,,"",
"","100000007929977","FOS1","","",0.59529106,,"",
"","100000007930023","FOS1","","",1.104491477,,"",
"","100000007930050","FOS1","","",0.474322221,,"",
"","100000007929913","FOS1","","",0.400367764,,"",
"","100000007929549","FOS1","","",12.10214451,,"",
"","100000007929215","FOS1","","",7.387121008,,"",
"","100000007929231","FOS1","","",7.757420979,,"",
"","100000007929259","FOS1","","",7.209180642,,"",
"","100000007929186","FOS1","","",0.804104707,,"",
"","100000007929177","FOS1","","",1.016677583,,"",
"","100000007929461","FOS1","","",1.04814568,,"",
"","100000007929519","FOS1","","",1.295567309,,"",
"","100000008003190","FOS1","","",3.900454326,,"",
"","100000008003588","FOS1","","",3.962850756,,"",
"","100000008003751","FOS1","","",0.30738474,,"",
"","100000008002764","FOS1","","",0.425490842,,"",
"","100000007928708","FOS1","","",0.738134248,,"",
"","100000007928735","FOS1","","",0.689290129,,"",
"","100000007928759","FOS1","","",1.851344217,,"",
"","100000007928786","FOS1","","",0.686583937,,"",
"","100000008007117","FOS1","","",0.355764052,,"",
"","100000008007291","FOS1","","",0.271208237,,"",
"","100000008007557","FOS1","","",0.938128773,,"",
"","100000008007653","FOS1","","",0.256539836,,"",
"","100000007915749","FOS1","","",0.173692163,,"",
"","100000007915804","FOS1","","",0.183460555,,"",
"","100000007930130","FOS1","","",0.865792921,,"",
"","100000007929754","FOS1","","",0.381683038,,"",
"","100000007927492","FOS1","","",0.805586809,,"",
"","100000007927475","FOS1","","",1.203399009,,"",
"","100000007927493","FOS1","","",1.40512705,,"",
"","100000007927476","FOS1","","",0.453736063,,"",
"","100000007927512","FOS1","","",0.314544136,,"",
"","100000007929961","FOS1","","",0.546850244,,"",
"","100000007927172","FOS1","","",0.846583578,,"",
"","100000007927181","FOS1","","",0.243172968,,"",
"","100000007927210","FOS1","","",1.324787699,,"",
"","100000007927107","FOS1","","",0.432673915,,"",
"","100000007930045","FOS1","","",0.447249346,,"",
"","100000007929924","FOS1","","",0.447249346,,"",
"","100000007929285","FOS1","","",7.418786738,,"",
"","100000007929978","FOS1","","",0.706335839,,"",
"","100000007930005","FOS1","","",0.464603973,,"",
"","100000007930025","FOS1","","",0.55655439,,"",
"","100000007930052","FOS1","","",0.531422299,,"",
"","100000007929942","FOS1","","",0.913593997,,"",
"","100000007929951","FOS1","","",0.911829432,,"",
"","100000007929969","FOS1","","",0.986501858,,"",
"","100000007929987","FOS1","","",0.963492643,,"",
"","100000007929530","FOS1","","",1.255397731,,"",
"","100000007929446","FOS1","","",2.134355659,,"",
"","100000007929462","FOS1","","",0.915680342,,"",
"","100000007929477","FOS1","","",1.44407881,,"",
"","100000008000139","FOS1","","",4.220570672,,"",
"","100000008000561","FOS1","","",0.806730562,,"",
"","100000008000799","FOS1","","",0.835354028,,"",
"","100000008000957","FOS1","","",0.887856189,,"",
"","100000007929151","FOS1","","",7.354105052,,"",
"","100000007929531","FOS1","","",1.030742231,,"",
"","100000007929426","FOS1","","",0.938347246,,"",
"","100000007929472","FOS1","","",0.948151689,,"",
"","100000007929484","FOS1","","",1.126758207,,"",
"","100000007929504","FOS1","","",1.077585938,,"",
"","100000007929520","FOS1","","",1.136440022,,"",
"","100000007929427","FOS1","","",1.344649737,,"",
"","100000007929465","FOS1","","",1.333664571,,"",
"","100000007929486","FOS1","","",1.800060401,,"",
"","100000007929411","FOS1","","",0.157467746,,"",
"","100000007929379","FOS1","","",0.17206351,,"",
"","100000007928699","FOS1","","",0.699363039,,"",
"","100000007929390","FOS1","","",0.225272589,,"",
"","100000007929391","FOS1","","",4.851667812,,"",
"","100000008000348","FOS1","","",0.688210611,,"",
"","100000007915543","FOS1","","",0.112962892,,"",
"","100000007915459","FOS1","","",0.20244481,,"",
"","100000007915763","FOS1","","",0.136962702,,"",
"","100000007915729","FOS1","","",0.244404129,,"",
"","100000007915762","FOS1","","",0.202258798,,"",
"","100000007915777","FOS1","","",0.276467046,,"",
"","100000007915796","FOS1","","",0.298953476,,"",
"","100000007915701","FOS1","","",0.261210467,,"",
"","100000007915720","FOS1","","",0.263488806,,"",
"","100000007926743","FOS1","","",0.54566735,,"",
"","100000007926767","FOS1","","",1.010923009,,"",
"","100000007927540","FOS1","","",0.54566735,,"",
"","100000007927542","FOS1","","",1.427083421,,"",
"","100000007927599","FOS1","","",0.509001854,,"",
"","100000007927466","FOS1","","",1.334101224,,"",
"","100000007927219","FOS1","","",0.237482286,,"",
"","100000007927123","FOS1","","",0.313089707,,"",
"","100000007927139","FOS1","","",0.744259604,,"",
"","100000007927454","FOS1","","",0.636383098,,"",
"","100000007929998","FOS1","","",0.9764207,,"",
"","100000007930013","FOS1","","",0.692782514,,"",
"","100000007930035","FOS1","","",0.706941173,,"",
"","100000007930043","FOS1","","",0.705035564,,"",
"","100000007929904","FOS1","","",0.79224617,,"",
"","100000007929943","FOS1","","",0.764554414,,"",
"","100000007929962","FOS1","","",0.677891611,,"",
"","100000007929979","FOS1","","",0.639418091,,"",
"","100000007929988","FOS1","","",0.656853317,,"",
"","100000007929511","FOS1","","",31.04004715,,"",
"","100000007929859","FOS1","","",1.474950649,,"",
"","100000007929874","FOS1","","",1.281558856,,"",
"","100000007929896","FOS1","","",0.68803514,,"",
"","100000007929812","FOS1","","",0.569731601,,"",
"","100000007929834","FOS1","","",1.668826944,,"",
"","100000008001210","FOS1","","",2.848543531,,"",
"","100000008000653","FOS1","","",5.203055947,,"",
"","100000008000885","FOS1","","",3.14891301,,"",
"","100000008001050","FOS1","","",3.523426841,,"",
"","100000007999967","FOS1","","",3.104824651,,"",
"","100000007929455","FOS1","","",1.537085256,,"",
"","100000007929469","FOS1","","",1.49275795,,"",
"","100000007929413","FOS1","","",0.76067365,,"",
"","100000007929319","FOS1","","",1.135553056,,"",
"","100000007929332","FOS1","","",0.476654957,,"",
"","100000007929353","FOS1","","",0.291688072,,"",
"","100000007929415","FOS1","","",0.747758399,,"",
"","100000007929348","FOS1","","",0.671071174,,"",
"","100000007929370","FOS1","","",0.787072829,,"",
"","100000007930053","FOS1","","",0.748825727,,"",
"","100000007930104","FOS1","","",0.853470378,,"",
"","100000007930119","FOS1","","",0.834567113,,"",
"","100000007930166","FOS1","","",0.892293682,,"",
"","100000008000516","FOS1","","",1.245080453,,"",
"","100000007916491","FOS1","","",0.053236787,,"",
"","100000007916501","FOS1","","",0.051058515,,"",
"","100000007916524","FOS1","","",0.07820219,,"",
"","100000007916534","FOS1","","",0.204033083,,"",
"","100000007916461","FOS1","","",0.077991317,,"",
"","100000007916508","FOS1","","",0.187856953,,"",
"","100000007916521","FOS1","","",0.26939696,,"",
"","100000007916635","FOS1","","",0.029721567,,"",
"","100000007916539","FOS1","","",0.064299001,,"",
"","100000007916567","FOS1","","",0.013289893,,"",
"","100000007927487","FOS1","","",0.514967576,,"",
"","100000007927822","FOS1","","",3.980657287,,"",
"","100000007927726","FOS1","","",4.61431983,,"",
"","100000007927748","FOS1","","",3.770110284,,"",
"","100000007927760","FOS1","","",2.639903429,,"",
"","100000007927781","FOS1","","",2.5397125,,"",
"","100000007927795","FOS1","","",2.63458515,,"",
"","100000007928583","FOS1","","",5.90339695,,"",
"","100000007928599","FOS1","","",6.114347219,,"",
"","100000007928560","FOS1","","",6.503334353,,"",
"","100000007928574","FOS1","","",6.973739052,,"",
"","100000007927108","FOS1","","",0.934098637,,"",
"","100000007927124","FOS1","","",0.127482531,,"",
"","100000007927392","FOS1","","",0.359550945,,"",
"","100000007927459","FOS1","","",0.338715607,,"",
"","100000007930042","FOS1","","",0.595861283,,"",
"","100000007927320","FOS1","","",0.709062804,,"",
"","100000007927263","FOS1","","",0.60410079,,"",
"","100000007927281","FOS1","","",0.745920856,,"",
"","100000007929849","FOS1","","",0.758897261,,"",
"","100000007929889","FOS1","","",1.493152018,,"",
"","100000007929784","FOS1","","",1.36127879,,"",
"","100000007929797","FOS1","","",1.450170064,,"",
"","100000007929805","FOS1","","",0.776420885,,"",
"","100000007929818","FOS1","","",1.245554094,,"",
"","100000007929828","FOS1","","",0.766648255,,"",
"","100000007929846","FOS1","","",0.90199736,,"",
"","100000008000965","FOS1","","",0.915621311,,"",
"","100000008001224","FOS1","","",1.827130134,,"",
"","100000007929501","FOS1","","",0.865853137,,"",
"","100000007929388","FOS1","","",0.657242185,,"",
"","100000007930070","FOS1","","",0.908618002,,"",
"","100000007926760","FOS1","","",0.790604741,,"",
"","100000007916483","FOS1","","",0.086822411,,"",
"","100000007916496","FOS1","","",0.098797573,,"",
"","100000007916455","FOS1","","",0.079873854,,"",
"","100000007916478","FOS1","","",0.1337668,,"",
"","100000007916492","FOS1","","",0.105433428,,"",
"","100000007916511","FOS1","","",0.10944493,,"",
"","100000007916467","FOS1","","",0.26231623,,"",
"","100000007916490","FOS1","","",0.473825674,,"",
"","100000007916837","FOS1","","",0.226527548,,"",
"","100000007916707","FOS1","","",0.286620743,,"",
"","100000007916806","FOS1","","",0.02873031,,"",
"","100000007916819","FOS1","","",0.043566494,,"",
"","100000007916620","FOS1","","",0.647396579,,"",
"","100000007927754","FOS1","","",3.356688914,,"",
"","100000007927767","FOS1","","",3.061781143,,"",
"","100000007927787","FOS1","","",3.452697952,,"",
"","100000007927777","FOS1","","",3.733413942,,"",
"","100000007927789","FOS1","","",3.888916974,,"",
"","100000007927810","FOS1","","",4.021736789,,"",
"","100000007928517","FOS1","","",10.26327717,,"",
"","100000007928532","FOS1","","",10.55357333,,"",
"","100000007928569","FOS1","","",14.58044705,,"",
"","100000007928158","FOS1","","",5.98627781,,"",
"","100000007928119","FOS1","","",7.245341227,,"",
"","100000007928154","FOS1","","",3.592260202,,"",
"","100000007928174","FOS1","","",7.946813866,,"",
"","100000007928190","FOS1","","",181.6830212,,"",
"","100000007929860","FOS1","","",0.832411323,,"",
"","100000007928029","FOS1","","",0.574696283,,"",
"","100000007928047","FOS1","","",0.214004476,,"",
"","100000007926579","FOS1","","",0.715205086,,"",
"","100000007926607","FOS1","","",0.528079647,,"",
"","100000007926627","FOS1","","",0.576539667,,"",
"","100000007926938","FOS1","","",0.68079976,,"",
"","100000007926883","FOS1","","",0.623517495,,"",
"","100000007916448","FOS1","","",0.102239417,,"",
"","100000007916486","FOS1","","",0.107223044,,"",
"","100000007916433","FOS1","","",0.122016814,,"",
"","100000007917169","FOS1","","",0.328289856,,"",
"","100000007917155","FOS1","","",0.139974873,,"",
"","100000007916838","FOS1","","",0.044230727,,"",
"","100000007917243","FOS1","","",18.43274719,,"",
"","100000007917161","FOS1","","",17.91208694,,"",
"","100000007918033","FOS1","","",0.06101656,,"",
"","100000007917908","FOS1","","",0.107384776,,"",
"","100000007918043","FOS1","","",0.785918347,,"",
"","100000007917905","FOS1","","",1.311267433,,"",
"","100000007917558","FOS1","","",2.298008038,,"",
"","100000007917574","FOS1","","",2.077180048,,"",
"","100000007927732","FOS1","","",4.644994004,,"",
"","100000007928635","FOS1","","",1.264093674,,"",
"","100000007928658","FOS1","","",0.653014957,,"",
"","100000007928706","FOS1","","",1.20978339,,"",
"","100000007928733","FOS1","","",1.617834213,,"",
"","100000007928777","FOS1","","",0.693026053,,"",
"","100000007928707","FOS1","","",1.816769267,,"",
"","100000007928588","FOS1","","",14.58921711,,"",
"","100000007928948","FOS1","","",0.917073805,,"",
"","100000007929002","FOS1","","",0.947950761,,"",
"","100000007928952","FOS1","","",1.001215097,,"",
"","100000007928836","FOS1","","",0.749221503,,"",
"","100000007928856","FOS1","","",0.758441368,,"",
"","100000007928896","FOS1","","",0.687142726,,"",
"","100000007928920","FOS1","","",0.927414792,,"",
"","100000007928799","FOS1","","",0.796222345,,"",
"","100000007928829","FOS1","","",0.976821799,,"",
"","100000007928851","FOS1","","",0.803101351,,"",
"","100000007928871","FOS1","","",0.803101351,,"",
"","100000007928397","FOS1","","",2.524681683,,"",
"","100000007928484","FOS1","","",2.725010236,,"",
"","100000007928506","FOS1","","",1.198161612,,"",
"","100000007928090","FOS1","","",0.633502361,,"",
"","100000007928063","FOS1","","",0.406804845,,"",
"","100000007927972","FOS1","","",0.40367678,,"",
"","100000007928056","FOS1","","",0.261528848,,"",
"","100000007928050","FOS1","","",0.163621374,,"",
"","100000007928074","FOS1","","",0.643873421,,"",
"","100000007928093","FOS1","","",0.194212419,,"",
"","100000007927668","FOS1","","",0.635816416,,"",
"","100000007927635","FOS1","","",0.252920823,,"",
"","100000007917347","FOS1","","",0.714521981,,"",
"","100000007917370","FOS1","","",0.826337418,,"",
"","100000007917389","FOS1","","",0.694983326,,"",
"","100000007917283","FOS1","","",0.484463021,,"",
"","100000007917335","FOS1","","",0.842034172,,"",
"","100000007917356","FOS1","","",0.767478909,,"",
"","100000007917371","FOS1","","",1.4927276,,"",
"","100000007917267","FOS1","","",1.195144217,,"",
"","100000007917284","FOS1","","",3.05410767,,"",
"","100000007917245","FOS1","","",0.606852455,,"",
"","100000007917260","FOS1","","",0.8064784,,"",
"","100000007917209","FOS1","","",0.877997477,,"",
"","100000007917246","FOS1","","",0.438515813,,"",
"","100000007917164","FOS1","","",0.474208327,,"",
"","100000007917952","FOS1","","",0.142161282,,"",
"","100000007917980","FOS1","","",0.156254988,,"",
"","100000007917900","FOS1","","",0.159084439,,"",
"","100000007917916","FOS1","","",0.276795757,,"",
"","100000007928969","FOS1","","",1.454597296,,"",
"","100000007928982","FOS1","","",1.454597296,,"",
"","100000007928993","FOS1","","",1.10358817,,"",
"","100000007929023","FOS1","","",1.093601149,,"",
"","100000007928967","FOS1","","",1.099329416,,"",
"","100000007929000","FOS1","","",1.127189364,,"",
"","100000007929024","FOS1","","",0.769911295,,"",
"","100000007928888","FOS1","","",0.883369141,,"",
"","100000007928931","FOS1","","",0.873206698,,"",
"","100000007928821","FOS1","","",1.039212061,,"",
"","100000007928837","FOS1","","",0.898247672,,"",
"","100000007928864","FOS1","","",0.834001194,,"",
"","100000007928879","FOS1","","",0.913189223,,"",
"","100000007928904","FOS1","","",1.017582381,,"",
"","100000007928808","FOS1","","",1.113924869,,"",
"","100000007928830","FOS1","","",1.02696502,,"",
"","100000007929607","FOS1","","",1.077121533,,"",
"","100000007929632","FOS1","","",1.315169949,,"",
"","100000007928419","FOS1","","",7.008963899,,"",
"","100000007928442","FOS1","","",14.22983506,,"",
"","100000007928458","FOS1","","",90.84023776,,"",
"","100000007928008","FOS1","","",0.220357549,,"",
"","100000007927650","FOS1","","",0.583481643,,"",
"","100000007927713","FOS1","","",0.630355581,,"",
"","100000007927667","FOS1","","",0.401003535,,"",
"","100000007927699","FOS1","","",0.73152144,,"",
"","100000007927704","FOS1","","",0.933774832,,"",
"","100000007927886","FOS1","","",1.549785925,,"",
"","100000007927904","FOS1","","",34.69827593,,"",
"","100000007927969","FOS1","","",0.462908392,,"",
"","100000007927860","FOS1","","",2.907371111,,"",
"","100000007927876","FOS1","","",0.157569312,,"",
"","100000007917328","FOS1","","",2.559363645,,"",
"","100000007917308","FOS1","","",1.152392986,,"",
"","100000007917326","FOS1","","",1.371812129,,"",
"","100000007914630","FOS1","","",0.136721121,,"",
"","100000007914659","FOS1","","",0.114271719,,"",
"","100000007914515","FOS1","","",0.135800068,,"",
"","100000007917941","FOS1","","",0.230973246,,"",
"","100000007928986","FOS1","","",1.223542514,,"",
"","100000007929001","FOS1","","",1.152281804,,"",
"","100000007930163","FOS1","","",10.20085414,,"",
"","100000007930060","FOS1","","",5.672589123,,"",
"","100000007929773","FOS1","","",1.37131856,,"",
"","100000007929684","FOS1","","",0.944370212,,"",
"","100000007929721","FOS1","","",0.74927078,,"",
"","100000007914927","FHS1","","",0.1428,,"",
"","100000007915106","FHS1","","",0.0838,,"",
"","100000007915141","FHS1","","",0.0926,,"",
"","100000007915161","FHS1","","",0.1683,,"",
"","100000007915175","FHS1","","",0.1691,,"",
"","100000007915084","FHS1","","",0.1357,,"",
"","100000007906855","FHS1","","",0.0851,,"",
"","100000007908789","FHS1","","",0.084,,"",
"","100000007908554","FHS1","","",0.2198,,"",
"","100000007908673","FHS1","","",0.1757,,"",
"","100000007912391","FHS1","","",0.264,,"",
"","100000007915098","FHS1","","",0.3206,,"",
"","100000007904838","FHS1","","",0.02,,"",
"","100000007904540","FHS1","","",0.524,,"",
"","100000007904570","FHS1","","",0.0708,,"",
"","100000007904815","FHS1","","",0.0526,,"",
"","100000007904857","FHS1","","",0.3662,,"",
"","100000007909474","FHS1","","",0.1213,,"",
"","100000007909520","FHS1","","",0.0791,,"",
"","100000007909581","FHS1","","",0.9072,,"",
"","100000007909625","FHS1","","",1.6794,,"",
"","100000007909323","FHS1","","",0.2689,,"",
"","100000007909427","FHS1","","",0.3885,,"",
"","100000007909499","FHS1","","",0.3357,,"",
"","100000007909542","FHS1","","",1.0074,,"",
"","100000007909605","FHS1","","",0.1517,,"",
"","100000007912192","FHS1","","",0.1583,,"",
"","100000007912348","FHS1","","",0.4406,,"",
"","100000007904551","FHS1","","",0.1162,,"",
"","100000007904603","FHS1","","",0.6289,,"",
"","100000007904662","FHS1","","",0.2225,,"",
"","100000007909401","FHS1","","",0.1091,,"",
"","100000007912015","FHS1","","",0.1619,,"",
"","100000007915090","FHS1","","",0.0838,,"",
"","100000007908576","FHS1","","",0.0377,,"",
"","100000007908625","FHS1","","",0.2189,,"",
"","100000007908695","FHS1","","",0.0525,,"",
"","100000007913238","FHS1","","",4.0911,,"",
"","100000007908503","FHS1","","",0.1168,,"",
"","100000007908626","FHS1","","",0.0691,,"",
"","100000007908671","FHS1","","",0.316,,"",
"","100000007914431","FHS1","","",0.4909,,"",
"","100000007914880","FHS1","","",0.1362,,"",
"","100000007914820","FHS1","","",0.1417,,"",
"","100000007916885","FHS1","","",3.4487,,"",
"","100000007904928","FHS1","","",0.266,,"",
"","100000007904998","FHS1","","",0.284,,"",
"","100000007905132","FHS1","","",0.0253,,"",
"","100000007908717","FHS1","","",0.4991,,"",
"","100000007912320","FHS1","","",0.8706,,"",
"","100000007913646","FHS1","","",0.3504,,"",
"","100000007913668","FHS1","","",0.3768,,"",
"","100000007913584","FHS1","","",0.4104,,"",
"","100000007913599","FHS1","","",0.4149,,"",
"","100000007913622","FHS1","","",0.4792,,"",
"","100000007913659","FHS1","","",0.5166,,"",
"","100000007913573","FHS1","","",0.4991,,"",
"","100000007914803","FHS1","","",0.1796,,"",
"","100000007905025","FHS1","","",0.0209,,"",
"","100000007905079","FHS1","","",0.0255,,"",
"","100000007905158","FHS1","","",0.0332,,"",
"","100000007905198","FHS1","","",0.0419,,"",
"","100000007905262","FHS1","","",0.0515,,"",
"","100000007904950","FHS1","","",0.0532,,"",
"","100000007904536","FHS1","","",1.4462,,"",
"","100000007911854","FHS1","","",0.1825,,"",
"","100000007914415","FHS1","","",0.2728,,"",
"","100000007914899","FHS1","","",0.1662,,"",
"","100000007914504","FHS1","","",0.5038,,"",
"","100000007904743","FHS1","","",0.127,,"",
"","100000007907645","FHS1","","",1.3672,,"",
"","100000007907694","FHS1","","",0.1287,,"",
"","100000007913253","FHS1","","",3.6636,,"",
"","100000007913588","FHS1","","",0.3292,,"",
"","100000007913590","FHS1","","",0.7225,,"",
"","100000007913631","FHS1","","",0.3449,,"",
"","100000007907784","FHS1","","",0.5604,,"",
"","100000007907595","FHS1","","",0.0443,,"",
"","100000007907743","FHS1","","",0.063,,"",
"","100000007913580","FHS1","","",0.154,,"",
"","100000007913598","FHS1","","",0.1758,,"",
"","100000007913453","FHS1","","",0.5919,,"",
"","100000007904610","FHS1","","",0.0326,,"",
"","100000007911758","FHS1","","",0.208,,"",
"","100000007911433","FHS1","","",0.1823,,"",
"","100000007913634","FHS1","","",0.1972,,"",
"","100000007913658","FHS1","","",0.2179,,"",
"","100000007913701","FHS1","","",0.3083,,"",
"","100000007914481","FHS1","","",0.4451,,"",
"","100000007915101","FHS1","","",0.1198,,"",
"","100000007915120","FHS1","","",0.2281,,"",
"","100000007915133","FHS1","","",0.2306,,"",
"","100000007915155","FHS1","","",0.2428,,"",
"","100000007915079","FHS1","","",0.2543,,"",
"","100000007911577","FHS1","","",0.3491,,"",
"","100000007911629","FHS1","","",0.2032,,"",
"","100000007914404","FHS1","","",0.2468,,"",
"","100000007911525","FHS1","","",0.2783,,"",
"","100000007911576","FHS1","","",0.1706,,"",
"","100000007911650","FHS1","","",0.1626,,"",
"","100000007914461","FHS1","","",0.383,,"",
"","100000007904859","FHS1","","",0.0236,,"",
"","100000007904583","FHS1","","",0.39,,"",
"","100000007913310","FHS1","","",0.166,,"",
"","100000007913332","FHS1","","",0.3079,,"",
"","100000007913291","FHS1","","",0.4091,,"",
"","100000007913308","FHS1","","",0.0692,,"",
"","100000007913350","FHS1","","",0.2013,,"",
"","100000007913365","FHS1","","",0.1272,,"",
"","100000007904637","FHS1","","",0.0523,,"",
"","100000007904714","FHS1","","",0.0757,,"",
"","100000007904768","FHS1","","",0.2479,,"",
"","100000007904715","FHS1","","",0.7711,,"",
"","100000007913354","FHS1","","",0.0338,,"",
"","100000007913372","FHS1","","",0.0375,,"",
"","100000007913394","FHS1","","",0.0608,,"",
"","100000007913364","FHS1","","",0.1143,,"",
"","100000007904794","FHS1","","",1.04,,"",
"","100000007904881","FHS1","","",0.1904,,"",
"","100000007906929","FHS1","","",0.8791,,"",
"","100000007914823","FHS1","","",63.6792,,"",
"","100000007914919","FHS1","","",0.1228,,"",
"","100000007914853","FHS1","","",0.1536,,"",
"","100000007907099","FHS1","","",1.2925,,"",
"","100000007906978","FHS1","","",0.2464,,"",
"","100000007907097","FHS1","","",0.0394,,"",
"","100000007906808","FHS1","","",0.6064,,"",
"","100000007913326","FHS1","","",0.2985,,"",
"","100000007913015","FHS1","","",0.013,,"",
"","100000007912914","FHS1","","",0.0917,,"",
"","100000007912951","FHS1","","",0.0164,,"",
"","100000007912903","FHS1","","",0.0855,,"",
"","100000007912941","FHS1","","",5.3287,,"",
"","100000007912911","FHS1","","",0.2306,,"",
"","100000007912935","FHS1","","",0.0383,,"",
"","100000007913773","FHS1","","",0.0508,,"",
"","100000007913790","FHS1","","",0.0334,,"",
"","100000007913819","FHS1","","",0.1943,,"",
"","100000007913846","FHS1","","",0.0764,,"",
"","100000007913707","FHS1","","",0.4974,,"",
"","100000007913745","FHS1","","",0.1583,,"",
"","100000007913764","FHS1","","",1.4232,,"",
"","100000007913809","FHS1","","",4.1357,,"",
"","100000007912999","FHS1","","",0.864,,"",
"","100000007913014","FHS1","","",0.1209,,"",
"","100000007912912","FHS1","","",0.0238,,"",
"","100000007913777","FHS1","","",0.0881,,"",
"","100000007913996","FHS1","","",2.1485,,"",
"","100000007916145","FHS1","","",0.1606,,"",
"","100000007916166","FHS1","","",0.306,,"",
"","100000007914229","FHS1","","",0.6243,,"",
"","100000007914148","FHS1","","",2.094,,"",
"","100000007914236","FHS1","","",1.3472,,"",
"","100000007914031","FHS1","","",4.717,,"",
"","100000007907670","FHS1","","",0.0547,,"",
"","100000007907719","FHS1","","",1.4009,,"",
"","100000007907783","FHS1","","",1.743,,"",
"","100000007911526","FHS1","","",0.7275,,"",
"","100000007911578","FHS1","","",1.3728,,"",
"","100000007914125","FHS1","","",1.5062,,"",
"","100000007914053","FHS1","","",1.1598,,"",
"","100000007916259","FHS1","","",2.2972,,"",
"","100000007916272","FHS1","","",2.2972,,"",
"","100000007916292","FHS1","","",2.6191,,"",
"","100000007916202","FHS1","","",8.1079,,"",
"","100000007905106","FHS1","","",0.094,,"",
"","100000007905157","FHS1","","",0.174,,"",
"","100000007905260","FHS1","","",0.0343,,"",
"","100000007904948","FHS1","","",0.0366,,"",
"","100000007904997","FHS1","","",0.0458,,"",
"","100000007905131","FHS1","","",0.0532,,"",
"","100000007916305","FHS1","","",0.4385,,"",
"","100000007916214","FHS1","","",5.5489,,"",
"","100000007916293","FHS1","","",5.8796,,"",
"","100000007916200","FHS1","","",5.5502,,"",
"","100000007916096","FHS1","","",0.0804,,"",
"","100000007916111","FHS1","","",0.08,,"",
"","100000007916132","FHS1","","",0.1145,,"",
"","100000007904493","FHS1","","",0.1208,,"",
"","100000007904514","FHS1","","",0.1892,,"",
"","100000007905197","FHS1","","",0.1138,,"",
"","100000007905261","FHS1","","",0.2292,,"",
"","100000007907868","FHS1","","",0.1811,,"",
"","100000007907902","FHS1","","",0.3074,,"",
"","100000007907529","FHS1","","",0.0587,,"",
"","100000007916261","FHS1","","",6.2208,,"",
"","100000007916279","FHS1","","",22.1919,,"",
"","100000007916215","FHS1","","",3.1908,,"",
"","100000007903321","FHS1","","",0.7347,,"",
"","100000007905359","FHS1","","",2.1302,,"",
"","100000007904417","FHS1","","",0.0181,,"",
"","100000007907601","FHS1","","",0.1364,,"",
"","100000007907651","FHS1","","",0.1709,,"",
"","100000007907725","FHS1","","",0.2726,,"",
"","100000007907790","FHS1","","",0.4358,,"",
"","100000007907466","FHS1","","",0.5743,,"",
"","100000007907763","FHS1","","",0.9387,,"",
"","100000007907439","FHS1","","",0.6732,,"",
"","100000007907525","FHS1","","",1.0642,,"",
"","100000007907594","FHS1","","",0.0628,,"",
"","100000007903369","FHS1","","",1.1994,,"",
"","100000007905327","FHS1","","",0.2887,,"",
"","100000007905433","FHS1","","",0.0825,,"",
"","100000007905530","FHS1","","",3.6994,,"",
"","100000007905526","FHS1","","",0.6396,,"",
"","100000007905284","FHS1","","",0.1342,,"",
"","100000007905326","FHS1","","",0.1042,,"",
"","100000007904384","FHS1","","",0.5253,,"",
"","100000007904424","FHS1","","",0.1815,,"",
"","100000007904309","FHS1","","",0.0175,,"",
"","100000007904347","FHS1","","",0.0181,,"",
"","100000007904391","FHS1","","",0.0396,,"",
"","100000007904433","FHS1","","",0.0887,,"",
"","100000007905285","FHS1","","",2.9396,,"",
"","100000007905379","FHS1","","",3.303,,"",
"","100000007905414","FHS1","","",3.1377,,"",
"","100000007905565","FHS1","","",4.0626,,"",
"","100000007905302","FHS1","","",6.6721,,"",
"","100000007904452","FHS1","","",0.9411,,"",
"","100000007904453","FHS1","","",0.4019,,"",
"","100000007907203","FHS1","","",0.1413,,"",
"","100000007907305","FHS1","","",0.7136,,"",
"","100000007907867","FHS1","","",0.463,,"",
"","100000007908008","FHS1","","",0.4732,,"",
"","100000007908408","FHS1","","",0.2734,,"",
"","100000007908124","FHS1","","",0.1068,,"",
"","100000007908254","FHS1","","",0.1655,,"",
"","100000007908338","FHS1","","",0.1632,,"",
"","100000007912718","FHS1","","",0.0813,,"",
"","100000007912515","FHS1","","",0.384,,"",
"","100000007912579","FHS1","","",0.2598,,"",
"","100000007912769","FHS1","","",0.7004,,"",
"","100000007912544","FHS1","","",0.5534,,"",
"","100000007907202","FHS1","","",0.1681,,"",
"","100000007907253","FHS1","","",0.2451,,"",
"","100000007907304","FHS1","","",0.1885,,"",
"","100000007907341","FHS1","","",0.1211,,"",
"","100000007907401","FHS1","","",0.3528,,"",
"","100000007912612","FHS1","","",0.1898,,"",
"","100000007912763","FHS1","","",1.2289,,"",
"","100000007912545","FHS1","","",0.6306,,"",
"","100000007912577","FHS1","","",0.1602,,"",
"","100000007912650","FHS1","","",0.5581,,"",
"","100000007912702","FHS1","","",0.9636,,"",
"","100000007910885","FHS1","","",0.0921,,"",
"","100000007910347","FHS1","","",0.1726,,"",
"","100000007910547","FHS1","","",0.0706,,"",
"","100000007910656","FHS1","","",0.1132,,"",
"","100000007910398","FHS1","","",0.1225,,"",
"","100000007913801","FHS1","","",0.4653,,"",
"","100000007913829","FHS1","","",0.0262,,"",
"","100000007912514","FHS1","","",1.3077,,"",
"","100000007913708","FHS1","","",0.1404,,"",
"","100000007913732","FHS1","","",0.0294,,"",
"","100000007913765","FHS1","","",0.4708,,"",
"","100000007913784","FHS1","","",0.0679,,"",
"","100000007913810","FHS1","","",0.0438,,"",
"","100000007913827","FHS1","","",0.4047,,"",
"","100000007913863","FHS1","","",0.1,,"",
"","100000007913719","FHS1","","",0.9375,,"",
"","100000007910372","FHS1","","",0.0481,,"",
"","100000007913852","FHS1","","",0.2434,,"",
"","100000007913747","FHS1","","",0.03,,"",
"","100000007913823","FHS1","","",0.7213,,"",
"","100000007913739","FHS1","","",0.1038,,"",
"","100000007913757","FHS1","","",0.0258,,"",
"","100000007913744","FHS1","","",0.3211,,"",
"","100000007918176","INN1","","",26.17685994,,"",
"","100000307474600","INN1","","",8.4083,,"",
"","100000307474601","INN1","","",7.0766,,"",
"","100000007918092","INN1","","",31.41990648,,"",
"","100000007918078","INN1","","",16.74662256,,"",
"","100000007918342","INN1","","",10.09107094,,"",
"","100000007949515","NAT1","","",0.5107,,"",
"","100000007949534","NAT1","","",0.6093,,"",
"","100000007934849","NAT1","","",0.3075,,"",
"","100000007934876","NAT1","","",0.3457,,"",
"","100000007934760","NAT1","","",0.3201,,"",
"","100000007934777","NAT1","","",0.2146,,"",
"","100000007934792","NAT1","","",0.4372,,"",
"","100000007934812","NAT1","","",0.3638,,"",
"","100000007934723","NAT1","","",0.4609,,"",
"","100000007932727","NAT1","","",0.3961,,"",
"","100000007951663","NAT1","","",20.0223,,"",
"","100000007949394","NAT1","","",0.107,,"",
"","100000007949408","NAT1","","",0.1512,,"",
"","100000007949431","NAT1","","",0.1404,,"",
"","100000007919570","INN1","","",6.265910736,,"",
"","100000007919572","INN1","","",8.489902488,,"",
"","100000007945870","NAT1","","",0.2023,,"",
"","100000007945899","NAT1","","",0.8909,,"",
"","100000007945919","NAT1","","",1.3908,,"",
"","100000007945827","NAT1","","",1.4829,,"",
"","100000007950957","NAT1","","",0.5425,,"",
"","100000007950993","NAT1","","",0.6527,,"",
"","100000007934765","NAT1","","",0.2558,,"",
"","100000007932763","NAT1","","",0.3745,,"",
"","100000007932799","NAT1","","",0.2588,,"",
"","100000007946054","NAT1","","",11.192,,"",
"","100000007946147","NAT1","","",16.6929,,"",
"","100000007951655","NAT1","","",22.255,,"",
"","100000007951670","NAT1","","",22.8671,,"",
"","100000007949453","NAT1","","",0.1177,,"",
"","100000007949465","NAT1","","",0.1573,,"",
"","100000007949488","NAT1","","",0.2046,,"",
"","100000007949387","NAT1","","",0.194,,"",
"","100000007950877","NAT1","","",3.2955,,"",
"","100000007950821","NAT1","","",4.0304,,"",
"","100000007950835","NAT1","","",4.6038,,"",
"","100000007950848","NAT1","","",3.81,,"",
"","100000007946543","NAT1","","",7.5241,,"",
"","100000007946559","NAT1","","",8.2215,,"",
"","100000007917133","INN1","","",13.07249669,,"",
"","100000007917019","INN1","","",20.53313835,,"",
"","100000007917042","INN1","","",20.28169983,,"",
"","100000007917066","INN1","","",50.44096343,,"",
"","100000007917093","INN1","","",25.37077713,,"",
"","100000007917127","INN1","","",13.61674736,,"",
"","100000007917314","INN1","","",39.3472364,,"",
"","100000007918415","INN1","","",9.377337968,,"",
"","100000007945778","NAT1","","",0.9645,,"",
"","100000007945682","NAT1","","",1.1256,,"",
"","100000007945709","NAT1","","",1.0661,,"",
"","100000007945728","NAT1","","",1.2093,,"",
"","100000007945751","NAT1","","",1.3378,,"",
"","100000007945770","NAT1","","",1.5831,,"",
"","100000007945647","NAT1","","",1.4471,,"",
"","100000007945692","NAT1","","",1.9463,,"",
"","100000007945717","NAT1","","",2.1079,,"",
"","100000007946563","NAT1","","",0.3443,,"",
"","100000007946587","NAT1","","",1.4011,,"",
"","100000007946604","NAT1","","",2.1923,,"",
"","100000007946498","NAT1","","",2.2526,,"",
"","100000007933873","NAT1","","",0.2739,,"",
"","100000007933023","NAT1","","",0.182,,"",
"","100000007950405","NAT1","","",2.8384,,"",
"","100000007950422","NAT1","","",3.6055,,"",
"","100000007950450","NAT1","","",5.5008,,"",
"","100000007946583","NAT1","","",8.919,,"",
"","100000007946599","NAT1","","",9.8191,,"",
"","100000007946495","NAT1","","",10.5206,,"",
"","100000007946520","NAT1","","",13.3753,,"",
"","100000007946534","NAT1","","",13.4727,,"",
"","100000007946575","NAT1","","",14.3527,,"",
"","100000007946485","NAT1","","",15.6437,,"",
"","100000007919573","INN1","","",9.371731646,,"",
"","100000007919463","INN1","","",8.839425792,,"",
"","100000007919469","INN1","","",10.28402829,,"",
"","100000007919478","INN1","","",8.644471792,,"",
"","100000007949376","NAT1","","",2.7852,,"",
"","100000007949306","NAT1","","",2.0276,,"",
"","100000007945745","NAT1","","",2.397,,"",
"","100000007947420","NAT1","","",2.2291,,"",
"","100000007946538","NAT1","","",2.459,,"",
"","100000007946530","NAT1","","",3.9411,,"",
"","100000007946547","NAT1","","",4.5172,,"",
"","100000007932576","NAT1","","",0.2981,,"",
"","100000007933744","NAT1","","",0.4217,,"",
"","100000007946448","NAT1","","",1.8716,,"",
"","100000007950413","NAT1","","",0.8979,,"",
"","100000007946576","NAT1","","",6.117,,"",
"","100000007946486","NAT1","","",7.114,,"",
"","100000007918336","INN1","","",18.88664822,,"",
"","100000007949354","NAT1","","",2.4254,,"",
"","100000007949378","NAT1","","",2.715,,"",
"","100000007949322","NAT1","","",2.9213,,"",
"","100000007949333","NAT1","","",3.2544,,"",
"","100000007949355","NAT1","","",3.525,,"",
"","100000007949373","NAT1","","",0.5242,,"",
"","100000007949275","NAT1","","",0.6934,,"",
"","100000007946475","NAT1","","",5.1027,,"",
"","100000007946478","NAT1","","",6.5205,,"",
"","100000007932653","NAT1","","",0.2084,,"",
"","100000007932583","NAT1","","",0.2096,,"",
"","100000007930951","NAT1","","",10.7243,,"",
"","100000007957219","INN1","","",50.03273526,,"",
"","100000007957144","INN1","","",15.2472075,,"",
"","100000007957184","INN1","","",67.743872,,"",
"","100000007957204","INN1","","",616.807143,,"",
"","100000007957228","INN1","","",10.31848813,,"",
"","100000007957991","INN1","","",6.766443817,,"",
"","100000007934545","NAT1","","",0.2714,,"",
"","100000007949666","NAT1","","",8.7317,,"",
"","100000007946257","NAT1","","",2.2293,,"",
"","100000007947900","NAT1","","",1.1644,,"",
"","100000007948420","NAT1","","",3.4618,,"",
"","100000007919485","INN1","","",9.29871216,,"",
"","100000007919523","INN1","","",8.7795342,,"",
"","100000007919531","INN1","","",9.575276544,,"",
"","100000007949279","NAT1","","",4.1777,,"",
"","100000007949300","NAT1","","",5.1202,,"",
"","100000007949315","NAT1","","",6.3,,"",
"","100000007951111","NAT1","","",7.5408,,"",
"","100000007949292","NAT1","","",0.1813,,"",
"","100000007949313","NAT1","","",0.6089,,"",
"","100000007949326","NAT1","","",0.9595,,"",
"","100000007949365","NAT1","","",1.0887,,"",
"","100000007949298","NAT1","","",1.1188,,"",
"","100000007932603","NAT1","","",0.2669,,"",
"","100000007930854","NAT1","","",20.0567,,"",
"","100000007930897","NAT1","","",15.6923,,"",
"","100000007957248","INN1","","",2.8052568,,"",
"","100000007957119","INN1","","",53.65954261,,"",
"","100000007957158","INN1","","",461.0733752,,"",
"","100000007958060","INN1","","",496.0081829,,"",
"","100000007958067","INN1","","",151.343262,,"",
"","100000007957564","INN1","","",11.66516189,,"",
"","100000007949742","NAT1","","",0.6466,,"",
"","100000007948347","NAT1","","",4.2854,,"",
"","100000007948376","NAT1","","",3.9486,,"",
"","100000007948421","NAT1","","",5.2739,,"",
"","100000007948317","NAT1","","",8.1483,,"",
"","100000007948332","NAT1","","",6.5089,,"",
"","100000007947147","NAT1","","",1.0651,,"",
"","100000007920104","INN1","","",10.25025168,,"",
"","100000007919651","INN1","","",6.0780564,,"",
"","100000007919665","INN1","","",14.026284,,"",
"","100000007949034","NAT1","","",0.1809,,"",
"","100000007949071","NAT1","","",0.2344,,"",
"","100000007950035","NAT1","","",0.4893,,"",
"","100000007950105","NAT1","","",14.8116,,"",
"","100000007949934","NAT1","","",0.7193,,"",
"","100000007949957","NAT1","","",1.1861,,"",
"","100000007949993","NAT1","","",1.3691,,"",
"","100000007949602","NAT1","","",0.6972,,"",
"","100000007933408","NAT1","","",0.2483,,"",
"","100000007957965","INN1","","",21.838912,,"",
"","100000007957606","INN1","","",51.17468456,,"",
"","100000007957637","INN1","","",13.73116019,,"",
"","100000007957650","INN1","","",8.19896592,,"",
"","100000007950518","NAT1","","",2.1987,,"",
"","100000007950535","NAT1","","",2.3633,,"",
"","100000007948557","NAT1","","",0.4035,,"",
"","100000007948579","NAT1","","",0.7384,,"",
"","100000007948456","NAT1","","",0.9362,,"",
"","100000007949412","NAT1","","",0.5918,,"",
"","100000007946683","NAT1","","",0.6925,,"",
"","100000007946701","NAT1","","",0.9429,,"",
"","100000007918469","INN1","","",15.34490352,,"",
"","100000007918480","INN1","","",15.44761411,,"",
"","100000007918496","INN1","","",39.31604611,,"",
"","100000007917006","INN1","","",2.732919651,,"",
"","100000007950763","NAT1","","",6.6261,,"",
"","100000007950633","NAT1","","",6.7451,,"",
"","100000007950065","NAT1","","",1.0411,,"",
"","100000007950106","NAT1","","",1.3639,,"",
"","100000007949920","NAT1","","",1.2605,,"",
"","100000007950934","NAT1","","",0.7712,,"",
"","100000007950949","NAT1","","",1.0284,,"",
"","100000007949612","NAT1","","",0.6787,,"",
"","100000007949575","NAT1","","",0.6639,,"",
"","100000007949613","NAT1","","",1.3617,,"",
"","100000007932442","NAT1","","",0.1498,,"",
"","100000007957598","INN1","","",5.550808792,,"",
"","100000008001438","DTR1","","",2.03536,,"",
"","100000008002204","DTR1","","",0.21744,,"",
"","100000008002109","DTR1","","",0.20904,,"",
"","100000008001560","DTR1","","",1.092,,"",
"","100000008005012","DTR1","","",0.08345,,"",
"","100000008004623","DTR1","","",0.75,,"",
"","100000008004794","DTR1","","",0.85691,,"",
"","100000008005058","DTR1","","",0.10364,,"",
"","100000008005191","DTR1","","",0.09927,,"",
"","100000008004489","DTR1","","",0.12709,,"",
"","100000007999302","DTR1","","",0.66655,,"",
"","100000008005230","DTR1","","",0.13282,,"",
"","100000008004540","DTR1","","",0.17209,,"",
"","100000008004712","DTR1","","",0.16145,,"",
"","100000008004019","DTR1","","",0.21873,,"",
"","100000008004189","DTR1","","",0.23318,,"",
"","100000008007524","DTR1","","",1.77164,,"",
"","100000008006824","DTR1","","",1.82209,,"",
"","100000008007005","DTR1","","",1.28864,,"",
"","100000008007804","DTR1","","",1.76727,,"",
"","100000008007441","DTR1","","",3.03109,,"",
"","100000008006825","DTR1","","",4.095,,"",
"","100000008007557","DTR1","","",0.89564,,"",
"","100000008007653","DTR1","","",0.28773,,"",
"","100000008006880","DTR1","","",1.359,,"",
"","100000008007057","DTR1","","",1.24609,,"",
"","100000008007147","DTR1","","",1.64536,,"",
"","100000008008000","DTR1","","",3.71455,,"",
"","100000008006913","DTR1","","",3.03436,,"",
"","100000008007174","DTR1","","",3.38727,,"",
"","100000008007117","DTR1","","",0.34636,,"",
"","100000008007291","DTR1","","",0.25064,,"",
"","100000008006568","DTR1","","",2.34627,,"",
"","100000008005499","DTR1","","",1.60118,,"",
"","100000008006086","DTR1","","",1.17655,,"",
"","100000008003791","DTR1","","",2.35255,,"",
"","100000008003308","DTR1","","",0.49336,,"",
"","100000008001923","DTR1","","",0.11784,,"",
"","100000008002203","DTR1","","",0.2892,,"",
"","100000008003475","DTR1","","",0.76173,,"",
"","100000008004394","DTR1","","",1.59627,,"",
"","100000008005279","DTR1","","",0.06573,,"",
"","100000008004049","DTR1","","",0.07555,,"",
"","100000008004535","DTR1","","",0.15545,,"",
"","100000008005227","DTR1","","",0.19118,,"",
"","100000008004444","DTR1","","",0.22555,,"",
"","100000008004710","DTR1","","",0.23891,,"",
"","100000008004967","DTR1","","",0.28609,,"",
"","100000008004185","DTR1","","",0.33927,,"",
"","100000008004414","DTR1","","",2.92991,,"",
"","100000008004445","DTR1","","",0.37364,,"",
"","100000008008134","DTR1","","",1.09991,,"",
"","100000008007329","DTR1","","",9.81409,,"",
"","100000008007603","DTR1","","",9.94473,,"",
"","100000008007146","DTR1","","",8.50964,,"",
"","100000008035962","DTR1","","",0.0663,,"",
"","100000008035331","DTR1","","",0.3096,,"",
"","100000008035868","DTR1","","",0.264,,"",
"","100000007997602","DTR1","","",0.82009,,"",
"","100000008036048","DTR1","","",0.0972,,"",
"","100000008007774","DTR1","","",0.64391,,"",
"","100000008000512","DTR1","","",0.69409,,"",
"","100000008000913","DTR1","","",0.59236,,"",
"","100000008000348","DTR1","","",0.37391,,"",
"","100000008002765","DTR1","","",1.31182,,"",
"","100000008000516","DTR1","","",0.75709,,"",
"","100000008000560","DTR1","","",3.28773,,"",
"","100000008000723","DTR1","","",4.92136,,"",
"","100000008003228","DTR1","","",2.62664,,"",
"","100000008001859","DTR1","","",2.60544,,"",
"","100000008002132","DTR1","","",3.63504,,"",
"","100000008003190","DTR1","","",3.42,,"",
"","100000008003588","DTR1","","",3.78873,,"",
"","100000008003751","DTR1","","",0.198,,"",
"","100000008002764","DTR1","","",0.28282,,"",
"","100000008002906","DTR1","","",0.25227,,"",
"","100000008000489","DTR1","","",2.89282,,"",
"","100000008001072","DTR1","","",0.27955,,"",
"","100000008000756","DTR1","","",4.72527,,"",
"","100000008000998","DTR1","","",5.79082,,"",
"","100000007999984","DTR1","","",2.29964,,"",
"","100000008000956","DTR1","","",2.55409,,"",
"","100000008001127","DTR1","","",2.24291,,"",
"","100000008000045","DTR1","","",5.74145,,"",
"","100000008000231","DTR1","","",2.22136,,"",
"","100000008000478","DTR1","","",2.89227,,"",
"","100000008000645","DTR1","","",8.71718,,"",
"","100000008000965","DTR1","","",0.64636,,"",
"","100000008001224","DTR1","","",1.03364,,"",
"","100000008000327","DTR1","","",0.73936,,"",
"","100000008000809","DTR1","","",0.69709,,"",
"","100000008001051","DTR1","","",0.81382,,"",
"","100000008000511","DTR1","","",3.309,,"",
"","100000008000346","DTR1","","",0.22173,,"",
"","100000008000594","DTR1","","",0.25609,,"",
"","100000008000757","DTR1","","",0.29345,,"",
"","100000008000851","DTR1","","",0.16527,,"",
"","100000008000139","DTR1","","",4.44709,,"",
"","100000008000561","DTR1","","",0.60218,,"",
"","100000008000799","DTR1","","",0.705,,"",
"","100000008000957","DTR1","","",0.579,,"",
"","100000008001210","DTR1","","",2.99209,,"",
"","100000008000653","DTR1","","",6.07691,,"",
"","100000008000885","DTR1","","",3.20427,,"",
"","100000008001050","DTR1","","",3.66682,,"",
"","100000008000328","DTR1","","",1.69282,,"",
"","100000008000731","DTR1","","",1.38436,,"",
"","100000007999967","DTR1","","",3.42545,,"",
"","100000007897745","DTR1","","",0.177,,"",
"","100000007897752","DTR1","","",0.15627,,"",
"","100000007897746","DTR1","","",0.25909,,"",
"","100000007897803","DTR1","","",0.46255,,"",
"","100000007897796","DTR1","","",0.92373,,"",
"","100000008003929","DTR1","","",0.17564,,"",
"","100000008002907","DTR1","","",0.21518,,"",
"","100000008002596","DTR1","","",1.88904,,"",
"","100000008001334","DTR1","","",2.00952,,"",
"","100000008001589","DTR1","","",2.03664,,"",
"","100000008001776","DTR1","","",2.27856,,"",
"","100000008002837","DTR1","","",0.429,,"",
"","100000008003850","DTR1","","",1.09282,,"",
"","100000008036137","DTR1","","",2.7,,"",
"","100000008036328","DTR1","","",2.3391,,"",
"","100000008035421","DTR1","","",0.126,,"",
"","100000007916340","NYS2","","",0.09261,,"",
"","100000007916349","NYS2","","",0.558,,"",
"","100000007916360","NYS2","","",0.864,,"",
"","100000007916368","NYS2","","",1.116,,"",
"","100000007916369","NYS2","","",1.386,,"",
"","100000007916403","NYS2","","",1.593,,"",
"","100000007916426","NYS2","","",3.672,,"",
"","100000007912844","NYS2","","",1.035,,"",
"","100000007912866","NYS2","","",16.002,,"",
"","100000007913107","NYS2","","",4.041,,"",
"","100000007913133","NYS2","","",4.563,,"",
"","100000007913083","NYS2","","",17.973,,"",
"","100000007913108","NYS2","","",18.549,,"",
"","100000007970106","SAGE","","",0.08,,"",
"","100000007970127","SAGE","","",0.08,,"",
"","100000007970094","SAGE","","",0.04,,"",
"","100000007971692","SAGE","","",0.21,,"",
"","100000007971788","SAGE","","",0.27,,"",
"","100000007971827","SAGE","","",0.36,,"",
"","100000007971624","SAGE","","",0.2,,"",
"","100000007971673","SAGE","","",0.2,,"",
"","100000007971714","SAGE","","",0.21,,"",
"","100000007971771","SAGE","","",0.23,,"",
"","100000007971809","SAGE","","",0.25,,"",
"","100000007913403","NYS2","","",54.063,,"",
"","100000007913511","NYS2","","",74.754,,"",
"","100000007924881","NYS2","","",16.011,,"",
"","100000007924897","NYS2","","",21.753,,"",
"","100000007924923","NYS2","","",41.463,,"",
"","100000007976812","SAGE","","",0.13,,"",
"","100000007985284","SAGE","","",0.03,,"",
"","100000007980953","SAGE","","",0.31,,"",
"","100000007981203","SAGE","","",0.34,,"",
"","100000007980993","SAGE","","",0.35,,"",
"","100000007965784","SAGE","","",0.15,,"",
"","100000007915624","NYS2","","",0.4383,,"",
"","100000007915653","NYS2","","",0.495,,"",
"","100000007915680","NYS2","","",0.468,,"",
"","100000007915550","NYS2","","",0.423,,"",
"","100000007915567","NYS2","","",0.612,,"",
"","100000007916336","NYS2","","",0.936,,"",
"","100000007916344","NYS2","","",0.837,,"",
"","100000007917150","NYS2","","",0.15156,,"",
"","100000007917173","NYS2","","",0.28179,,"",
"","100000007917212","NYS2","","",4.446,,"",
"","100000007912291","NYS2","","",15.5336,,"",
"","100000007913533","NYS2","","",32.382,,"",
"","100000007912792","NYS2","","",22.977,,"",
"","100000007912859","NYS2","","",5.841,,"",
"","100000007912828","NYS2","","",3.249,,"",
"","100000007912931","NYS2","","",14.526,,"",
"","100000007969546","SAGE","","",0.06,,"",
"","100000007973720","SAGE","","",0.1,,"",
"","100000007971865","SAGE","","",0.28,,"",
"","100000007971905","SAGE","","",0.3,,"",
"","100000007971693","SAGE","","",0.37,,"",
"","100000007973961","SAGE","","",0.2,,"",
"","100000007974872","SAGE","","",0.43,,"",
"","100000007974968","SAGE","","",0.54,,"",
"","100000007974764","SAGE","","",0.29,,"",
"","100000007974828","SAGE","","",0.34,,"",
"","100000007974896","SAGE","","",0.64,,"",
"","100000007974946","SAGE","","",0.56,,"",
"","100000007975044","SAGE","","",0.75,,"",
"","100000007915335","NYS2","","",24.219,,"",
"","100000007915032","NYS2","","",2.124,,"",
"","100000007976643","SAGE","","",0.08,,"",
"","100000007976664","SAGE","","",0.11,,"",
"","100000007976665","SAGE","","",0.1,,"",
"","100000007976733","SAGE","","",0.05,,"",
"","100000007976826","SAGE","","",0.15,,"",
"","100000007976929","SAGE","","",0.06,,"",
"","100000007976644","SAGE","","",0.06,,"",
"","100000007976685","SAGE","","",0.2,,"",
"","100000007981087","SAGE","","",0.07,,"",
"","100000007965269","SAGE","","",0.12,,"",
"","100000007965350","SAGE","","",0.1,,"",
"","100000007917904","NYS2","","",3.06,,"",
"","100000007917919","NYS2","","",67.986,,"",
"","100000007917937","NYS2","","",7.47,,"",
"","100000007914371","NYS2","","",116.613,,"",
"","100000007914385","NYS2","","",32.724,,"",
"","100000007914318","NYS2","","",113.103,,"",
"","100000007914282","NYS2","","",51.804,,"",
"","100000007914330","NYS2","","",45.198,,"",
"","100000007914205","NYS2","","",39.843,,"",
"","100000007914235","NYS2","","",40.455,,"",
"","100000007914033","NYS2","","",16.371,,"",
"","100000007973659","SAGE","","",0.15,,"",
"","100000007973721","SAGE","","",0.16,,"",
"","100000007973451","SAGE","","",0.15,,"",
"","100000007973596","SAGE","","",0.12,,"",
"","100000007975780","SAGE","","",0.47,,"",
"","100000007975470","SAGE","","",0.45,,"",
"","100000007975578","SAGE","","",0.13,,"",
"","100000007975450","SAGE","","",0.14,,"",
"","100000007975554","SAGE","","",0.28,,"",
"","100000007914954","NYS2","","",506.754,,"",
"","100000007915027","NYS2","","",1.791,,"",
"","100000007928031","NYS2","","",36.099,,"",
"","100000007927803","NYS2","","",67.986,,"",
"","100000007981012","SAGE","","",0.11,,"",
"","100000007981089","SAGE","","",0.13,,"",
"","100000007981206","SAGE","","",0.15,,"",
"","100000007981229","SAGE","","",0.18,,"",
"","100000007980960","SAGE","","",0.11,,"",
"","100000007987613","SAGE","","",1.19,,"",
"","100000007987681","SAGE","","",1.39,,"",
"","100000007987793","SAGE","","",1.6,,"",
"","100000007970195","SAGE","","",0.06,,"",
"","100000007970409","SAGE","","",0.12,,"",
"","100000007915967","NYS2","","",0.621,,"",
"","100000007917695","NYS2","","",25.11,,"",
"","100000007917726","NYS2","","",18.585,,"",
"","100000007917545","NYS2","","",8.379,,"",
"","100000007917607","NYS2","","",8.55,,"",
"","100000007917561","NYS2","","",7.29,,"",
"","100000007917577","NYS2","","",19.62,,"",
"","100000007915997","NYS2","","",0.495,,"",
"","100000007914381","NYS2","","",70.731,,"",
"","100000007914292","NYS2","","",79.146,,"",
"","100000007916227","NYS2","","",1.179,,"",
"","100000007914049","NYS2","","",16.119,,"",
"","100000007913999","NYS2","","",13.329,,"",
"","100000007914024","NYS2","","",12.447,,"",
"","100000007916149","NYS2","","",45.639,,"",
"","100000007917314","NYS2","","",40.968,,"",
"","100000007917332","NYS2","","",44.001,,"",
"","100000007917273","NYS2","","",70.965,,"",
"","100000007917315","NYS2","","",138.528,,"",
"","100000007974218","SAGE","","",0.34,,"",
"","100000007974271","SAGE","","",0.29,,"",
"","100000007986098","SAGE","","",0.3,,"",
"","100000007988589","SAGE","","",0.36,,"",
"","100000007988652","SAGE","","",0.39,,"",
"","100000007988692","SAGE","","",0.42,,"",
"","100000007988399","SAGE","","",0.52,,"",
"","100000007975738","SAGE","","",0.12,,"",
"","100000007975801","SAGE","","",0.13,,"",
"","100000007987454","SAGE","","",0.08,,"",
"","100000007975451","SAGE","","",0.26,,"",
"","100000007977252","SAGE","","",0.07,,"",
"","100000007976013","SAGE","","",0.09,,"",
"","100000007976045","SAGE","","",0.08,,"",
"","100000007976102","SAGE","","",0.04,,"",
"","100000007976251","SAGE","","",0.11,,"",
"","100000007976000","SAGE","","",0.06,,"",
"","100000007976062","SAGE","","",0.05,,"",
"","100000007915455","NYS2","","",2.052,,"",
"","100000007915489","NYS2","","",9.441,,"",
"","100000007927682","NYS2","","",28.053,,"",
"","100000007923880","NYS2","","",21.141,,"",
"","100000007980905","SAGE","","",0.14,,"",
"","100000007980609","SAGE","","",0.18,,"",
"","100000007980660","SAGE","","",0.16,,"",
"","100000007980778","SAGE","","",0.2,,"",
"","100000007989945","SAGE","","",0.14,,"",
"","100000007989892","SAGE","","",0.16,,"",
"","100000007970481","SAGE","","",0.13,,"",
"","100000007970170","SAGE","","",0.12,,"",
"","100000007970239","SAGE","","",0.08,,"",
"","100000007970145","SAGE","","",0.1,,"",
"","100000007970303","SAGE","","",0.13,,"",
"","100000007917632","NYS2","","",40.554,,"",
"","100000007917647","NYS2","","",6.507,,"",
"","100000007917548","NYS2","","",18.648,,"",
"","100000007917568","NYS2","","",34.893,,"",
"","100000007917564","NYS2","","",14.103,,"",
"","100000007917675","NYS2","","",12.978,,"",
"","100000007916767","NYS2","","",54.36,,"",
"","100000007916021","NYS2","","",0.585,,"",
"","100000007916049","NYS2","","",0.522,,"",
"","100000007916066","NYS2","","",0.63,,"",
"","100000007915934","NYS2","","",0.33273,,"",
"","100000007915993","NYS2","","",0.522,,"",
"","100000007915932","NYS2","","",1.224,,"",
"","100000007916005","NYS2","","",0.945,,"",
"","100000007916030","NYS2","","",0.738,,"",
"","100000007916140","NYS2","","",2.979,,"",
"","100000007916969","NYS2","","",26.154,,"",
"","100000007917133","NYS2","","",23.085,,"",
"","100000007917019","NYS2","","",40.626,,"",
"","100000007917042","NYS2","","",41.994,,"",
"","100000007917066","NYS2","","",38.223,,"",
"","100000007917093","NYS2","","",24.273,,"",
"","100000007917127","NYS2","","",16.596,,"",
"","100000007988451","SAGE","","",0.56,,"",
"","100000007988693","SAGE","","",0.81,,"",
"","100000007988548","SAGE","","",0.17,,"",
"","100000007988720","SAGE","","",0.25,,"",
"","100000007988547","SAGE","","",0.26,,"",
"","100000007988609","SAGE","","",0.31,,"",
"","100000007988101","SAGE","","",1.96,,"",
"","100000007988175","SAGE","","",2.31,,"",
"","100000007988287","SAGE","","",2.68,,"",
"","100000007988276","SAGE","","",0.21,,"",
"","100000007988320","SAGE","","",0.25,,"",
"","100000007988010","SAGE","","",0.23,,"",
"","100000007976184","SAGE","","",0.27,,"",
"","100000007976235","SAGE","","",0.32,,"",
"","100000007976027","SAGE","","",0.19,,"",
"","100000007976147","SAGE","","",0.19,,"",
"","100000007976236","SAGE","","",0.32,,"",
"","100000007975981","SAGE","","",0.42,,"",
"","100000007976063","SAGE","","",0.52,,"",
"","100000007915526","NYS2","","",0.23202,,"",
"","100000007915544","NYS2","","",0.621,,"",
"","100000007915450","NYS2","","",0.26208,,"",
"","100000007915467","NYS2","","",0.30285,,"",
"","100000007915483","NYS2","","",0.675,,"",
"","100000007915502","NYS2","","",1.188,,"",
"","100000007915519","NYS2","","",0.657,,"",
"","100000007923894","NYS2","","",26.586,,"",
"","100000007923792","NYS2","","",47.286,,"",
"","100000007923828","NYS2","","",16.992,,"",
"","100000007989050","SAGE","","",0.05,,"",
"","100000007989628","SAGE","","",0.06,,"",
"","100000007980924","SAGE","","",0.22,,"",
"","100000007980584","SAGE","","",0.25,,"",
"","100000007980731","SAGE","","",0.33,,"",
"","100000007980585","SAGE","","",0.19,,"",
"","100000007984245","SAGE","","",0.04,,"",
"","100000007984312","SAGE","","",0.04,,"",
"","100000007917642","NYS2","","",31.518,,"",
"","100000007917535","NYS2","","",9.774,,"",
"","100000007917556","NYS2","","",50.211,,"",
"","100000007917614","NYS2","","",11.988,,"",
"","100000007917635","NYS2","","",7.56,,"",
"","100000007917528","NYS2","","",15.489,,"",
"","100000007916690","NYS2","","",51.291,,"",
"","100000007916710","NYS2","","",60.57,,"",
"","100000007916791","NYS2","","",2.97,,"",
"","100000007916055","NYS2","","",1.071,,"",
"","100000007916076","NYS2","","",0.936,,"",
"","100000007915939","NYS2","","",0.927,,"",
"","100000007915965","NYS2","","",0.873,,"",
"","100000007916225","NYS2","","",0.576,,"",
"","100000007916867","NYS2","","",26.01,,"",
"","100000007916892","NYS2","","",26.163,,"",
"","100000007916912","NYS2","","",27.54,,"",
"","100000007916960","NYS2","","",9.297,,"",
"","100000007916984","NYS2","","",14.184,,"",
"","100000007914867","NYS2","","",38.583,,"",
"","100000007914859","NYS2","","",43.974,,"",
"","100000007914879","NYS2","","",41.616,,"",
"","100000007988716","SAGE","","",0.38,,"",
"","100000007966683","SAGE","","",0.39,,"",
"","100000007966917","SAGE","","",0.47,,"",
"","100000007966956","SAGE","","",0.56,,"",
"","100000007976123","SAGE","","",0.28,,"",
"","100000007976186","SAGE","","",0.47,,"",
"","100000007915587","NYS2","","",71.874,,"",
"","100000007915670","NYS2","","",0.13149,,"",
"","100000007915549","NYS2","","",0.16992,,"",
"","100000007915595","NYS2","","",0.2043,,"",
"","100000007915603","NYS2","","",0.16101,,"",
"","100000007924905","NYS2","","",44.568,,"",
"","100000007924883","NYS2","","",9.315,,"",
"","100000007989731","SAGE","","",0.1,,"",
"","100000007982317","SAGE","","",0.28,,"",
"","100000007982353","SAGE","","",0.07,,"",
"","100000007982375","SAGE","","",0.05,,"",
"","100000007982235","SAGE","","",0.06,,"",
"","100000007982253","SAGE","","",0.09,,"",
"","100000007982281","SAGE","","",0.07,,"",
"","100000007982304","SAGE","","",0.11,,"",
"","100000007982339","SAGE","","",0.11,,"",
"","100000007982362","SAGE","","",0.05,,"",
"","100000007982247","SAGE","","",0.13,,"",
"","100000007984212","SAGE","","",0.06,,"",
"","100000007916959","NYS2","","",6.021,,"",
"","100000007916982","NYS2","","",7.083,,"",
"","100000007916864","NYS2","","",7.632,,"",
"","100000007916874","NYS2","","",6.237,,"",
"","100000007916900","NYS2","","",4.797,,"",
"","100000007916949","NYS2","","",17.127,,"",
"","100000007916809","NYS2","","",56.844,,"",
"","100000007916679","NYS2","","",68.643,,"",
"","100000007916579","NYS2","","",9.135,,"",
"","100000007916564","NYS2","","",36.945,,"",
"","100000007916625","NYS2","","",55.863,,"",
"","100000007916649","NYS2","","",56.493,,"",
"","100000007916668","NYS2","","",81.819,,"",
"","100000007916617","NYS2","","",3.564,,"",
"","100000007916632","NYS2","","",5.364,,"",
"","100000007916640","NYS2","","",7.875,,"",
"","100000007916676","NYS2","","",7.524,,"",
"","100000007916563","NYS2","","",8.028,,"",
"","100000007916578","NYS2","","",5.625,,"",
"","100000007916589","NYS2","","",11.826,,"",
"","100000007917478","NYS2","","",8.379,,"",
"","100000007917451","NYS2","","",4.032,,"",
"","100000007917477","NYS2","","",6.345,,"",
"","100000007917459","NYS2","","",3.708,,"",
"","100000007914913","NYS2","","",14.166,,"",
"","100000007914810","NYS2","","",14.328,,"",
"","100000007967297","SAGE","","",0.36,,"",
"","100000007967182","SAGE","","",0.47,,"",
"","100000007969069","SAGE","","",0.1,,"",
"","100000007968510","SAGE","","",0.09,,"",
"","100000007968489","SAGE","","",0.11,,"",
"","100000007968490","SAGE","","",0.1,,"",
"","100000007968559","SAGE","","",0.07,,"",
"","100000007984763","SAGE","","",0.05,,"",
"","100000007984818","SAGE","","",0.06,,"",
"","100000007985285","SAGE","","",0.03,,"",
"","100000007985327","SAGE","","",0.02,,"",
"","100000007986840","SAGE","","",0.73,,"",
"","100000007986036","SAGE","","",0.52,,"",
"","100000007916865","NYS2","","",6.678,,"",
"","100000007916962","NYS2","","",15.228,,"",
"","100000007912177","NYS2","","",28.278,,"",
"","100000007912483","NYS2","","",30.384,,"",
"","100000007916581","NYS2","","",5.823,,"",
"","100000007916607","NYS2","","",3.141,,"",
"","100000007916669","NYS2","","",2.898,,"",
"","100000007917501","NYS2","","",4.239,,"",
"","100000007912785","NYS2","","",9.891,,"",
"","100000007912868","NYS2","","",7.56,,"",
"","100000007969214","SAGE","","",0.05,,"",
"","100000007966996","SAGE","","",0.12,,"",
"","100000007967037","SAGE","","",0.18,,"",
"","100000007967091","SAGE","","",0.14,,"",
"","100000007967125","SAGE","","",0.12,,"",
"","100000007969621","SAGE","","",0.06,,"",
"","100000007969707","SAGE","","",0.07,,"",
"","100000007969763","SAGE","","",0.08,,"",
"","100000007969857","SAGE","","",0.08,,"",
"","100000007969526","SAGE","","",0.1,,"",
"","100000007969593","SAGE","","",0.13,,"",
"","100000007968850","SAGE","","",0.08,,"",
"","100000007971751","SAGE","","",0.48,,"",
"","100000007968682","SAGE","","",0.14,,"",
"","100000007968727","SAGE","","",0.16,,"",
"","100000007924007","NYS2","","",10.413,,"",
"","100000007924035","NYS2","","",15.048,,"",
"","100000007923911","NYS2","","",19.827,,"",
"","100000007927085","NYS2","","",401.697,,"",
"","100000007984527","SAGE","","",0.06,,"",
"","100000007984666","SAGE","","",0.08,,"",
"","100000007984733","SAGE","","",0.1,,"",
"","100000007984686","SAGE","","",0.06,,"",
"","100000007984561","SAGE","","",0.08,,"",
"","100000007985395","SAGE","","",0.03,,"",
"","100000007985277","SAGE","","",0.04,,"",
"","100000007984939","SAGE","","",0.03,,"",
"","100000007984991","SAGE","","",0.02,,"",
"","100000007985131","SAGE","","",0.06,,"",
"","100000007984918","SAGE","","",0.02,,"",
"","100000007985996","SAGE","","",0.13,,"",
"","100000007986057","SAGE","","",0.06,,"",
"","100000007922612","FOS1","","",1.325651957,,"",
"","100000007922550","FOS1","","",1.347080839,,"",
"","100000007922556","FOS1","","",0.890753245,,"",
"","100000007923786","FOS1","","",0.947737891,,"",
"","100000007923660","FOS1","","",0.95374286,,"",
"","100000007923685","FOS1","","",0.439877444,,"",
"","100000007922932","FOS1","","",1.006488829,,"",
"","100000007924021","FOS1","","",0.899158714,,"",
"","100000007922679","FOS1","","",0.61779542,,"",
"","100000007922706","FOS1","","",0.527774391,,"",
"","100000007922671","FOS1","","",0.730849289,,"",
"","100000007923851","FOS1","","",0.551738388,,"",
"","100000007920759","FOS1","","",2.034247427,,"",
"","100000007920804","FOS1","","",2.031438658,,"",
"","100000007962932","FOS1","","",0.648549906,,"",
"","100000007963015","FOS1","","",0.780417434,,"",
"","100000007963057","FOS1","","",1.336620223,,"",
"","100000007963644","FOS1","","",5.078380964,,"",
"","100000007963675","FOS1","","",6.138542577,,"",
"","100000007963694","FOS1","","",2.485658557,,"",
"","100000007963730","FOS1","","",2.586570246,,"",
"","100000007963771","FOS1","","",3.949851861,,"",
"","100000007964032","FOS1","","",325.5365623,,"",
"","100000007918564","FOS1","","",1.53437074,,"",
"","100000007918608","FOS1","","",11.76313482,,"",
"","100000007918628","FOS1","","",3.769247944,,"",
"","100000007918553","FOS1","","",2.734139554,,"",
"","100000007918606","FOS1","","",9.013284981,,"",
"","100000007918624","FOS1","","",4.528707738,,"",
"","100000007920238","FOS1","","",3.146443652,,"",
"","100000007920291","FOS1","","",3.056770618,,"",
"","100000007923937","FOS1","","",0.600970166,,"",
"","100000007921059","FOS1","","",33.08947865,,"",
"","100000007963099","FOS1","","",10.77028477,,"",
"","100000007963138","FOS1","","",1.496391824,,"",
"","100000007963195","FOS1","","",2.935629908,,"",
"","100000007963237","FOS1","","",3.414164051,,"",
"","100000007962963","FOS1","","",6.235486803,,"",
"","100000007963016","FOS1","","",4.317714413,,"",
"","100000007963078","FOS1","","",5.810470992,,"",
"","100000007963120","FOS1","","",3.325084713,,"",
"","100000007962757","FOS1","","",5.076930079,,"",
"","100000007963666","FOS1","","",2.567767228,,"",
"","100000007964183","FOS1","","",7.331858553,,"",
"","100000007966207","FOS1","","",18.60854932,,"",
"","100000007968265","FOS1","","",47.88555698,,"",
"","100000007968326","FOS1","","",41.05119482,,"",
"","100000007968376","FOS1","","",228.687117,,"",
"","100000007968084","FOS1","","",56.32243813,,"",
"","100000007968131","FOS1","","",35.81704298,,"",
"","100000007920352","FOS1","","",3.379611164,,"",
"","100000007923674","FOS1","","",0.44522802,,"",
"","100000007925270","FOS1","","",0.210269328,,"",
"","100000007923860","FOS1","","",0.594764934,,"",
"","100000007922407","FOS1","","",0.607111313,,"",
"","100000007962894","FOS1","","",3.045561337,,"",
"","100000007966873","FOS1","","",3.9763808,,"",
"","100000007966436","FOS1","","",4.649357774,,"",
"","100000007966527","FOS1","","",4.136241505,,"",
"","100000007966591","FOS1","","",6.150718366,,"",
"","100000007968424","FOS1","","",20.43533823,,"",
"","100000007968222","FOS1","","",20.6077219,,"",
"","100000007968242","FOS1","","",56.44368634,,"",
"","100000007968351","FOS1","","",105.109233,,"",
"","100000007925257","FOS1","","",0.527058846,,"",
"","100000007925279","FOS1","","",0.077371209,,"",
"","100000007925292","FOS1","","",0.083265037,,"",
"","100000007925315","FOS1","","",0.196776898,,"",
"","100000007925330","FOS1","","",0.190931334,,"",
"","100000007925343","FOS1","","",0.257481018,,"",
"","100000007924859","FOS1","","",1.481818363,,"",
"","100000007924926","FOS1","","",0.682135854,,"",
"","100000007924853","FOS1","","",1.344500488,,"",
"","100000007925228","FOS1","","",0.085904205,,"",
"","100000007925091","FOS1","","",0.09932143,,"",
"","100000007925113","FOS1","","",0.094896448,,"",
"","100000007922495","FOS1","","",0.945303825,,"",
"","100000007922470","FOS1","","",0.316426154,,"",
"","100000007922309","FOS1","","",0.126049102,,"",
"","100000007922348","FOS1","","",0.411366746,,"",
"","100000007967368","FOS1","","",3.316537879,,"",
"","100000007967236","FOS1","","",3.046301631,,"",
"","100000007967325","FOS1","","",3.25223431,,"",
"","100000007968825","FOS1","","",55.16618163,,"",
"","100000007968402","FOS1","","",27.41424568,,"",
"","100000007968151","FOS1","","",259.6497484,,"",
"","100000007925316","FOS1","","",0.130037061,,"",
"","100000007925354","FOS1","","",0.23380168,,"",
"","100000007925258","FOS1","","",0.247627925,,"",
"","100000007925271","FOS1","","",0.27828171,,"",
"","100000007925293","FOS1","","",0.457657105,,"",
"","100000007924875","FOS1","","",0.634322507,,"",
"","100000007924893","FOS1","","",0.858307352,,"",
"","100000007924823","FOS1","","",0.070287353,,"",
"","100000007925986","FOS1","","",0.398480883,,"",
"","100000007925092","FOS1","","",0.137212956,,"",
"","100000007924958","FOS1","","",0.242690258,,"",
"","100000007925023","FOS1","","",0.124470868,,"",
"","100000007925040","FOS1","","",0.207781353,,"",
"","100000007927048","FOS1","","",1.492922921,,"",
"","100000007967380","FOS1","","",6.131946837,,"",
"","100000007971312","FOS1","","",6.175066606,,"",
"","100000007971499","FOS1","","",0.6533294,,"",
"","100000007971542","FOS1","","",0.982182071,,"",
"","100000007971610","FOS1","","",0.77209596,,"",
"","100000007971294","FOS1","","",1.18699598,,"",
"","100000007971124","FOS1","","",0.935977007,,"",
"","100000007971196","FOS1","","",1.123172408,,"",
"","100000007973222","FOS1","","",3.563965233,,"",
"","100000007971946","FOS1","","",3.94728326,,"",
"","100000007918279","FOS1","","",1.253119645,,"",
"","100000007918255","FOS1","","",0.37003862,,"",
"","100000007926494","FOS1","","",0.530735199,,"",
"","100000007926457","FOS1","","",0.158428381,,"",
"","100000007926495","FOS1","","",0.510268612,,"",
"","100000007926536","FOS1","","",0.21459215,,"",
"","100000007926068","FOS1","","",0.543860359,,"",
"","100000007926041","FOS1","","",0.559077437,,"",
"","100000007925978","FOS1","","",0.446181213,,"",
"","100000007927070","FOS1","","",0.867160333,,"",
"","100000007922043","FOS1","","",0.638341472,,"",
"","100000007971475","FOS1","","",1.862296506,,"",
"","100000007971522","FOS1","","",2.792903318,,"",
"","100000007971277","FOS1","","",3.981292641,,"",
"","100000007970926","FOS1","","",1.315465721,,"",
"","100000007970970","FOS1","","",1.968576486,,"",
"","100000007973099","FOS1","","",2.182077907,,"",
"","100000007973267","FOS1","","",2.123093308,,"",
"","100000007973342","FOS1","","",2.265028239,,"",
"","100000007972124","FOS1","","",6.512633697,,"",
"","100000007972172","FOS1","","",6.792396313,,"",
"","100000007971947","FOS1","","",9.499149494,,"",
"","100000007971997","FOS1","","",4.571161393,,"",
"","100000007972024","FOS1","","",13.2629866,,"",
"","100000007972071","FOS1","","",1.443872906,,"",
"","100000007972107","FOS1","","",2.011093126,,"",
"","100000007960030","FOS1","","",7.286636544,,"",
"","100000007959837","FOS1","","",1.242836571,,"",
"","100000007960849","FOS1","","",2.849899502,,"",
"","100000007960913","FOS1","","",3.724873089,,"",
"","100000007960959","FOS1","","",4.824825426,,"",
"","100000007961026","FOS1","","",3.514738981,,"",
"","100000007960724","FOS1","","",3.892698446,,"",
"","100000007960850","FOS1","","",0.697787077,,"",
"","100000007961004","FOS1","","",1.128529103,,"",
"","100000007921763","FOS1","","",0.374898852,,"",
"","100000007921739","FOS1","","",0.854648779,,"",
"","100000007918280","FOS1","","",0.534447182,,"",
"","100000007926076","FOS1","","",0.27337618,,"",
"","100000007925974","FOS1","","",0.241670817,,"",
"","100000007926029","FOS1","","",0.294753995,,"",
"","100000007926589","FOS1","","",0.87613034,,"",
"","100000007920796","FOS1","","",2.072434444,,"",
"","100000007920830","FOS1","","",2.012400156,,"",
"","100000007975917","FOS1","","",12.04688614,,"",
"","100000007975822","FOS1","","",15.12497252,,"",
"","100000007973781","FOS1","","",2.774543461,,"",
"","100000007959877","FOS1","","",1.439238138,,"",
"","100000007962121","FOS1","","",1.778524059,,"",
"","100000007962192","FOS1","","",3.155395221,,"",
"","100000007961882","FOS1","","",2.849899502,,"",
"","100000007961934","FOS1","","",3.132031776,,"",
"","100000007962052","FOS1","","",3.455414605,,"",
"","100000007962122","FOS1","","",3.708283486,,"",
"","100000007962166","FOS1","","",3.724873089,,"",
"","100000007961935","FOS1","","",4.850158979,,"",
"","100000007960701","FOS1","","",1.692793655,,"",
"","100000007960775","FOS1","","",2.342788558,,"",
"","100000007960871","FOS1","","",7.617571446,,"",
"","100000007960980","FOS1","","",11.82097886,,"",
"","100000007921811","FOS1","","",1.738274004,,"",
"","100000007922858","FOS1","","",0.3727857,,"",
"","100000007922842","FOS1","","",0.477189238,,"",
"","100000007923555","FOS1","","",0.956695516,,"",
"","100000007923578","FOS1","","",0.901982975,,"",
"","100000007919746","FOS1","","",0.152093185,,"",
"","100000007919836","FOS1","","",0.077465806,,"",
"","100000007920746","FOS1","","",2.116714671,,"",
"","100000007920753","FOS1","","",2.288156856,,"",
"","100000007920797","FOS1","","",2.420337736,,"",
"","100000007974992","FOS1","","",3.158440413,,"",
"","100000007974894","FOS1","","",5.148324854,,"",
"","100000007975742","FOS1","","",6.296798182,,"",
"","100000007975845","FOS1","","",16.56677389,,"",
"","100000007975604","FOS1","","",2.964097123,,"",
"","100000007975717","FOS1","","",3.460516022,,"",
"","100000007975761","FOS1","","",5.415622586,,"",
"","100000007963692","FOS1","","",3.157592156,,"",
"","100000007963728","FOS1","","",4.515866777,,"",
"","100000007961981","FOS1","","",4.542693151,,"",
"","100000007962053","FOS1","","",3.893664818,,"",
"","100000007962097","FOS1","","",8.349661438,,"",
"","100000007966183","FOS1","","",9.506767229,,"",
"","100000007966101","FOS1","","",13.03523816,,"",
"","100000007918941","FOS1","","",5.37252313,,"",
"","100000007918978","FOS1","","",1.920552453,,"",
"","100000007918915","FOS1","","",3.441302897,,"",
"","100000007913852","FOS1","","",0.274643938,,"",
"","100000007913747","FOS1","","",0.029591832,,"",
"","100000007913823","FOS1","","",0.680947983,,"",
"","100000007913739","FOS1","","",0.111425834,,"",
"","100000007913757","FOS1","","",0.023524463,,"",
"","100000007931051","FOS1","","",1.285709603,,"",
"","100000007931067","FOS1","","",0.820021669,,"",
"","100000007931087","FOS1","","",0.758884321,,"",
"","100000007931096","FOS1","","",1.355015046,,"",
"","100000007931053","FOS1","","",2.661756434,,"",
"","100000007931061","FOS1","","",3.549558253,,"",
"","100000007931078","FOS1","","",3.616204758,,"",
"","100000007931082","FOS1","","",2.715916915,,"",
"","100000007931099","FOS1","","",4.709591287,,"",
"","100000007913332","FOS1","","",0.166443913,,"",
"","100000007914820","FOS1","","",0.114218569,,"",
"","100000007914378","FOS1","","",0.252890302,,"",
"","100000007914341","FOS1","","",0.312598533,,"",
"","100000007912779","FOS1","","",0.075390597,,"",
"","100000007912801","FOS1","","",0.091544107,,"",
"","100000007913041","FOS1","","",0.020053251,,"",
"","100000007913057","FOS1","","",0.030450882,,"",
"","100000007913084","FOS1","","",0.072751518,,"",
"","100000007913098","FOS1","","",0.057757336,,"",
"","100000007965853","FHS1","","",7.34,,"",
"","100000007966017","FHS1","","",10.4655,,"",
"","100000007965690","FHS1","","",1.6313,,"",
"","100000007977776","FHS1","","",6.9779,,"",
"","100000007977459","FHS1","","",6.916,,"",
"","100000007977588","FHS1","","",5.4962,,"",
"","100000007977686","FHS1","","",7.9636,,"",
"","100000007977754","FHS1","","",5.4632,,"",
"","100000007975822","FHS1","","",19.0453,,"",
"","100000007974992","FHS1","","",3.4083,,"",
"","100000007973070","FHS1","","",3.2483,,"",
"","100000007973151","FHS1","","",3.4696,,"",
"","100000007913142","FOS1","","",0.030604851,,"",
"","100000007913023","FOS1","","",0.038629081,,"",
"","100000007913117","FOS1","","",0.124054095,,"",
"","100000007913024","FOS1","","",0.373536078,,"",
"","100000007913042","FOS1","","",0.058126737,,"",
"","100000007914053","FOS1","","",0.858576036,,"",
"","100000007932048","FOS1","","",0.396185635,,"",
"","100000007931921","FOS1","","",0.37497434,,"",
"","100000007931986","FOS1","","",0.442590925,,"",
"","100000007931012","FOS1","","",3.830837725,,"",
"","100000007931018","FOS1","","",7.537116042,,"",
"","100000007931032","FOS1","","",4.89679399,,"",
"","100000007931040","FOS1","","",7.946058182,,"",
"","100000007913354","FOS1","","",0.0169389,,"",
"","100000007913372","FOS1","","",0.021210605,,"",
"","100000007913394","FOS1","","",0.048402647,,"",
"","100000007913364","FOS1","","",0.065643591,,"",
"","100000007913291","FOS1","","",0.367885394,,"",
"","100000007911854","FOS1","","",0.19859141,,"",
"","100000007912015","FOS1","","",0.142640053,,"",
"","100000007914431","FOS1","","",0.433628115,,"",
"","100000007914432","FOS1","","",0.181488214,,"",
"","100000007965856","FHS1","","",2.4013,,"",
"","100000007965431","FHS1","","",10.6564,,"",
"","100000007965477","FHS1","","",12.1783,,"",
"","100000007977484","FHS1","","",4.2736,,"",
"","100000007974894","FHS1","","",4.577,,"",
"","100000007978047","FHS1","","",40.644,,"",
"","100000007978072","FHS1","","",25.977,,"",
"","100000007977854","FHS1","","",67.4581,,"",
"","100000007973222","FHS1","","",4.7243,,"",
"","100000007913932","FOS1","","",0.14347771,,"",
"","100000007913948","FOS1","","",0.163897581,,"",
"","100000007913969","FOS1","","",0.196576036,,"",
"","100000007913996","FOS1","","",1.088521109,,"",
"","100000007932178","FOS1","","",0.361274388,,"",
"","100000007932211","FOS1","","",0.989666886,,"",
"","100000007932136","FOS1","","",0.573894284,,"",
"","100000007932169","FOS1","","",1.876542754,,"",
"","100000007932067","FOS1","","",0.383497623,,"",
"","100000007932083","FOS1","","",0.495875275,,"",
"","100000007932104","FOS1","","",0.604631938,,"",
"","100000007932077","FOS1","","",0.302193714,,"",
"","100000007932100","FOS1","","",0.304885021,,"",
"","100000007932002","FOS1","","",0.290375342,,"",
"","100000007933362","FOS1","","",0.98054734,,"",
"","100000007934081","FOS1","","",0.98054734,,"",
"","100000007934106","FOS1","","",0.98054734,,"",
"","100000007913308","FOS1","","",0.065110656,,"",
"","100000007913350","FOS1","","",0.165620557,,"",
"","100000007913365","FOS1","","",0.127153779,,"",
"","100000007970086","FHS1","","",128.5653,,"",
"","100000007970142","FHS1","","",88.2279,,"",
"","100000007966900","FHS1","","",3.3306,,"",
"","100000007966491","FHS1","","",5.1149,,"",
"","100000007977911","FHS1","","",100.6196,,"",
"","100000007978179","FHS1","","",40.1826,,"",
"","100000007978023","FHS1","","",20.324,,"",
"","100000007963694","FHS1","","",2.7306,,"",
"","100000007963730","FHS1","","",3.3234,,"",
"","100000007963771","FHS1","","",4.1236,,"",
"","100000007975095","FHS1","","",1.8457,,"",
"","100000007975142","FHS1","","",2.3625,,"",
"","100000007975164","FHS1","","",2.4966,,"",
"","100000007912515","FOS1","","",0.48865076,,"",
"","100000007912579","FOS1","","",0.320925926,,"",
"","100000007932111","FOS1","","",0.256212159,,"",
"","100000007932912","FOS1","","",0.961116642,,"",
"","100000007932819","FOS1","","",1.012947462,,"",
"","100000007932838","FOS1","","",1.105272823,,"",
"","100000007932034","FOS1","","",0.393955174,,"",
"","100000007931956","FOS1","","",0.205400731,,"",
"","100000007931973","FOS1","","",0.254452118,,"",
"","100000007931928","FOS1","","",0.418333562,,"",
"","100000007931940","FOS1","","",0.159770827,,"",
"","100000007913580","FOS1","","",0.119788541,,"",
"","100000007913598","FOS1","","",0.149786393,,"",
"","100000007913634","FOS1","","",0.137264103,,"",
"","100000007913658","FOS1","","",0.194343696,,"",
"","100000007913701","FOS1","","",0.222399107,,"",
"","100000007913588","FOS1","","",0.247757588,,"",
"","100000007913590","FOS1","","",0.72998405,,"",
"","100000007977982","FHS1","","",10.5585,,"",
"","100000007978004","FHS1","","",10.2806,,"",
"","100000007978052","FHS1","","",10.0075,,"",
"","100000007978095","FHS1","","",16.7455,,"",
"","100000007967393","FHS1","","",3.406,,"",
"","100000007967222","FHS1","","",3.9245,,"",
"","100000007963666","FHS1","","",2.4628,,"",
"","100000007910915","FOS1","","",0.007587879,,"",
"","100000007910711","FOS1","","",0.047030543,,"",
"","100000007910810","FOS1","","",0.066956649,,"",
"","100000007912769","FOS1","","",0.895796145,,"",
"","100000007912544","FOS1","","",0.427445663,,"",
"","100000007912612","FOS1","","",0.207955462,,"",
"","100000007913744","FOS1","","",0.316201756,,"",
"","100000007913773","FOS1","","",0.055712917,,"",
"","100000007932899","FOS1","","",1.178345974,,"",
"","100000007932920","FOS1","","",1.252279501,,"",
"","100000007932845","FOS1","","",1.43453291,,"",
"","100000007932860","FOS1","","",1.014231874,,"",
"","100000007932880","FOS1","","",1.015322891,,"",
"","100000007932893","FOS1","","",1.523022752,,"",
"","100000007932913","FOS1","","",1.126002131,,"",
"","100000007932820","FOS1","","",0.77279776,,"",
"","100000007933460","FOS1","","",0.210680332,,"",
"","100000007933480","FOS1","","",0.103081021,,"",
"","100000007934033","FOS1","","",0.719315663,,"",
"","100000007934699","FOS1","","",2.664138814,,"",
"","100000007914603","FOS1","","",55.63971763,,"",
"","100000007913631","FOS1","","",0.252672,,"",
"","100000007913646","FOS1","","",0.251437175,,"",
"","100000007913668","FOS1","","",0.415445011,,"",
"","100000007913584","FOS1","","",0.2768025,,"",
"","100000007913599","FOS1","","",0.320748564,,"",
"","100000007913622","FOS1","","",0.465187712,,"",
"","100000007914803","FOS1","","",0.167647041,,"",
"","100000007910192","FOS1","","",0.325531309,,"",
"","100000007910266","FOS1","","",0.178029737,,"",
"","100000007913122","FOS1","","",0.064575562,,"",
"","100000007913140","FOS1","","",0.097807121,,"",
"","100000007969623","FHS1","","",4.4762,,"",
"","100000007966873","FHS1","","",5.5298,,"",
"","100000007966436","FHS1","","",5.8598,,"",
"","100000007966527","FHS1","","",5.0092,,"",
"","100000007966591","FHS1","","",7.4132,,"",
"","100000007963692","FHS1","","",3.4666,,"",
"","100000007963728","FHS1","","",5.1547,,"",
"","100000007963755","FHS1","","",1.6508,,"",
"","100000007963614","FHS1","","",1.904,,"",
"","100000007910952","FOS1","","",0.108058424,,"",
"","100000007910811","FOS1","","",0.085232635,,"",
"","100000007910802","FOS1","","",0.009738183,,"",
"","100000007913790","FOS1","","",0.033675363,,"",
"","100000007913819","FOS1","","",0.232260961,,"",
"","100000007913846","FOS1","","",0.072055373,,"",
"","100000007913707","FOS1","","",0.494483091,,"",
"","100000007913745","FOS1","","",0.145805836,,"",
"","100000007913764","FOS1","","",1.379918729,,"",
"","100000007913809","FOS1","","",3.73193235,,"",
"","100000007913708","FOS1","","",0.139308334,,"",
"","100000007913732","FOS1","","",0.041559038,,"",
"","100000007932839","FOS1","","",0.907333758,,"",
"","100000007932856","FOS1","","",0.868827841,,"",
"","100000007933534","FOS1","","",1.012242605,,"",
"","100000007934140","FOS1","","",0.288605448,,"",
"","100000007934155","FOS1","","",0.634064087,,"",
"","100000007933233","FOS1","","",1.089497045,,"",
"","100000007934345","FOS1","","",0.394071206,,"",
"","100000007933440","FOS1","","",0.085656337,,"",
"","100000007933472","FOS1","","",1.084121533,,"",
"","100000007932271","FOS1","","",0.398934247,,"",
"","100000007914899","FOS1","","",0.117706386,,"",
"","100000007914504","FOS1","","",0.070727325,,"",
"","100000007914481","FOS1","","",0.183326916,,"",
"","100000007914305","FOS1","","",0.079783775,,"",
"","100000007914329","FOS1","","",0.081826019,,"",
"","100000007914342","FOS1","","",0.100194852,,"",
"","100000007914362","FOS1","","",0.11839594,,"",
"","100000007914374","FOS1","","",0.302991297,,"",
"","100000007914281","FOS1","","",0.110789131,,"",
"","100000007914298","FOS1","","",0.119574707,,"",
"","100000007914320","FOS1","","",0.125559593,,"",
"","100000007913032","FOS1","","",0.114310973,,"",
"","100000007913058","FOS1","","",0.182515048,,"",
"","100000007913115","FOS1","","",0.306792463,,"",
"","100000007913076","FOS1","","",0.011562568,,"",
"","100000007913091","FOS1","","",0.018756576,,"",
"","100000007913116","FOS1","","",0.02078342,,"",
"","100000007969860","FHS1","","",5.6828,,"",
"","100000007971499","FHS1","","",0.8121,,"",
"","100000007971542","FHS1","","",1.1809,,"",
"","100000007964183","FHS1","","",8.4964,,"",
"","100000007913037","FOS1","","",0.572368878,,"",
"","100000007913096","FOS1","","",0.093286786,,"",
"","100000007913130","FOS1","","",0.020151312,,"",
"","100000007913030","FOS1","","",0.268659736,,"",
"","100000007913048","FOS1","","",0.04506556,,"",
"","100000007913074","FOS1","","",0.030923021,,"",
"","100000007913765","FOS1","","",0.441246303,,"",
"","100000007913784","FOS1","","",0.078740923,,"",
"","100000007913810","FOS1","","",0.054684296,,"",
"","100000007913827","FOS1","","",0.420534286,,"",
"","100000007913863","FOS1","","",0.107216414,,"",
"","100000007913719","FOS1","","",0.910534515,,"",
"","100000007934205","FOS1","","",0.183061726,,"",
"","100000007934115","FOS1","","",0.406837277,,"",
"","100000007934167","FOS1","","",0.123028266,,"",
"","100000007934180","FOS1","","",0.443456463,,"",
"","100000007934399","FOS1","","",0.209598722,,"",
"","100000007934244","FOS1","","",0.39532747,,"",
"","100000007934215","FOS1","","",0.81441849,,"",
"","100000007935054","FOS1","","",0.212134114,,"",
"","100000007935070","FOS1","","",0.231091138,,"",
"","100000007935092","FOS1","","",0.149574793,,"",
"","100000007934988","FOS1","","",0.334559676,,"",
"","100000007935009","FOS1","","",0.356920138,,"",
"","100000007935023","FOS1","","",0.735710483,,"",
"","100000007932312","FOS1","","",0.348457512,,"",
"","100000007932219","FOS1","","",0.332932064,,"",
"","100000007933382","FOS1","","",1.209589333,,"",
"","100000007912391","FOS1","","",0.238069244,,"",
"","100000007914404","FOS1","","",0.270780968,,"",
"","100000007914336","FOS1","","",0.173151092,,"",
"","100000007914368","FOS1","","",0.119423332,,"",
"","100000007914275","FOS1","","",0.17792744,,"",
"","100000007914290","FOS1","","",0.165469793,,"",
"","100000007914314","FOS1","","",0.1746342,,"",
"","100000007914383","FOS1","","",0.292922663,,"",
"","100000007976373","FHS1","","",6.644,,"",
"","100000007976423","FHS1","","",10.9994,,"",
"","100000007976495","FHS1","","",15.9451,,"",
"","100000007976540","FHS1","","",28.5289,,"",
"","100000007976608","FHS1","","",3.4696,,"",
"","100000007976289","FHS1","","",4.0602,,"",
"","100000007976350","FHS1","","",5.5364,,"",
"","100000007976398","FHS1","","",4.4528,,"",
"","100000007976472","FHS1","","",8.6149,,"",
"","100000007977892","FHS1","","",10.6425,,"",
"","100000007977942","FHS1","","",10.6453,,"",
"","100000007978005","FHS1","","",13.9975,,"",
"","100000007974458","FHS1","","",4.614,,"",
"","100000007974308","FHS1","","",3.9487,,"",
"","100000007973781","FHS1","","",3.007,,"",
"","100000007971610","FHS1","","",1.0338,,"",
"","100000007971294","FHS1","","",1.8358,,"",
"","100000007913097","FOS1","","",0.173342827,,"",
"","100000007913114","FOS1","","",0.068512986,,"",
"","100000007913139","FOS1","","",0.403376773,,"",
"","100000007913031","FOS1","","",0.126090239,,"",
"","100000007913049","FOS1","","",0.578128507,,"",
"","100000007914031","FOS1","","",3.293024677,,"",
"","100000007934405","FOS1","","",0.298792588,,"",
"","100000007934423","FOS1","","",0.255602768,,"",
"","100000007934448","FOS1","","",0.190843866,,"",
"","100000007934468","FOS1","","",0.241796969,,"",
"","100000007934286","FOS1","","",0.236185388,,"",
"","100000007934304","FOS1","","",0.163212289,,"",
"","100000007934325","FOS1","","",0.1601574,,"",
"","100000007934222","FOS1","","",0.157524127,,"",
"","100000007913238","FOS1","","",2.745977107,,"",
"","100000007913253","FOS1","","",3.754802997,,"",
"","100000007976518","FHS1","","",9.6977,,"",
"","100000007965854","FHS1","","",6.5228,,"",
"","100000007965930","FHS1","","",8.0538,,"",
"","100000007965975","FHS1","","",11.9466,,"",
"","100000007965973","FHS1","","",12.884,,"",
"","100000007978053","FHS1","","",13.8551,,"",
"","100000007978120","FHS1","","",16.8238,,"",
"","100000007978160","FHS1","","",16.774,,"",
"","100000007978117","FHS1","","",27.8194,,"",
"","100000007978158","FHS1","","",24.7383,,"",
"","100000007974480","FHS1","","",8.7753,,"",
"","100000007978439","FHS1","","",9.0777,,"",
"","100000007978204","FHS1","","",8.3385,,"",
"","100000007975742","FHS1","","",9.6706,,"",
"","100000007971475","FHS1","","",2.8491,,"",
"","100000007971522","FHS1","","",3.5089,,"",
"","100000007971277","FHS1","","",6.5111,,"",
"","100000007971377","FHS1","","",9.7204,,"",
"","100000007971124","FHS1","","",0.9792,,"",
"","100000007971196","FHS1","","",1.063,,"",
"","100000007970926","FHS1","","",1.6692,,"",
"","100000007963329","SEE1","","",5.4615,,"",
"","100000007963381","SEE1","","",6.7692,,"",
"","100000007963421","SEE1","","",12.605991,,"",
"","100000007962570","SEE1","","",5.8894,,"",
"","100000007962246","SEE1","","",7.5385,,"",
"","100000007962321","SEE1","","",11.4912,,"",
"","100000007962372","SEE1","","",20.4762,,"",
"","100000007962501","SEE1","","",4.3704,,"",
"","100000007965905","SEE1","","",21.1099,,"",
"","100000007966016","SEE1","","",13.446429,,"",
"","100000007965688","SEE1","","",13.3695,,"",
"","100000007965805","SEE1","","",26.16732,,"",
"","100000008007715","SEE1","","",9.222,,"",
"","100000008008107","SEE1","","",11.492,,"",
"","100000008006790","SEE1","","",22.8006,,"",
"","100000008007446","SEE1","","",1.058444,,"",
"","100000008007622","SEE1","","",0.952086,,"",
"","100000008007178","SEE1","","",3.763,,"",
"","100000008008033","SEE1","","",28.34,,"",
"","100000007995006","SEE1","","",29.90938333,,"",
"","100000007994534","SEE1","","",47.56775,,"",
"","100000008006938","SEE1","","",2.5556,,"",
"","100000007981494","SEE1","","",6.031339623,,"",
"","100000007981572","SEE1","","",6.360245283,,"",
"","100000007981625","SEE1","","",6.203471698,,"",
"","100000007981471","SEE1","","",8.117735849,,"",
"","100000007965853","SEE1","","",11.3429,,"",
"","100000007966017","SEE1","","",17,,"",
"","100000007970086","SEE1","","",146.63976,,"",
"","100000007970142","SEE1","","",82.9124,,"",
"","100000008006914","SEE1","","",2.5854,,"",
"","100000008001016","SEE1","","",111.34197,,"",
"","100000008000648","SEE1","","",41.85,,"",
"","100000008000803","SEE1","","",29.6514,,"",
"","100000008001044","SEE1","","",50.6532,,"",
"","100000008007938","SEE1","","",0.774145,,"",
"","100000007981547","SEE1","","",7.531566038,,"",
"","100000007981600","SEE1","","",7.362754717,,"",
"","100000007981445","SEE1","","",10.4705283,,"",
"","100000007981521","SEE1","","",11.22707547,,"",
"","100000008000234","SEE1","","",12.307782,,"",
"","100000008000482","SEE1","","",23.75,,"",
"","100000008000725","SEE1","","",22.09,,"",
"","100000008000880","SEE1","","",28.544176,,"",
"","100000008000823","SEE1","","",115.0741,,"",
"","100000007969623","SEE1","","",5.074482759,,"",
"","100000007969860","SEE1","","",6.379137931,,"",
"","100000007999710","SEE1","","",43.2744,,"",
"","100000007998391","SEE1","","",56.457508,,"",
"","100000007984936","SEE1","","",35.73810345,,"",
"","100000007985044","SEE1","","",28.77594828,,"",
"","100000007985018","SEE1","","",8.114965517,,"",
"","100000007985260","SEE1","","",5.073155172,,"",
"","100000007970006","SEE1","","",30.6552,,"",
"","100000007974308","SEE1","","",6.613758621,,"",
"","100000008001129","SEE1","","",40.7286,,"",
"","100000007999958","SEE1","","",31.694,,"",
"","100000007949633","SEE1","","",18.560048,,"",
"","100000007949656","SEE1","","",5.560596,,"",
"","100000007949670","SEE1","","",6.745601,,"",
"","100000007973958","SEE1","","",2.659827586,,"",
"","100000007974009","SEE1","","",4.918189655,,"",
"","100000007973781","SEE1","","",4.396637931,,"",
"","100000008000901","SEE1","","",21.102125,,"",
"","100000007949639","SEE1","","",457.007461,,"",
"","100000007949657","SEE1","","",19.2125,,"",
"","100000007949676","SEE1","","",4.143646,,"",
"","100000007969533","SEE1","","",11.29858621,,"",
"","100000007971790","SEE1","","",2.028189655,,"",
"","100000007975845","SEE1","","",36.40986207,,"",
"","100000007998745","SEE1","","",38.447676,,"",
"","100000007999817","SEE1","","",103.55,,"",
"","100000007984965","SEE1","","",46.35127586,,"",
"","100000007985047","SEE1","","",9.23,,"",
"","100000007985103","SEE1","","",9.575327586,,"",
"","100000007985180","SEE1","","",9.593706897,,"",
"","100000007985233","SEE1","","",9.758275862,,"",
"","100000007984882","SEE1","","",79.69662069,,"",
"","100000007974480","SEE1","","",12.82244828,,"",
"","100000007949692","SEE1","","",3.015474,,"",
"","100000007949708","SEE1","","",7.520032,,"",
"","100000007949741","SEE1","","",9.0312,,"",
"","100000007949647","SEE1","","",11.982568,,"",
"","100000007949662","SEE1","","",12.2692,,"",
"","100000007949685","SEE1","","",14.24226,,"",
"","100000007975742","SEE1","","",16.50237931,,"",
"","100000007980190","SEE1","","",40.34883019,,"",
"","100000007979888","SEE1","","",37.93590566,,"",
"","100000007949693","SEE1","","",19.172265,,"",
"","100000007950546","SEE1","","",2.705388,,"",
"","100000007950561","SEE1","","",12.645675,,"",
"","100000007950588","SEE1","","",8.244966,,"",
"","100000007950604","SEE1","","",3.48243,,"",
"","100000007975604","SEE1","","",5.241172414,,"",
"","100000007975717","SEE1","","",6.859827586,,"",
"","100000007975761","SEE1","","",13.15962069,,"",
"","100000007975917","SEE1","","",19.18963793,,"",
"","100000007998397","SEE1","","",106.27239,,"",
"","100000007999069","SEE1","","",25.513905,,"",
"","100000007999283","SEE1","","",39.233992,,"",
"","100000007950555","SEE1","","",4.747785,,"",
"","100000007950573","SEE1","","",2.948064,,"",
"","100000007985141","SEE1","","",44.09896552,,"",
"","100000007974168","SEE1","","",2.22362069,,"",
"","100000007974209","SEE1","","",2.455344828,,"",
"","100000007978117","SEE1","","",39.17481132,,"",
"","100000007978158","SEE1","","",38.23415094,,"",
"","100000007977863","SEE1","","",42.58492453,,"",
"","100000007949698","SEE1","","",211.913763,,"",
"","100000007949721","SEE1","","",222.949799,,"",
"","100000007979954","SEE1","","",32.07418868,,"",
"","100000007980000","SEE1","","",38.37035849,,"",
"","100000007980110","SEE1","","",28.20333962,,"",
"","100000007980215","SEE1","","",30.4099434,,"",
"","100000007980169","SEE1","","",27.26937736,,"",
"","100000007979908","SEE1","","",43.50433962,,"",
"","100000007979952","SEE1","","",42.45854717,,"",
"","100000007980043","SEE1","","",71.22935849,,"",
"","100000007980108","SEE1","","",58.66624528,,"",
"","100000007980149","SEE1","","",14.13186792,,"",
"","100000007980213","SEE1","","",11.91679245,,"",
"","100000007950630","SEE1","","",2.6082,,"",
"","100000007950531","SEE1","","",18.250624,,"",
"","100000007951398","SEE1","","",76.4935,,"",
"","100000007951456","SEE1","","",159.975235,,"",
"","100000007951342","SEE1","","",323.649648,,"",
"","100000007975822","SEE1","","",29.86963793,,"",
"","100000007974992","SEE1","","",4.699051724,,"",
"","100000007974894","SEE1","","",7.865293103,,"",
"","100000007979752","SEE1","","",7.093301887,,"",
"","100000007979815","SEE1","","",7.168320755,,"",
"","100000007950598","SEE1","","",6.831064,,"",
"","100000007950612","SEE1","","",3.317,,"",
"","100000007991195","SEE1","","",7.3125,,"",
"","100000007991264","SEE1","","",6.3438,,"",
"","100000007991127","SEE1","","",9.3125,,"",
"","100000007991133","SEE1","","",9.9333,,"",
"","100000007991426","SEE1","","",22.6296,,"",
"","100000007977920","SEE1","","",39.66803774,,"",
"","100000007978028","SEE1","","",31.87598113,,"",
"","100000007978094","SEE1","","",26.43411321,,"",
"","100000007978181","SEE1","","",86.21075472,,"",
"","100000007977864","SEE1","","",169.5799057,,"",
"","100000007979953","SEE1","","",76.29756604,,"",
"","100000007979999","SEE1","","",59.39769811,,"",
"","100000007980064","SEE1","","",40.71630189,,"",
"","100000007980150","SEE1","","",61.65209434,,"",
"","100000007979909","SEE1","","",20.74415094,,"",
"","100000007979931","SEE1","","",26.72928302,,"",
"","100000007979932","SEE1","","",27.91879245,,"",
"","100000007980022","SEE1","","",32.25792453,,"",
"","100000007979838","SEE1","","",5.12754717,,"",
"","100000007979521","SEE1","","",7.131566038,,"",
"","100000007979573","SEE1","","",6.103301887,,"",
"","100000007979624","SEE1","","",5.704471698,,"",
"","100000007979699","SEE1","","",8.15490566,,"",
"","100000007984692","SEE1","","",17.65062069,,"",
"","100000007979622","SEE1","","",7.222886792,,"",
"","100000007979558","SEE1","","",67.23828302,,"",
"","100000007979166","SEE1","","",5.872018868,,"",
"","100000007979218","SEE1","","",6.283566038,,"",
"","100000007979263","SEE1","","",5.503320755,,"",
"","100000007979336","SEE1","","",9.938867925,,"",
"","100000007979385","SEE1","","",8.988754717,,"",
"","100000007947903","SEE1","","",16.657158,,"",
"","100000007948777","SEE1","","",9.40962,,"",
"","100000007948797","SEE1","","",10.537672,,"",
"","100000007948828","SEE1","","",8.745,,"",
"","100000007948853","SEE1","","",8.900078,,"",
"","100000007948877","SEE1","","",9.72709,,"",
"","100000007980214","SEE1","","",60.35401887,,"",
"","100000007979910","SEE1","","",47.29916981,,"",
"","100000007979977","SEE1","","",54.58624528,,"",
"","100000007980086","SEE1","","",76.29732075,,"",
"","100000007892613","AMP1","","",0.453529788,,"",
"","100000007893390","AMP1","","",0.509379954,,"",
"","100000007893015","AMP1","","",0.952152375,,"",
"","100000007892996","AMP1","","",1.75690554,,"",
"","100000007893010","AMP1","","",0.181113595,,"",
"","100000007892990","AMP1","","",0.092483049,,"",
"","100000007892999","AMP1","","",0.569019065,,"",
"","100000007893006","AMP1","","",0.605484113,,"",
"","100000007893065","AMP1","","",40.68959678,,"",
"","100000307430437","AMP1","","",15.7173,,"",
"","100000307430437","AMP1","","",0.1572,,"",
"","100000307430438","AMP1","","",18.514,,"",
"","100000307430438","AMP1","","",0.1851,,"",
"","100000307430439","AMP1","","",19.8945,,"",
"","100000307430439","AMP1","","",0.1989,,"",
"","100000307430463","AMP1","","",167.8692,,"",
"","100000307430464","AMP1","","",176.5609,,"",
"","100000307430465","AMP1","","",207.6039,,"",
"","100000307430466","AMP1","","",110.6724,,"",
"","100000307430467","AMP1","","",115.2952,,"",
"","100000307430471","AMP1","","",156.3483,,"",
"","100000307430440","AMP1","","",25.0432,,"",
"","100000307430440","AMP1","","",0.2504,,"",
"","100000307430441","AMP1","","",28.9559,,"",
"","100000307430441","AMP1","","",0.2896,,"",
"","100000307430442","AMP1","","",30.5809,,"",
"","100000307430442","AMP1","","",0.3058,,"",
"","100000307430443","AMP1","","",32.7988,,"",
"","100000307430472","AMP1","","",7.9437,,"",
"","100000307430472","AMP1","","",0.0794,,"",
"","100000307430473","AMP1","","",15.3524,,"",
"","100000307430473","AMP1","","",0.1535,,"",
"","100000307430474","AMP1","","",18.3826,,"",
"","100000307430475","AMP1","","",21.8882,,"",
"","100000307430424","AMP1","","",9.6157,,"",
"","100000307430425","AMP1","","",9.9717,,"",
"","100000307430426","AMP1","","",13.6642,,"",
"","100000307430427","AMP1","","",16.2006,,"",
"","100000307430428","AMP1","","",19.6041,,"",
"","100000307430429","AMP1","","",21.3469,,"",
"","100000307430430","AMP1","","",24.4392,,"",
"","100000307430431","AMP1","","",25.2358,,"",
"","100000307430448","AMP1","","",9.4374,,"",
"","100000307430448","AMP1","","",0.0944,,"",
"","100000307430449","AMP1","","",14.1654,,"",
"","100000307438641","AMP1","","",16.2126,,"",
"","100000307430434","AMP1","","",11.8535,,"",
"","100000307430434","AMP1","","",0.1185,,"",
"","100000307438624","AMP1","","",9.4749,,"",
"","100000307438624","AMP1","","",0.0947,,"",
"","100000307438625","AMP1","","",11.8034,,"",
"","100000307438625","AMP1","","",0.118,,"",
"","100000307430568","AMP1","","",8.2994,,"",
"","100000307430569","AMP1","","",12.0823,,"",
"","100000307430570","AMP1","","",17.2944,,"",
"","100000307430571","AMP1","","",21.79,,"",
"","100000307430572","AMP1","","",27.5808,,"",
"","100000307430573","AMP1","","",29.9613,,"",
"","100000307430574","AMP1","","",38.5065,,"",
"","100000307430575","AMP1","","",42.6965,,"",
"","100000307430576","AMP1","","",49.4264,,"",
"","100000307430577","AMP1","","",50.8512,,"",
"","100000307438645","AMP1","","",26.9914,,"",
"","100000307438645","AMP1","","",0.2699,,"",
"","100000007893990","AMP1","","",81.07088741,,"",
"","100000307438626","AMP1","","",14.6432,,"",
"","100000307438626","AMP1","","",0.1464,,"",
"","100000307438627","AMP1","","",17.0014,,"",
"","100000307438627","AMP1","","",0.17,,"",
"","100000307438628","AMP1","","",20.4516,,"",
"","100000307438628","AMP1","","",0.2045,,"",
"","100000307438629","AMP1","","",21.9677,,"",
"","100000307438629","AMP1","","",0.2197,,"",
"","100000307438630","AMP1","","",24.6531,,"",
"","100000307438630","AMP1","","",0.2465,,"",
"","100000307438631","AMP1","","",25.754,,"",
"","100000307430578","AMP1","","",55.6174,,"",
"","100000007896049","AMP1","","",1.291871105,,"",
"","100000007896635","AMP1","","",29.7015394,,"",
"","100000007896856","AMP1","","",51.18274268,,"",
"","100000007896874","AMP1","","",45.47282005,,"",
"","100000007896883","AMP1","","",51.7304104,,"",
"","100000007896901","AMP1","","",4.118601223,,"",
"","100000307438631","AMP1","","",0.2575,,"",
"","100000307438632","AMP1","","",26.8342,,"",
"","100000307438633","AMP1","","",31.2197,,"",
"","100000007896585","AMP1","","",39.48839907,,"",
"","100000007896692","AMP1","","",4.603189915,,"",
"","100000007896665","AMP1","","",12.28496294,,"",
"","100000007896111","AMP1","","",2.61701036,,"",
"","100000007895999","AMP1","","",1.291871105,,"",
"","100000007895943","AMP1","","",66.00235046,,"",
"","100000007896919","AMP1","","",2.34094303,,"",
"","100000007896857","AMP1","","",2.638524604,,"",
"","100000007896884","AMP1","","",2.52563287,,"",
"","100000007897186","AMP1","","",3.936789908,,"",
"","100000007896631","AMP1","","",39.08834698,,"",
"","100000007896634","AMP1","","",39.54758685,,"",
"","100000007896650","AMP1","","",29.76688511,,"",
"","100000007895951","AMP1","","",2.199100789,,"",
"","100000007892252","AMP1","","",1.499669687,,"",
"","100000007897192","AMP1","","",11.88823363,,"",
"","100000007893042","AMP1","","",0.681817935,,"",
"","100000007893331","AMP1","","",0.201002687,,"",
"","100000007893343","AMP1","","",0.172182059,,"",
"","100000007893376","AMP1","","",0.160448338,,"",
"","100000007893295","AMP1","","",0.44615101,,"",
"","100000007896703","AMP1","","",18.74992304,,"",
"","100000007893009","AMP1","","",44.86991988,,"",
"","100000007892997","AMP1","","",4.077192351,,"",
"","100000007892945","AMP1","","",0.367948802,,"",
"","100000007892956","AMP1","","",0.633980303,,"",
"","100000007893064","AMP1","","",0.585981173,,"",
"","100000007892234","AMP1","","",1.793273436,,"",
"","100000007892238","AMP1","","",1.33815159,,"",
"","100000007892248","AMP1","","",0.49842795,,"",
"","100000007892206","AMP1","","",1.550427694,,"",
"","100000007893321","AMP1","","",0.279947278,,"",
"","100000007897440","AMP1","","",37.4527253,,"",
"","100000007897402","AMP1","","",11.46091258,,"",
"","100000007897409","AMP1","","",5.098963574,,"",
"","100000007893044","AMP1","","",0.695040824,,"",
"","100000007893058","AMP1","","",33.63498995,,"",
"","100000307430449","AMP1","","",0.1417,,"",
"","100000307430450","AMP1","","",15.3737,,"",
"","100000307430450","AMP1","","",0.1537,,"",
"","100000307430451","AMP1","","",17.4212,,"",
"","100000307430451","AMP1","","",0.1742,,"",
"","100000307430452","AMP1","","",21.0531,,"",
"","100000307430452","AMP1","","",0.2105,,"",
"","100000307430453","AMP1","","",23.3443,,"",
"","100000307430453","AMP1","","",0.2334,,"",
"","100000007900071","AMP1","","",76.43124641,,"",
"","100000307430454","AMP1","","",27.7306,,"",
"","100000307430454","AMP1","","",0.2773,,"",
"","100000307430455","AMP1","","",30.1269,,"",
"","100000307430455","AMP1","","",0.3013,,"",
"","100000307430456","AMP1","","",31.3665,,"",
"","100000307430456","AMP1","","",0.3137,,"",
"","100000307430457","AMP1","","",33.5808,,"",
"","100000307430461","AMP1","","",139.3803,,"",
"","100000007900083","AMP1","","",222.1992576,,"",
"","100000007900087","AMP1","","",69.99445746,,"",
"","100000007900058","AMP1","","",173.9565132,,"",
"","100000007902259","AMP1","","",66.72478914,,"",
"","100000307438586","AMP1","","",123.2053,,"",
"","100000307430462","AMP1","","",158.257,,"",
"","100000007895688","AMP1","","",45.7440357,,"",
"","100000007895694","AMP1","","",45.74242567,,"",
"","100000307438587","AMP1","","",117.3094,,"",
"","100000307438669","AMP1","","",58.2016,,"",
"","100000307438670","AMP1","","",100.3054,,"",
"","100000007904122","AMP1","","",73.24580074,,"",
"","100000007904175","AMP1","","",108.7495608,,"",
"","100000307438613","AMP1","","",19.464,,"",
"","100000307438614","AMP1","","",24.4196,,"",
"","100000307438615","AMP1","","",31.2924,,"",
"","100000007895697","AMP1","","",92.99439123,,"",
"","100000007895702","AMP1","","",147.0477158,,"",
"","100000007895935","AMP1","","",2.199100789,,"",
"","100000007897202","AMP1","","",16.67685941,,"",
"","100000007897188","AMP1","","",40.41041036,,"",
"","100000007897193","AMP1","","",48.99081359,,"",
"","100000007897203","AMP1","","",38.80343086,,"",
"","100000307438617","AMP1","","",43.6347,,"",
"","100000007896596","AMP1","","",1.291871105,,"",
"","100000007896612","AMP1","","",50.83562732,,"",
"","100000007895905","AMP1","","",22.29716597,,"",
"","100000007895917","AMP1","","",16.5677631,,"",
"","100000007896137","AMP1","","",16.72050638,,"",
"","100000007895986","AMP1","","",2.455928275,,"",
"","100000007895946","AMP1","","",3.691733378,,"",
"","100000007895954","AMP1","","",7.335337783,,"",
"","100000007897182","AMP1","","",44.85065295,,"",
"","100000007897141","AMP1","","",38.8452638,,"",
"","100000007896991","AMP1","","",44.60780541,,"",
"","100000007897085","AMP1","","",37.47471876,,"",
"","100000007897111","AMP1","","",38.20974082,,"",
"","100000007896576","AMP1","","",15.60857019,,"",
"","100000007896580","AMP1","","",14.85155143,,"",
"","100000007896584","AMP1","","",24.10967941,,"",
"","100000007896588","AMP1","","",24.45311146,,"",
"","100000007896567","AMP1","","",15.60837203,,"",
"","100000007896579","AMP1","","",24.43697755,,"",
"","100000007896583","AMP1","","",9.031234497,,"",
"","100000007896587","AMP1","","",9.832530565,,"",
"","100000007896332","AMP1","","",15.54299041,,"",
"","100000007896294","AMP1","","",2.199100789,,"",
"","100000007896591","AMP1","","",10.02632443,,"",
"","100000007896569","AMP1","","",16.92417724,,"",
"","100000007893003","AMP1","","",0.664998237,,"",
"","100000007893007","AMP1","","",0.999029906,,"",
"","100000007895679","AMP1","","",175.1464766,,"",
"","100000007895685","AMP1","","",175.1464766,,"",
"","100000007916340","AMP1","","",0.070186456,,"",
"","100000007916349","AMP1","","",0.170226395,,"",
"","100000007913935","AMP1","","",4.294449702,,"",
"","100000007914978","AMP1","","",34.90312187,,"",
"","100000007914999","AMP1","","",34.90312187,,"",
"","100000007915018","AMP1","","",34.90312187,,"",
"","100000007915032","AMP1","","",1.092807817,,"",
"","100000307438731","AMP1","","",12.4529,,"",
"","100000307438732","AMP1","","",14.2673,,"",
"","100000007914954","AMP1","","",350.9876529,,"",
"","100000007891471","AMP1","","",172.4100923,,"",
"","100000307430403","AMP1","","",14.4191,,"",
"","100000007901532","AMP1","","",47.26822652,,"",
"","100000007901315","AMP1","","",99.12386957,,"",
"","100000007915335","AMP1","","",16.62998407,,"",
"","100000007916579","AMP1","","",3.351653704,,"",
"","100000007916564","AMP1","","",20.5104757,,"",
"","100000007915027","AMP1","","",1.031971412,,"",
"","100000007916659","AMP1","","",3.155374724,,"",
"","100000007916675","AMP1","","",3.091594832,,"",
"","100000007898192","AMP1","","",34.16810267,,"",
"","100000007898201","AMP1","","",53.61452813,,"",
"","100000007898182","AMP1","","",39.98324779,,"",
"","100000007916625","AMP1","","",32.04100299,,"",
"","100000007916649","AMP1","","",32.7909055,,"",
"","100000007916668","AMP1","","",43.47031848,,"",
"","100000007916617","AMP1","","",1.861437747,,"",
"","100000007916581","AMP1","","",2.808714327,,"",
"","100000007916632","AMP1","","",3.578798318,,"",
"","100000007916640","AMP1","","",4.495988558,,"",
"","100000007916676","AMP1","","",4.175280874,,"",
"","100000007916563","AMP1","","",5.030256436,,"",
"","100000007898194","AMP1","","",2.290744324,,"",
"","100000307430554","AMP1","","",76.5287,,"",
"","100000007901533","AMP1","","",44.48052346,,"",
"","100000007901300","AMP1","","",51.03939306,,"",
"","100000007901350","AMP1","","",372.6941512,,"",
"","100000007916607","AMP1","","",1.8234635,,"",
"","100000007917790","AMP1","","",10.99910466,,"",
"","100000007916578","AMP1","","",4.472133229,,"",
"","100000007916589","AMP1","","",5.85136491,,"",
"","100000007895676","AMP1","","",10.40177295,,"",
"","100000007895680","AMP1","","",4.94282235,,"",
"","100000007917800","AMP1","","",13.13329062,,"",
"","100000007917814","AMP1","","",34.0151035,,"",
"","100000007917846","AMP1","","",21.55215299,,"",
"","100000007917871","AMP1","","",25.56220061,,"",
"","100000007917888","AMP1","","",16.45530782,,"",
"","100000007917791","AMP1","","",30.22005615,,"",
"","100000007917672","AMP1","","",6.761736563,,"",
"","100000007917675","AMP1","","",8.610454991,,"",
"","100000007917729","AMP1","","",9.552602049,,"",
"","100000007895661","AMP1","","",5.61157621,,"",
"","100000007895663","AMP1","","",3.147594138,,"",
"","100000007895673","AMP1","","",4.334573534,,"",
"","100000007895677","AMP1","","",4.334573534,,"",
"","100000007895668","AMP1","","",236.1747716,,"",
"","100000007917802","AMP1","","",16.0648467,,"",
"","100000007917815","AMP1","","",19.13879491,,"",
"","100000007916360","AMP1","","",0.456460011,,"",
"","100000007916368","AMP1","","",0.638004205,,"",
"","100000307438739","AMP1","","",9.1898,,"",
"","100000007895701","AMP1","","",101.6533415,,"",
"","100000007895713","AMP1","","",36.57333265,,"",
"","100000007895716","AMP1","","",74.06062904,,"",
"","100000007895691","AMP1","","",35.84489951,,"",
"","100000007916369","AMP1","","",1.076673927,,"",
"","100000007916403","AMP1","","",0.736699327,,"",
"","100000007916426","AMP1","","",1.597436953,,"",
"","100000307438740","AMP1","","",11.4294,,"",
"","100000307438741","AMP1","","",10.7902,,"",
"","100000307438742","AMP1","","",12.5932,,"",
"","100000007891913","AMP1","","",0.291740265,,"",
"","100000007891891","AMP1","","",0.57778741,,"",
"","100000007891901","AMP1","","",0.638746362,,"",
"","100000007891905","AMP1","","",0.693461329,,"",
"","100000007891912","AMP1","","",0.619655654,,"",
"","100000007915367","AMP1","","",33.18194279,,"",
"","100000007915379","AMP1","","",42.68391535,,"",
"","100000007913900","AMP1","","",8.316235931,,"",
"","100000007915396","AMP1","","",42.68391535,,"",
"","100000007915431","AMP1","","",43.00047836,,"",
"","100000007915329","AMP1","","",43.00047836,,"",
"","100000007915336","AMP1","","",43.00047836,,"",
"","100000007914968","AMP1","","",43.00047836,,"",
"","100000007914989","AMP1","","",32.90354596,,"",
"","100000007915186","AMP1","","",0.676550471,,"",
"","100000007915061","AMP1","","",33.18194279,,"",
"","100000007914934","AMP1","","",36.94654007,,"",
"","100000007914969","AMP1","","",34.90312187,,"",
"","100000007916669","AMP1","","",1.618408562,,"",
"","100000007916596","AMP1","","",13.48885328,,"",
"","100000007895181","AMP1","","",6.720538378,,"",
"","100000007895186","AMP1","","",10.09217496,,"",
"","100000007895168","AMP1","","",13.46403443,,"",
"","100000007916673","AMP1","","",14.3989635,,"",
"","100000007916576","AMP1","","",10.50125758,,"",
"","100000007916674","AMP1","","",23.22455111,,"",
"","100000007895056","AMP1","","",8.543053319,,"",
"","100000007895081","AMP1","","",11.32533214,,"",
"","100000007916809","AMP1","","",35.50500596,,"",
"","100000007916679","AMP1","","",50.34743655,,"",
"","100000007917535","AMP1","","",8.938695748,,"",
"","100000007917556","AMP1","","",61.34928146,,"",
"","100000007917594","AMP1","","",15.26626524,,"",
"","100000007917614","AMP1","","",12.55806028,,"",
"","100000007917635","AMP1","","",8.08901637,,"",
"","100000007917528","AMP1","","",18.35742272,,"",
"","100000007916597","AMP1","","",2.398683505,,"",
"","100000007916631","AMP1","","",2.853932808,,"",
"","100000007917822","AMP1","","",21.39953633,,"",
"","100000007917836","AMP1","","",29.07176003,,"",
"","100000007917892","AMP1","","",35.58338751,,"",
"","100000007917808","AMP1","","",41.9869259,,"",
"","100000307430534","AMP1","","",117.2904,,"",
"","100000307430535","AMP1","","",124.3816,,"",
"","100000307430536","AMP1","","",133.6097,,"",
"","100000307430537","AMP1","","",129.0585,,"",
"","100000307430538","AMP1","","",139.6226,,"",
"","100000007917643","AMP1","","",12.18878804,,"",
"","100000007917573","AMP1","","",13.85795535,,"",
"","100000007917590","AMP1","","",7.17480459,,"",
"","100000007917732","AMP1","","",49.76866692,,"",
"","100000007917747","AMP1","","",13.13329062,,"",
"","100000007917769","AMP1","","",22.40384871,,"",
"","100000007917679","AMP1","","",11.31553414,,"",
"","100000007917695","AMP1","","",12.41198665,,"",
"","100000007917726","AMP1","","",20.21074511,,"",
"","100000007917804","AMP1","","",14.66901051,,"",
"","100000007917839","AMP1","","",10.20516608,,"",
"","100000007917774","AMP1","","",14.15958573,,"",
"","100000007916374","AMP1","","",0.282341343,,"",
"","100000007917681","AMP1","","",8.029038768,,"",
"","100000007916413","AMP1","","",0.080995945,,"",
"","100000007916421","AMP1","","",0.07345515,,"",
"","100000007916309","AMP1","","",0.077051711,,"",
"","100000007916425","AMP1","","",0.075568435,,"",
"","100000007916312","AMP1","","",0.079286847,,"",
"","100000007916326","AMP1","","",0.076507395,,"",
"","100000007916333","AMP1","","",0.076309076,,"",
"","100000007913909","AMP1","","",4.294449702,,"",
"","100000007913923","AMP1","","",4.294449702,,"",
"","100000307438729","AMP1","","",7.1462,,"",
"","100000307438730","AMP1","","",10.5737,,"",
"","100000007976826","B4U1","","",0.051714286,,"",
"","100000007976929","B4U1","","",0.022142857,,"",
"","100000007976644","B4U1","","",0.019857143,,"",
"","100000007976685","B4U1","","",0.041,,"",
"","100000007976910","B4U1","","",0.055571429,,"",
"","100000007976629","B4U1","","",0.178857143,,"",
"","100000007976666","B4U1","","",0.169142857,,"",
"","100000007937404","B4U1","","",0.035857143,,"",
"","100000007937430","B4U1","","",0.064142857,,"",
"","100000007937448","B4U1","","",0.043,,"",
"","100000007937471","B4U1","","",0.060285714,,"",
"","100000007937488","B4U1","","",0.078571429,,"",
"","100000007937159","B4U1","","",0.021,,"",
"","100000008035814","B4U1","","",0.189428571,,"",
"","100000008035279","B4U1","","",0.283571429,,"",
"","100000008028494","B4U1","","",13.74685714,,"",
"","100000008028108","B4U1","","",10.037,,"",
"","100000007985996","B4U1","","",0.064285714,,"",
"","100000007986057","B4U1","","",0.031857143,,"",
"","100000007976499","B4U1","","",0.015571429,,"",
"","100000007976612","B4U1","","",0.01,,"",
"","100000007976292","B4U1","","",0.010571429,,"",
"","100000007974657","B4U1","","",0.208,,"",
"","100000007974680","B4U1","","",0.169428571,,"",
"","100000007974523","B4U1","","",0.022428571,,"",
"","100000007973517","B4U1","","",0.013428571,,"",
"","100000007937099","B4U1","","",0.078428571,,"",
"","100000007934948","B4U1","","",0.037,,"",
"","100000007934858","B4U1","","",0.048285714,,"",
"","100000007934860","B4U1","","",0.022428571,,"",
"","100000007934875","B4U1","","",0.012285714,,"",
"","100000007935603","B4U1","","",0.010714286,,"",
"","100000007935494","B4U1","","",0.014,,"",
"","100000007935160","B4U1","","",0.017,,"",
"","100000007935180","B4U1","","",0.022,,"",
"","100000007932909","B4U1","","",0.118714286,,"",
"","100000007932922","B4U1","","",0.119,,"",
"","100000007932885","B4U1","","",0.062714286,,"",
"","100000008028839","B4U1","","",2.592,,"",
"","100000008028548","B4U1","","",6.310285714,,"",
"","100000008029171","B4U1","","",3.301714286,,"",
"","100000008028079","B4U1","","",2.098285714,,"",
"","100000007983158","B4U1","","",0.015,,"",
"","100000007983138","B4U1","","",0.009142857,,"",
"","100000007934932","B4U1","","",0.016,,"",
"","100000007934964","B4U1","","",0.035285714,,"",
"","100000007934848","B4U1","","",0.105,,"",
"","100000007934880","B4U1","","",0.022857143,,"",
"","100000007934942","B4U1","","",0.039285714,,"",
"","100000007935534","B4U1","","",0.007428571,,"",
"","100000007935587","B4U1","","",0.005857143,,"",
"","100000007935535","B4U1","","",0.009571429,,"",
"","100000007935553","B4U1","","",0.005571429,,"",
"","100000007935605","B4U1","","",0.020857143,,"",
"","100000007932871","B4U1","","",0.166571429,,"",
"","100000007932872","B4U1","","",0.069285714,,"",
"","100000008028693","B4U1","","",3.907,,"",
"","100000007972174","B4U1","","",0.044857143,,"",
"","100000007974572","B4U1","","",0.064571429,,"",
"","100000007974534","B4U1","","",0.044428571,,"",
"","100000007973574","B4U1","","",0.017,,"",
"","100000007973616","B4U1","","",0.019,,"",
"","100000007973678","B4U1","","",0.019857143,,"",
"","100000007973449","B4U1","","",0.022714286,,"",
"","100000007973483","B4U1","","",0.014,,"",
"","100000007973533","B4U1","","",0.027428571,,"",
"","100000007973594","B4U1","","",0.032142857,,"",
"","100000007973719","B4U1","","",0.017571429,,"",
"","100000007934950","B4U1","","",0.023,,"",
"","100000007934849","B4U1","","",0.046571429,,"",
"","100000007934876","B4U1","","",0.052,,"",
"","100000007935519","B4U1","","",0.019571429,,"",
"","100000007935545","B4U1","","",0.019857143,,"",
"","100000008026963","B4U1","","",17.94457143,,"",
"","100000008027943","B4U1","","",2.823428571,,"",
"","100000008026522","B4U1","","",20.51957143,,"",
"","100000008026671","B4U1","","",24.38557143,,"",
"","100000008022727","B4U1","","",22.50957143,,"",
"","100000008023473","B4U1","","",24.50471429,,"",
"","100000007974608","B4U1","","",0.013142857,,"",
"","100000007974644","B4U1","","",0.011571429,,"",
"","100000007933873","B4U1","","",0.080857143,,"",
"","100000007934545","B4U1","","",0.024857143,,"",
"","100000008027059","B4U1","","",1.589142857,,"",
"","100000008027367","B4U1","","",1.234285714,,"",
"","100000008027575","B4U1","","",0.894857143,,"",
"","100000008027873","B4U1","","",6.560857143,,"",
"","100000008026523","B4U1","","",15.53085714,,"",
"","100000007975981","B4U1","","",0.223285714,,"",
"","100000007976063","B4U1","","",0.196571429,,"",
"","100000007976123","B4U1","","",0.107714286,,"",
"","100000007976186","B4U1","","",0.152285714,,"",
"","100000007976217","B4U1","","",0.243142857,,"",
"","100000007976014","B4U1","","",0.284857143,,"",
"","100000007935988","B4U1","","",0.008571429,,"",
"","100000007936037","B4U1","","",0.008142857,,"",
"","100000008024507","B4U1","","",1.08,,"",
"","100000008038012","B4U1","","",1.357714286,,"",
"","100000008038164","B4U1","","",4.014714286,,"",
"","100000007976165","B4U1","","",0.141285714,,"",
"","100000007976020","B4U1","","",0.025571429,,"",
"","100000007976051","B4U1","","",0.034714286,,"",
"","100000007976175","B4U1","","",0.055,,"",
"","100000007976208","B4U1","","",0.094,,"",
"","100000007976006","B4U1","","",0.038142857,,"",
"","100000007984277","B4U1","","",0.015142857,,"",
"","100000007983369","B4U1","","",0.017285714,,"",
"","100000007935698","B4U1","","",0.011714286,,"",
"","100000008037700","B4U1","","",0.201285714,,"",
"","100000007982626","B4U1","","",0.064428571,,"",
"","100000007982702","B4U1","","",0.078857143,,"",
"","100000007982755","B4U1","","",0.146,,"",
"","100000007982407","B4U1","","",0.291857143,,"",
"","100000007982280","B4U1","","",0.298285714,,"",
"","100000007982292","B4U1","","",0.014285714,,"",
"","100000007982352","B4U1","","",0.015142857,,"",
"","100000007982213","B4U1","","",0.014285714,,"",
"","100000007982234","B4U1","","",0.011428571,,"",
"","100000007982236","B4U1","","",0.019857143,,"",
"","100000007982295","B4U1","","",0.012428571,,"",
"","100000007982329","B4U1","","",0.009857143,,"",
"","100000007982363","B4U1","","",0.025142857,,"",
"","100000007936738","B4U1","","",0.014428571,,"",
"","100000007936761","B4U1","","",0.016,,"",
"","100000007936659","B4U1","","",0.022571429,,"",
"","100000007937469","B4U1","","",0.025428571,,"",
"","100000007937342","B4U1","","",0.046,,"",
"","100000008036556","B4U1","","",0.145571429,,"",
"","100000008036474","B4U1","","",0.155428571,,"",
"","100000008036638","B4U1","","",0.053,,"",
"","100000007982316","B4U1","","",0.167571429,,"",
"","100000007982338","B4U1","","",0.101428571,,"",
"","100000007982374","B4U1","","",0.030714286,,"",
"","100000007982221","B4U1","","",0.107857143,,"",
"","100000007982252","B4U1","","",0.156,,"",
"","100000007982263","B4U1","","",0.151428571,,"",
"","100000007982317","B4U1","","",0.096714286,,"",
"","100000007982353","B4U1","","",0.008428571,,"",
"","100000007982223","B4U1","","",0.032,,"",
"","100000007982248","B4U1","","",0.028428571,,"",
"","100000007984267","B4U1","","",0.035142857,,"",
"","100000007984338","B4U1","","",0.041142857,,"",
"","100000007984385","B4U1","","",0.046857143,,"",
"","100000007976114","B4U1","","",0.041857143,,"",
"","100000007913764","NYS1","","",2.78,,"",
"","100000007913809","NYS1","","",4.87,,"",
"","100000007913708","NYS1","","",0.2834,,"",
"","100000007913732","NYS1","","",0.0986,,"",
"","100000007913765","NYS1","","",0.92,,"",
"","100000007913784","NYS1","","",0.1711,,"",
"","100000007913810","NYS1","","",0.1208,,"",
"","100000007913827","NYS1","","",0.81,,"",
"","100000007913863","NYS1","","",0.1918,,"",
"","100000007913970","NYS1","","",0.85,,"",
"","100000007914151","NYS1","","",0.86,,"",
"","100000007914179","NYS1","","",0.81,,"",
"","100000007914197","NYS1","","",0.94,,"",
"","100000007914229","NYS1","","",0.95,,"",
"","100000008030517","NYS1","","",17.36,,"",
"","100000008029909","NYS1","","",11.93,,"",
"","100000008015025","NYS1","","",4.14,,"",
"","100000008015336","NYS1","","",4.61,,"",
"","100000008015236","NYS1","","",4,,"",
"","100000008015446","NYS1","","",5.72,,"",
"","100000008011698","NYS1","","",7.58,,"",
"","100000008011895","NYS1","","",8.22,,"",
"","100000008012216","NYS1","","",7.04,,"",
"","100000008011050","NYS1","","",5.87,,"",
"","100000008011270","NYS1","","",10.13,,"",
"","100000008011435","NYS1","","",7.69,,"",
"","100000008011712","NYS1","","",2.44,,"",
"","100000008011910","NYS1","","",3.24,,"",
"","100000008012228","NYS1","","",3.65,,"",
"","100000008011051","NYS1","","",17.64,,"",
"","100000007917347","NYS1","","",1.69,,"",
"","100000007917389","NYS1","","",1.52,,"",
"","100000007917283","NYS1","","",1,,"",
"","100000007917335","NYS1","","",1.78,,"",
"","100000007917356","NYS1","","",1.82,,"",
"","100000007917371","NYS1","","",3.22,,"",
"","100000007917267","NYS1","","",2.14,,"",
"","100000007914823","NYS1","","",72.11,,"",
"","100000007914481","NYS1","","",0.7,,"",
"","100000007898797","NYS1","","",0.1015,,"",
"","100000007898727","NYS1","","",0.3515,,"",
"","100000007912015","NYS1","","",0.336,,"",
"","100000007899736","NYS1","","",0.177,,"",
"","100000007904838","NYS1","","",0.0464,,"",
"","100000007900631","NYS1","","",0.2167,,"",
"","100000007900635","NYS1","","",0.1804,,"",
"","100000007900614","NYS1","","",0.2082,,"",
"","100000007900624","NYS1","","",0.4,,"",
"","100000007905778","NYS1","","",0.72,,"",
"","100000007905843","NYS1","","",0.43,,"",
"","100000007900954","NYS1","","",0.2606,,"",
"","100000007900965","NYS1","","",0.2726,,"",
"","100000007900981","NYS1","","",1.37,,"",
"","100000007900993","NYS1","","",0.48,,"",
"","100000007914296","NYS1","","",0.2497,,"",
"","100000008030448","NYS1","","",48.93,,"",
"","100000008011422","NYS1","","",4.08,,"",
"","100000008011600","NYS1","","",4.26,,"",
"","100000008012217","NYS1","","",4.36,,"",
"","100000008010968","NYS1","","",3.8,,"",
"","100000008011181","NYS1","","",4.26,,"",
"","100000008011339","NYS1","","",4.39,,"",
"","100000008011153","NYS1","","",2.55,,"",
"","100000007917284","NYS1","","",4.75,,"",
"","100000007917308","NYS1","","",1.95,,"",
"","100000007917326","NYS1","","",2.05,,"",
"","100000007915701","NYS1","","",0.56,,"",
"","100000007915720","NYS1","","",0.59,,"",
"","100000007914919","NYS1","","",0.32,,"",
"","100000007914853","NYS1","","",0.37,,"",
"","100000007914404","NYS1","","",0.42,,"",
"","100000007898730","NYS1","","",0.114,,"",
"","100000007898739","NYS1","","",0.97,,"",
"","100000007898725","NYS1","","",0.1707,,"",
"","100000007898732","NYS1","","",0.1449,,"",
"","100000007898738","NYS1","","",0.74,,"",
"","100000007898718","NYS1","","",0.2383,,"",
"","100000007898724","NYS1","","",4.04,,"",
"","100000007898726","NYS1","","",0.0869,,"",
"","100000007898716","NYS1","","",0.0829,,"",
"","100000007899241","NYS1","","",0.0998,,"",
"","100000007899231","NYS1","","",0.49,,"",
"","100000007899237","NYS1","","",0.1721,,"",
"","100000007899604","NYS1","","",1.52,,"",
"","100000007899616","NYS1","","",0.22,,"",
"","100000007899822","NYS1","","",1.08,,"",
"","100000007899816","NYS1","","",0.1761,,"",
"","100000007899828","NYS1","","",0.143,,"",
"","100000007899750","NYS1","","",0.1305,,"",
"","100000007900632","NYS1","","",0.3266,,"",
"","100000007900637","NYS1","","",0.1153,,"",
"","100000007900641","NYS1","","",0.1236,,"",
"","100000007900630","NYS1","","",4.77,,"",
"","100000007900569","NYS1","","",0.57,,"",
"","100000007900975","NYS1","","",16.48,,"",
"","100000007900987","NYS1","","",0.48,,"",
"","100000007901011","NYS1","","",1.91,,"",
"","100000007900950","NYS1","","",0.2407,,"",
"","100000007900925","NYS1","","",0.76,,"",
"","100000007914461","NYS1","","",0.62,,"",
"","100000007914148","NYS1","","",3.33,,"",
"","100000007914236","NYS1","","",1.93,,"",
"","100000008010517","NYS1","","",3.78,,"",
"","100000008030610","NYS1","","",5.11,,"",
"","100000007915732","NYS1","","",0.29,,"",
"","100000007915764","NYS1","","",1.75,,"",
"","100000007915785","NYS1","","",0.75,,"",
"","100000007902640","NYS1","","",0.3943,,"",
"","100000007902708","NYS1","","",0.77,,"",
"","100000007902466","NYS1","","",0.51,,"",
"","100000007902511","NYS1","","",0.75,,"",
"","100000007901528","NYS1","","",1.04,,"",
"","100000007901282","NYS1","","",2.08,,"",
"","100000007901329","NYS1","","",1.06,,"",
"","100000007899632","NYS1","","",0.1734,,"",
"","100000007899642","NYS1","","",1.12,,"",
"","100000007901450","NYS1","","",0.1877,,"",
"","100000007901486","NYS1","","",0.1783,,"",
"","100000007901536","NYS1","","",0.1599,,"",
"","100000007899751","NYS1","","",0.2833,,"",
"","100000007901682","NYS1","","",0.2486,,"",
"","100000007900574","NYS1","","",0.1964,,"",
"","100000007903933","NYS1","","",0.0663,,"",
"","100000007903981","NYS1","","",0.0959,,"",
"","100000007900912","NYS1","","",6.75,,"",
"","100000007914053","NYS1","","",1.76,,"",
"","100000007916508","NYS1","","",0.4091,,"",
"","100000007916521","NYS1","","",0.53,,"",
"","100000007914415","NYS1","","",0.53,,"",
"","100000008010044","NYS1","","",0.7986,,"",
"","100000008010887","NYS1","","",2.13,,"",
"","100000008027059","NYS1","","",4.4,,"",
"","100000008027367","NYS1","","",3.5,,"",
"","100000008027575","NYS1","","",2.5,,"",
"","100000008027873","NYS1","","",17.78,,"",
"","100000008026572","NYS1","","",5.77,,"",
"","100000008026801","NYS1","","",4.2,,"",
"","100000008027079","NYS1","","",33.07,,"",
"","100000008011301","NYS1","","",3.43,,"",
"","100000007915767","NYS1","","",0.46,,"",
"","100000007915789","NYS1","","",1.71,,"",
"","100000007916215","NYS1","","",4.34,,"",
"","100000007915428","NYS1","","",0.2941,,"",
"","100000007916528","NYS1","","",0.0678,,"",
"","100000007901423","NYS1","","",1.1,,"",
"","100000007901513","NYS1","","",0.3756,,"",
"","100000007901545","NYS1","","",0.68,,"",
"","100000007901299","NYS1","","",1.05,,"",
"","100000007901387","NYS1","","",0.63,,"",
"","100000007901499","NYS1","","",0.5,,"",
"","100000007901283","NYS1","","",0.57,,"",
"","100000007902070","NYS1","","",0.1363,,"",
"","100000007902007","NYS1","","",0.1685,,"",
"","100000007902069","NYS1","","",0.2901,,"",
"","100000007901759","NYS1","","",0.5,,"",
"","100000007901795","NYS1","","",0.48,,"",
"","100000007901850","NYS1","","",0.83,,"",
"","100000007901573","NYS1","","",2.1,,"",
"","100000007904204","NYS1","","",0.42,,"",
"","100000007903982","NYS1","","",0.0766,,"",
"","100000007904254","NYS1","","",0.93,,"",
"","100000007903957","NYS1","","",0.1084,,"",
"","100000007913996","NYS1","","",2.98,,"",
"","100000007916467","NYS1","","",0.57,,"",
"","100000007916490","NYS1","","",1.2,,"",
"","100000007916433","NYS1","","",0.2619,,"",
"","100000008009732","NYS1","","",1.25,,"",
"","100000008009974","NYS1","","",3.63,,"",
"","100000008009814","NYS1","","",3.4,,"",
"","100000008010219","NYS1","","",68.54,,"",
"","100000008028494","NYS1","","",38.39,,"",
"","100000008026963","NYS1","","",61.97,,"",
"","100000008027943","NYS1","","",8.07,,"",
"","100000007916298","NYS1","","",1,,"",
"","100000007916276","NYS1","","",0.88,,"",
"","100000007916202","NYS1","","",10.04,,"",
"","100000007916491","NYS1","","",0.0909,,"",
"","100000007916501","NYS1","","",0.0905,,"",
"","100000007916524","NYS1","","",0.1295,,"",
"","100000007916534","NYS1","","",0.3175,,"",
"","100000007916461","NYS1","","",0.1362,,"",
"","100000007916483","NYS1","","",0.1562,,"",
"","100000007916496","NYS1","","",0.1689,,"",
"","100000007901444","NYS1","","",0.47,,"",
"","100000007901500","NYS1","","",0.6,,"",
"","100000007903840","NYS1","","",2.07,,"",
"","100000007903897","NYS1","","",0.7,,"",
"","100000007903579","NYS1","","",4.02,,"",
"","100000007903639","NYS1","","",1.46,,"",
"","100000007903757","NYS1","","",1.15,,"",
"","100000007901635","NYS1","","",0.54,,"",
"","100000007904202","NYS1","","",0.54,,"",
"","100000007903437","NYS1","","",0.1668,,"",
"","100000007903484","NYS1","","",0.0979,,"",
"","100000007903167","NYS1","","",0.6,,"",
"","100000007903251","NYS1","","",0.3249,,"",
"","100000007903298","NYS1","","",1.14,,"",
"","100000007903367","NYS1","","",0.46,,"",
"","100000007903414","NYS1","","",2.68,,"",
"","100000007903109","NYS1","","",2.42,,"",
"","100000007903252","NYS1","","",4.92,,"",
"","100000007902964","NYS1","","",0.08,,"",
"","100000007903018","NYS1","","",0.85,,"",
"","100000007904384","NYS1","","",1.48,,"",
"","100000007904424","NYS1","","",0.52,,"",
"","100000007904452","NYS1","","",3.46,,"",
"","100000007904453","NYS1","","",1.11,,"",
"","100000007904493","NYS1","","",0.3571,,"",
"","100000007914603","NYS1","","",73.33,,"",
"","100000007917220","NYS1","","",7.94,,"",
"","100000007917256","NYS1","","",8.62,,"",
"","100000007917168","NYS1","","",36.86,,"",
"","100000007915175","NYS1","","",0.3,,"",
"","100000007915084","NYS1","","",0.229,,"",
"","100000007915101","NYS1","","",0.2262,,"",
"","100000008028108","NYS1","","",28.8,,"",
"","100000008028839","NYS1","","",5.9,,"",
"","100000008028548","NYS1","","",14.39,,"",
"","100000007916207","NYS1","","",2.63,,"",
"","100000007916229","NYS1","","",0.97,,"",
"","100000007913350","NYS1","","",0.2437,,"",
"","100000007913365","NYS1","","",0.2167,,"",
"","100000007916455","NYS1","","",0.1374,,"",
"","100000007916478","NYS1","","",0.2297,,"",
"","100000007916492","NYS1","","",0.1881,,"",
"","100000007916511","NYS1","","",0.1783,,"",
"","100000007916448","NYS1","","",0.3258,,"",
"","100000007914352","NYS1","","",0.145,,"",
"","100000007914366","NYS1","","",0.1537,,"",
"","100000007914384","NYS1","","",0.1797,,"",
"","100000007908576","NYS1","","",0.1082,,"",
"","100000007908625","NYS1","","",0.3735,,"",
"","100000007903817","NYS1","","",0.3814,,"",
"","100000007903868","NYS1","","",2.55,,"",
"","100000007903545","NYS1","","",0.51,,"",
"","100000007903687","NYS1","","",1.7,,"",
"","100000007903640","NYS1","","",6.48,,"",
"","100000007903758","NYS1","","",1.53,,"",
"","100000007903321","NYS1","","",1.94,,"",
"","100000007903369","NYS1","","",4.54,,"",
"","100000007905327","NYS1","","",0.81,,"",
"","100000007905433","NYS1","","",0.2391,,"",
"","100000007905530","NYS1","","",4.13,,"",
"","100000007905285","NYS1","","",3.58,,"",
"","100000007904514","NYS1","","",0.4695,,"",
"","100000007904417","NYS1","","",0.0226,,"",
"","100000007914573","NYS1","","",0.1589,,"",
"","100000007914592","NYS1","","",0.1646,,"",
"","100000007914626","NYS1","","",0.1897,,"",
"","100000007914650","NYS1","","",0.171,,"",
"","100000007914513","NYS1","","",0.1707,,"",
"","100000007914531","NYS1","","",0.1645,,"",
"","100000007914533","NYS1","","",0.1663,,"",
"","100000007917221","NYS1","","",13.87,,"",
"","100000007917243","NYS1","","",25.15,,"",
"","100000007917161","NYS1","","",17.97,,"",
"","100000007918033","NYS1","","",0.1344,,"",
"","100000007917908","NYS1","","",0.2034,,"",
"","100000007916438","NYS1","","",0.3241,,"",
"","100000007915120","NYS1","","",0.4,,"",
"","100000007915133","NYS1","","",0.39,,"",
"","100000007915155","NYS1","","",0.42,,"",
"","100000007915079","NYS1","","",0.49,,"",
"","100000008026345","NYS1","","",7.35,,"",
"","100000007913580","NYS1","","",0.2244,,"",
"","100000007913598","NYS1","","",0.25,,"",
"","100000007913634","NYS1","","",0.27,,"",
"","100000007913658","NYS1","","",0.33,,"",
"","100000007913701","NYS1","","",0.42,,"",
"","100000007913588","NYS1","","",0.47,,"",
"","100000007913590","NYS1","","",1.12,,"",
"","100000007914359","NYS1","","",0.51,,"",
"","100000007914378","NYS1","","",0.49,,"",
"","100000007914341","NYS1","","",1.07,,"",
"","100000007907784","NYS1","","",0.74,,"",
"","100000007908695","NYS1","","",0.1085,,"",
"","100000007912515","NYS1","","",1.29,,"",
"","100000007903818","NYS1","","",0.3394,,"",
"","100000007905379","NYS1","","",4.53,,"",
"","100000007904540","NYS1","","",0.89,,"",
"","100000007904570","NYS1","","",0.1393,,"",
"","100000007904815","NYS1","","",0.1101,,"",
"","100000007904857","NYS1","","",0.65,,"",
"","100000007904551","NYS1","","",0.2731,,"",
"","100000007904603","NYS1","","",1.17,,"",
"","100000007904662","NYS1","","",0.43,,"",
"","100000007914534","NYS1","","",0.1768,,"",
"","100000007914556","NYS1","","",0.182,,"",
"","100000007916450","NYS1","","",0.364,,"",
"","100000007916472","NYS1","","",0.2371,,"",
"","100000007916439","NYS1","","",0.7,,"",
"","100000007916451","NYS1","","",0.74,,"",
"","100000007914125","NYS1","","",2.6,,"",
"","100000008026864","NYS1","","",34.6,,"",
"","100000008027569","NYS1","","",29.54,,"",
"","100000008012106","NYS1","","",3.23,,"",
"","100000008010969","NYS1","","",3.51,,"",
"","100000008011112","NYS1","","",3.76,,"",
"","100000008011340","NYS1","","",11.36,,"",
"","100000007913719","NYS1","","",1.86,,"",
"","100000007913326","NYS1","","",0.6,,"",
"","100000007917303","NYS1","","",1.52,,"",
"","100000007917286","NYS1","","",2.39,,"",
"","100000007913631","NYS1","","",0.48,,"",
"","100000007913646","NYS1","","",0.49,,"",
"","100000007913668","NYS1","","",0.64,,"",
"","100000007913584","NYS1","","",0.57,,"",
"","100000007913599","NYS1","","",0.61,,"",
"","100000007913622","NYS1","","",0.72,,"",
"","100000007914305","NYS1","","",0.1731,,"",
"","100000007914329","NYS1","","",0.1784,,"",
"","100000007914342","NYS1","","",0.2067,,"",
"","100000007914927","NYS1","","",0.2305,,"",
"","100000007910347","NYS1","","",0.2709,,"",
"","100000007910547","NYS1","","",0.1113,,"",
"","100000007910656","NYS1","","",0.1798,,"",
"","100000007912579","NYS1","","",0.7,,"",
"","100000007912769","NYS1","","",2.19,,"",
"","100000007912544","NYS1","","",0.87,,"",
"","100000007912612","NYS1","","",0.55,,"",
"","100000007912763","NYS1","","",3.2,,"",
"","100000007913238","NYS1","","",5.31,,"",
"","100000007913253","NYS1","","",4.35,,"",
"","100000007906929","NYS1","","",2.37,,"",
"","100000007944315","AMP1","","",188.7607568,,"",
"","100000007944206","AMP1","","",17.44887827,,"",
"","100000007943204","AMP1","","",14.83114337,,"",
"","100000007943210","AMP1","","",6.340531712,,"",
"","100000007944533","AMP1","","",2.074886813,,"",
"","100000007944552","AMP1","","",11.94781259,,"",
"","100000007944580","AMP1","","",8.14652404,,"",
"","100000007944593","AMP1","","",2.686295914,,"",
"","100000007944613","AMP1","","",3.22061321,,"",
"","100000007944521","AMP1","","",11.35385876,,"",
"","100000007944538","AMP1","","",2.966743715,,"",
"","100000007944043","AMP1","","",7.085415496,,"",
"","100000007942378","AMP1","","",10.5654605,,"",
"","100000007942392","AMP1","","",1.424285886,,"",
"","100000007944581","AMP1","","",3.85828714,,"",
"","100000007942398","AMP1","","",5.263989063,,"",
"","100000007942414","AMP1","","",17.80049082,,"",
"","100000007943244","AMP1","","",13.62068636,,"",
"","100000007943262","AMP1","","",6.132564604,,"",
"","100000007943277","AMP1","","",6.822666109,,"",
"","100000007942797","AMP1","","",4.321608733,,"",
"","100000007942832","AMP1","","",1.697203887,,"",
"","100000007945210","AMP1","","",33.26570131,,"",
"","100000007945232","AMP1","","",26.00892797,,"",
"","100000007945030","AMP1","","",10.06313517,,"",
"","100000007945063","AMP1","","",3.267051261,,"",
"","100000007945560","AMP1","","",16.79152555,,"",
"","100000007945110","AMP1","","",54.68459511,,"",
"","100000007945099","AMP1","","",44.85407502,,"",
"","100000007945100","AMP1","","",48.39041378,,"",
"","100000007945118","AMP1","","",106.6667591,,"",
"","100000007945150","AMP1","","",110.8007017,,"",
"","100000007945162","AMP1","","",127.6510559,,"",
"","100000007945076","AMP1","","",20.88656162,,"",
"","100000007945343","AMP1","","",4.302276478,,"",
"","100000007945370","AMP1","","",5.35230868,,"",
"","100000007945385","AMP1","","",19.89395934,,"",
"","100000007947069","AMP1","","",14.86674664,,"",
"","100000007946885","AMP1","","",6.487627117,,"",
"","100000007944607","AMP1","","",6.616517006,,"",
"","100000007944522","AMP1","","",7.775814991,,"",
"","100000007944534","AMP1","","",8.658215247,,"",
"","100000007944553","AMP1","","",154.9235564,,"",
"","100000007944582","AMP1","","",159.8845168,,"",
"","100000007944601","AMP1","","",10.8064352,,"",
"","100000007944615","AMP1","","",2.411404317,,"",
"","100000007944527","AMP1","","",11.37154686,,"",
"","100000007944540","AMP1","","",1.417482456,,"",
"","100000007946034","AMP1","","",82.24735471,,"",
"","100000007946747","AMP1","","",5.659996351,,"",
"","100000007947165","AMP1","","",6.060875737,,"",
"","100000007947135","AMP1","","",40.01336468,,"",
"","100000007946895","AMP1","","",7.943249299,,"",
"","100000007946824","AMP1","","",7.742409931,,"",
"","100000007946918","AMP1","","",5.689743009,,"",
"","100000007946946","AMP1","","",5.657985235,,"",
"","100000007947094","AMP1","","",8.103597815,,"",
"","100000007947152","AMP1","","",7.910808962,,"",
"","100000007943951","AMP1","","",2.139260387,,"",
"","100000007943968","AMP1","","",14.57177011,,"",
"","100000007944008","AMP1","","",9.976141205,,"",
"","100000007946886","AMP1","","",28.58422077,,"",
"","100000007944059","AMP1","","",2.10650992,,"",
"","100000007944600","AMP1","","",1.730442502,,"",
"","100000007944526","AMP1","","",4.519074248,,"",
"","100000007944573","AMP1","","",5.380247076,,"",
"","100000007947040","AMP1","","",18.16133482,,"",
"","100000007944045","AMP1","","",9.002031836,,"",
"","100000007944028","AMP1","","",2.93011999,,"",
"","100000007943930","AMP1","","",3.736657298,,"",
"","100000007943952","AMP1","","",13.57754208,,"",
"","100000007943969","AMP1","","",3.249668556,,"",
"","100000007943991","AMP1","","",4.384980619,,"",
"","100000007944009","AMP1","","",1.886755847,,"",
"","100000007944029","AMP1","","",5.180065006,,"",
"","100000007943922","AMP1","","",5.862765027,,"",
"","100000007943946","AMP1","","",8.256694184,,"",
"","100000007943963","AMP1","","",9.665882339,,"",
"","100000007944951","AMP1","","",1.133052197,,"",
"","100000007945585","AMP1","","",7.973091019,,"",
"","100000007945601","AMP1","","",7.935918814,,"",
"","100000007945634","AMP1","","",21.01780939,,"",
"","100000007945561","AMP1","","",16.79398325,,"",
"","100000007945799","AMP1","","",7.942167957,,"",
"","100000007944179","AMP1","","",4.473458031,,"",
"","100000007943983","AMP1","","",11.00303441,,"",
"","100000007944001","AMP1","","",175.8361715,,"",
"","100000007943931","AMP1","","",12.83330214,,"",
"","100000007943953","AMP1","","",2.596765546,,"",
"","100000007943970","AMP1","","",14.55001888,,"",
"","100000007943290","AMP1","","",131.293774,,"",
"","100000007943305","AMP1","","",16.77198609,,"",
"","100000007943321","AMP1","","",6.494255417,,"",
"","100000007944962","AMP1","","",1.563392787,,"",
"","100000007944898","AMP1","","",4.741906766,,"",
"","100000007944074","AMP1","","",5.023168758,,"",
"","100000007944089","AMP1","","",4.962791979,,"",
"","100000007942882","AMP1","","",3.048681659,,"",
"","100000007943331","AMP1","","",7.71196671,,"",
"","100000007943236","AMP1","","",5.205520396,,"",
"","100000007943254","AMP1","","",8.444028517,,"",
"","100000007943263","AMP1","","",133.4561468,,"",
"","100000007943280","AMP1","","",9.288953158,,"",
"","100000007943291","AMP1","","",11.74622006,,"",
"","100000007943307","AMP1","","",13.30249095,,"",
"","100000007943323","AMP1","","",14.19632414,,"",
"","100000007943334","AMP1","","",252.1026275,,"",
"","100000007943209","AMP1","","",250.5686851,,"",
"","100000007943230","AMP1","","",4.877580974,,"",
"","100000007943238","AMP1","","",8.126115453,,"",
"","100000007943256","AMP1","","",5.209344661,,"",
"","100000007945074","AMP1","","",2.172141602,,"",
"","100000007943229","AMP1","","",16.22032923,,"",
"","100000007943237","AMP1","","",6.045058693,,"",
"","100000007943255","AMP1","","",18.16708159,,"",
"","100000007943264","AMP1","","",1.464332724,,"",
"","100000007943281","AMP1","","",11.70144552,,"",
"","100000007943299","AMP1","","",8.682674954,,"",
"","100000007943308","AMP1","","",5.314259381,,"",
"","100000007943324","AMP1","","",1.514182162,,"",
"","100000007945413","AMP1","","",5.153469301,,"",
"","100000007945265","AMP1","","",6.573631617,,"",
"","100000007945395","AMP1","","",2.106862223,,"",
"","100000007945257","AMP1","","",7.188764054,,"",
"","100000007945279","AMP1","","",2.568167368,,"",
"","100000007946295","AMP1","","",85.70721839,,"",
"","100000007945304","AMP1","","",2.516398763,,"",
"","100000007945360","AMP1","","",9.436707284,,"",
"","100000007945402","AMP1","","",13.94800575,,"",
"","100000007945256","AMP1","","",15.58828376,,"",
"","100000007945289","AMP1","","",287.783883,,"",
"","100000007945350","AMP1","","",3.577593045,,"",
"","100000007945371","AMP1","","",21.03645323,,"",
"","100000007945391","AMP1","","",1.993606602,,"",
"","100000007945546","AMP1","","",87.75280588,,"",
"","100000007945345","AMP1","","",11.81839446,,"",
"","100000007945192","AMP1","","",28.94777207,,"",
"","100000007945209","AMP1","","",208.9647669,,"",
"","100000007945241","AMP1","","",45.5939556,,"",
"","100000007945109","AMP1","","",106.588696,,"",
"","100000007945134","AMP1","","",121.8715578,,"",
"","100000007945157","AMP1","","",79.43595851,,"",
"","100000007945186","AMP1","","",69.62007348,,"",
"","100000007947143","AMP1","","",6.43731777,,"",
"","100000007947159","AMP1","","",5.874016342,,"",
"","100000007945278","AMP1","","",11.92155787,,"",
"","100000007945268","AMP1","","",8.401733267,,"",
"","100000007945269","AMP1","","",3.038169019,,"",
"","100000007945355","AMP1","","",16.25570663,,"",
"","100000007945380","AMP1","","",4.83551355,,"",
"","100000007947086","AMP1","","",28.58422077,,"",
"","100000007945536","AMP1","","",155.3967201,,"",
"","100000007945616","AMP1","","",793.6779264,,"",
"","100000007945096","AMP1","","",89.02462398,,"",
"","100000007947130","AMP1","","",14.80695787,,"",
"","100000007944422","AMP1","","",160.3833479,,"",
"","100000007947120","AMP1","","",5.671684228,,"",
"","100000007946831","AMP1","","",6.056815116,,"",
"","100000007947084","AMP1","","",5.908120563,,"",
"","100000007946679","AMP1","","",7.997935823,,"",
"","100000007944463","AMP1","","",173.6005835,,"",
"","100000007947142","AMP1","","",5.625492515,,"",
"","100000007943992","AMP1","","",1.537794705,,"",
"","100000007944010","AMP1","","",8.377822341,,"",
"","100000007946758","AMP1","","",7.803183082,,"",
"","100000007946666","AMP1","","",28.58422077,,"",
"","100000007946719","AMP1","","",5.771643326,,"",
"","100000007944027","AMP1","","",7.45030154,,"",
"","100000007943929","AMP1","","",1.480422832,,"",
"","100000007944031","AMP1","","",5.470263336,,"",
"","100000007944238","AMP1","","",2.044942776,,"",
"","100000007944265","AMP1","","",1.548083651,,"",
"","100000007944286","AMP1","","",11.41893827,,"",
"","100000007944314","AMP1","","",3.015139472,,"",
"","100000007944333","AMP1","","",1.595394639,,"",
"","100000007944213","AMP1","","",4.640952173,,"",
"","100000007944229","AMP1","","",1.932274664,,"",
"","100000007944963","AMP1","","",457.9168435,,"",
"","100000007944877","AMP1","","",6.194307713,,"",
"","100000007944520","AMP1","","",1.339639682,,"",
"","100000007989415","AMP1","","",9.5277,,"",
"","100000007989116","AMP1","","",16.3465,,"",
"","100000007989137","AMP1","","",16.0779,,"",
"","100000007947358","AMP1","","",23.72427554,,"",
"","100000007945438","AMP1","","",4.210389585,,"",
"","100000007991997","AMP1","","",7.754066337,,"",
"","100000007992054","AMP1","","",8.520733536,,"",
"","100000007989222","AMP1","","",7.093471001,,"",
"","100000007941860","AMP1","","",25.72629864,,"",
"","100000007994250","AMP1","","",2.470748458,,"",
"","100000007993987","AMP1","","",5.044417853,,"",
"","100000007941827","AMP1","","",27.51379276,,"",
"","100000007942722","AMP1","","",17.5283213,,"",
"","100000007942761","AMP1","","",30.19188668,,"",
"","100000007945033","AMP1","","",2.512734141,,"",
"","100000008009432","AMP1","","",0.810382794,,"",
"","100000008008278","AMP1","","",2.942726858,,"",
"","100000008008954","AMP1","","",0.809369075,,"",
"","100000008009253","AMP1","","",0.866850569,,"",
"","100000008009433","AMP1","","",3.927409783,,"",
"","100000007993877","AMP1","","",61.59922297,,"",
"","100000007943655","AMP1","","",127.5241012,,"",
"","100000007943712","AMP1","","",2.90197867,,"",
"","100000007942662","AMP1","","",19.12204163,,"",
"","100000008009681","AMP1","","",2.983820758,,"",
"","100000008008370","AMP1","","",5.113247352,,"",
"","100000007943733","AMP1","","",2.537915322,,"",
"","100000007946416","AMP1","","",44.34254421,,"",
"","100000007946287","AMP1","","",20.66803516,,"",
"","100000007946330","AMP1","","",230.1603606,,"",
"","100000007946234","AMP1","","",119.9264843,,"",
"","100000008008493","AMP1","","",3.292509839,,"",
"","100000007943723","AMP1","","",2.198131775,,"",
"","100000007946304","AMP1","","",28.26162569,,"",
"","100000007943612","AMP1","","",2.907824966,,"",
"","100000007946503","AMP1","","",296.6044201,,"",
"","100000007946542","AMP1","","",157.6104277,,"",
"","100000007946582","AMP1","","",76.70637834,,"",
"","100000007946056","AMP1","","",12.20651626,,"",
"","100000007946083","AMP1","","",11.11244325,,"",
"","100000007946084","AMP1","","",8.561978495,,"",
"","100000007946112","AMP1","","",11.56715876,,"",
"","100000007946131","AMP1","","",8.88064071,,"",
"","100000007943543","AMP1","","",2.834759971,,"",
"","100000007989760","AMP1","","",4.664789649,,"",
"","100000007943676","AMP1","","",1.912748349,,"",
"","100000007943730","AMP1","","",1.741413768,,"",
"","100000007943755","AMP1","","",1.783423662,,"",
"","100000007943646","AMP1","","",3.282470115,,"",
"","100000007943670","AMP1","","",1.717873263,,"",
"","100000007943684","AMP1","","",1.785643777,,"",
"","100000007943710","AMP1","","",1.723953191,,"",
"","100000007994012","AMP1","","",24.08527346,,"",
"","100000007943662","AMP1","","",1.790050019,,"",
"","100000007942746","AMP1","","",28.50393794,,"",
"","100000007942245","AMP1","","",30.24319368,,"",
"","100000007941896","AMP1","","",12.89836631,,"",
"","100000007942663","AMP1","","",28.36728607,,"",
"","100000007942686","AMP1","","",19.31475655,,"",
"","100000007942723","AMP1","","",36.25816071,,"",
"","100000007942655","AMP1","","",22.45412876,,"",
"","100000007942336","AMP1","","",193.9546172,,"",
"","100000008009452","AMP1","","",4.812695201,,"",
"","100000008009628","AMP1","","",4.102826118,,"",
"","100000008008682","AMP1","","",8.596002343,,"",
"","100000007941913","AMP1","","",15.70333339,,"",
"","100000007942312","AMP1","","",44.09587531,,"",
"","100000008008877","AMP1","","",7.764816869,,"",
"","100000008009175","AMP1","","",10.67964314,,"",
"","100000008009362","AMP1","","",8.905023925,,"",
"","100000008009629","AMP1","","",11.8286,,"",
"","100000008008780","AMP1","","",0.751820871,,"",
"","100000008008974","AMP1","","",0.692545387,,"",
"","100000008009074","AMP1","","",1.471667321,,"",
"","100000007946079","AMP1","","",118.5518059,,"",
"","100000007946400","AMP1","","",73.10539119,,"",
"","100000007946155","AMP1","","",88.91564275,,"",
"","100000007989520","AMP1","","",5.309398806,,"",
"","100000007947451","AMP1","","",41.66696087,,"",
"","100000007946026","NGC1","","",2.39,,"",
"","100000007945562","NGC1","","",2.71,,"",
"","100000007945587","NGC1","","",3.13,,"",
"","100000007945603","NGC1","","",3.02,,"",
"","100000007945626","NGC1","","",3.38,,"",
"","100000007945639","NGC1","","",11.68,,"",
"","100000007945567","NGC1","","",0.3525,,"",
"","100000007945581","NGC1","","",0.436,,"",
"","100000007945607","NGC1","","",0.572,,"",
"","100000007945529","NGC1","","",0.48,,"",
"","100000007945544","NGC1","","",0.521,,"",
"","100000007945568","NGC1","","",0.609,,"",
"","100000007945582","NGC1","","",0.56,,"",
"","100000007935667","NAT1","","",11.6928,,"",
"","100000007935702","NAT1","","",71.3605,,"",
"","100000007935950","NAT1","","",13.4367,,"",
"","100000007935903","NAT1","","",12.4393,,"",
"","100000007937884","NAT1","","",184.965,,"",
"","100000007937951","NAT1","","",366.0012,,"",
"","100000007937807","NAT1","","",387.957,,"",
"","100000007944555","NGC1","","",1.89,,"",
"","100000007944591","NGC1","","",0.1995,,"",
"","100000007944605","NGC1","","",0.246,,"",
"","100000007944518","NGC1","","",0.2215,,"",
"","100000007933023","NGC1","","",0.132,,"",
"","100000007945152","NGC1","","",11.42,,"",
"","100000007945171","NGC1","","",12.31,,"",
"","100000007945919","NGC1","","",1.25,,"",
"","100000007945827","NGC1","","",1.58,,"",
"","100000007945778","NGC1","","",1.3,,"",
"","100000007955250","NGC1","","",0.108,,"",
"","100000007945641","NGC1","","",3.45,,"",
"","100000007945538","NGC1","","",3.85,,"",
"","100000007945556","NGC1","","",4.16,,"",
"","100000007945573","NGC1","","",4.66,,"",
"","100000007945606","NGC1","","",5.08,,"",
"","100000007945631","NGC1","","",5.48,,"",
"","100000007945646","NGC1","","",6.68,,"",
"","100000007945608","NGC1","","",0.649,,"",
"","100000007945624","NGC1","","",0.694,,"",
"","100000007945530","NGC1","","",0.98,,"",
"","100000007945583","NGC1","","",0.31,,"",
"","100000007945635","NGC1","","",1.19,,"",
"","100000007945526","NGC1","","",1.66,,"",
"","100000007936519","NAT1","","",18.5386,,"",
"","100000007935781","NAT1","","",160.5348,,"",
"","100000007951062","NGC1","","",1.2,,"",
"","100000007951077","NGC1","","",0.98,,"",
"","100000007951099","NGC1","","",1.35,,"",
"","100000007951052","NGC1","","",0.2665,,"",
"","100000007944557","NGC1","","",0.188,,"",
"","100000007944578","NGC1","","",0.27,,"",
"","100000007944592","NGC1","","",0.309,,"",
"","100000007944612","NGC1","","",0.397,,"",
"","100000007944519","NGC1","","",0.387,,"",
"","100000007944545","NGC1","","",0.544,,"",
"","100000007944795","NGC1","","",0.2035,,"",
"","100000007943602","NGC1","","",7.44,,"",
"","100000007944856","NGC1","","",6.25,,"",
"","100000007944783","NGC1","","",7.22,,"",
"","100000007933531","NGC1","","",0.85,,"",
"","100000007945682","NGC1","","",1.45,,"",
"","100000007945709","NGC1","","",1.33,,"",
"","100000007945728","NGC1","","",1.56,,"",
"","100000007945751","NGC1","","",1.67,,"",
"","100000007945770","NGC1","","",1.94,,"",
"","100000007945647","NGC1","","",1.87,,"",
"","100000007945692","NGC1","","",2.15,,"",
"","100000007945717","NGC1","","",2.25,,"",
"","100000007945745","NGC1","","",2.47,,"",
"","100000007956351","NGC1","","",0.482,,"",
"","100000007956065","NGC1","","",1.329,,"",
"","100000007956137","NGC1","","",0.536,,"",
"","100000007956185","NGC1","","",1.536,,"",
"","100000007956260","NGC1","","",0.62,,"",
"","100000007945542","NGC1","","",8.12,,"",
"","100000007945557","NGC1","","",8.24,,"",
"","100000007945599","NGC1","","",9.89,,"",
"","100000007945753","NGC1","","",3.36,,"",
"","100000007945771","NGC1","","",3.68,,"",
"","100000007945661","NGC1","","",4.51,,"",
"","100000007945677","NGC1","","",5.1,,"",
"","100000007945701","NGC1","","",5.68,,"",
"","100000007945537","NGC1","","",1.71,,"",
"","100000007946587","NGC1","","",1.56,,"",
"","100000007946604","NGC1","","",1.82,,"",
"","100000007946498","NGC1","","",2,,"",
"","100000007946538","NGC1","","",2.83,,"",
"","100000007936492","NAT1","","",31.9534,,"",
"","100000007936154","NAT1","","",60.5892,,"",
"","100000007932278","NAT1","","",0.1989,,"",
"","100000007932296","NAT1","","",0.1694,,"",
"","100000007932237","NAT1","","",0.4905,,"",
"","100000007932263","NAT1","","",0.4087,,"",
"","100000007932304","NAT1","","",0.4201,,"",
"","100000007951663","NGC1","","",9.33,,"",
"","100000007950633","NGC1","","",3.92,,"",
"","100000007950654","NGC1","","",4.27,,"",
"","100000007950632","NGC1","","",4.71,,"",
"","100000007950662","NGC1","","",4.88,,"",
"","100000007950682","NGC1","","",6.09,,"",
"","100000007950713","NGC1","","",8.13,,"",
"","100000007950762","NGC1","","",10.19,,"",
"","100000007950780","NGC1","","",11.33,,"",
"","100000007944754","NGC1","","",0.3875,,"",
"","100000007944664","NGC1","","",0.474,,"",
"","100000007944681","NGC1","","",0.433,,"",
"","100000007944722","NGC1","","",0.524,,"",
"","100000007944746","NGC1","","",0.568,,"",
"","100000007944658","NGC1","","",0.662,,"",
"","100000007944684","NGC1","","",0.608,,"",
"","100000007944699","NGC1","","",0.707,,"",
"","100000007944724","NGC1","","",0.754,,"",
"","100000007940328","NGC1","","",1.06,,"",
"","100000007940346","NGC1","","",1.18,,"",
"","100000007933229","NGC1","","",0.58,,"",
"","100000007945694","NGC1","","",2.78,,"",
"","100000007945718","NGC1","","",3.07,,"",
"","100000007956307","NGC1","","",1.793,,"",
"","100000007956010","NGC1","","",0.74,,"",
"","100000007956045","NGC1","","",0.89,,"",
"","100000007955515","NGC1","","",0.86,,"",
"","100000007955541","NGC1","","",0.99,,"",
"","100000007945747","NGC1","","",7.17,,"",
"","100000007945762","NGC1","","",0.564,,"",
"","100000007945649","NGC1","","",0.682,,"",
"","100000007945669","NGC1","","",0.616,,"",
"","100000007945693","NGC1","","",0.734,,"",
"","100000007945711","NGC1","","",0.793,,"",
"","100000007945737","NGC1","","",0.93,,"",
"","100000007945752","NGC1","","",0.88,,"",
"","100000007946530","NGC1","","",4.26,,"",
"","100000007946547","NGC1","","",4.49,,"",
"","100000007946475","NGC1","","",5.05,,"",
"","100000007946478","NGC1","","",5.63,,"",
"","100000007946543","NGC1","","",6.2,,"",
"","100000007946559","NGC1","","",6.77,,"",
"","100000007932322","NAT1","","",0.7292,,"",
"","100000007951717","NGC1","","",1.343,,"",
"","100000007951670","NGC1","","",18.65,,"",
"","100000007944673","NGC1","","",0.3395,,"",
"","100000007945214","NGC1","","",0.98,,"",
"","100000007945087","NGC1","","",1.14,,"",
"","100000007945119","NGC1","","",1.08,,"",
"","100000007945968","NGC1","","",1.27,,"",
"","100000007934947","NGC1","","",0.179,,"",
"","100000007934972","NGC1","","",0.22,,"",
"","100000007934849","NGC1","","",0.253,,"",
"","100000007934876","NGC1","","",0.317,,"",
"","100000007934760","NGC1","","",0.287,,"",
"","100000007934777","NGC1","","",0.1925,,"",
"","100000007934792","NGC1","","",0.55,,"",
"","100000007934812","NGC1","","",0.621,,"",
"","100000007934723","NGC1","","",0.7,,"",
"","100000007934765","NGC1","","",0.2175,,"",
"","100000007950877","NGC1","","",1.96,,"",
"","100000007950821","NGC1","","",2.3,,"",
"","100000007950835","NGC1","","",2.32,,"",
"","100000007945779","NGC1","","",1.04,,"",
"","100000007945660","NGC1","","",1.09,,"",
"","100000007946505","NGC1","","",1.3,,"",
"","100000007946563","NGC1","","",0.49,,"",
"","100000007944004","NGC1","","",1.64,,"",
"","100000007944025","NGC1","","",1.92,,"",
"","100000007946583","NGC1","","",7.35,,"",
"","100000007946599","NGC1","","",7.92,,"",
"","100000007946495","NGC1","","",9.61,,"",
"","100000007944000","NGC1","","",0.402,,"",
"","100000007944037","NGC1","","",0.48,,"",
"","100000007943939","NGC1","","",0.574,,"",
"","100000007943954","NGC1","","",0.1575,,"",
"","100000007939225","NAT1","","",117.1892,,"",
"","100000007939275","NAT1","","",126.4698,,"",
"","100000007939055","NAT1","","",107.1241,,"",
"","100000007943198","NGC1","","",0.61,,"",
"","100000007951304","NGC1","","",2.01,,"",
"","100000007953769","NGC1","","",2.27,,"",
"","100000007953792","NGC1","","",2.7,,"",
"","100000007953807","NGC1","","",2.34,,"",
"","100000007953747","NGC1","","",3.09,,"",
"","100000007953762","NGC1","","",3.5,,"",
"","100000007953750","NGC1","","",4.15,,"",
"","100000007953785","NGC1","","",5.04,,"",
"","100000007945989","NGC1","","",1.35,,"",
"","100000007946003","NGC1","","",1.53,,"",
"","100000007945949","NGC1","","",0.675,,"",
"","100000007945964","NGC1","","",1.71,,"",
"","100000007945983","NGC1","","",2.18,,"",
"","100000007946016","NGC1","","",2.4,,"",
"","100000007940158","NGC1","","",0.093,,"",
"","100000007940185","NGC1","","",0.1095,,"",
"","100000007940172","NGC1","","",0.116,,"",
"","100000007940189","NGC1","","",0.1455,,"",
"","100000007940216","NGC1","","",0.147,,"",
"","100000007940238","NGC1","","",0.172,,"",
"","100000007940122","NGC1","","",0.1775,,"",
"","100000007940114","NGC1","","",0.236,,"",
"","100000007940124","NGC1","","",0.2305,,"",
"","100000007935439","NGC1","","",0.1845,,"",
"","100000007935375","NGC1","","",0.168,,"",
"","100000007934775","NGC1","","",0.151,,"",
"","100000007934828","NGC1","","",0.1195,,"",
"","100000007934725","NGC1","","",0.111,,"",
"","100000007934767","NGC1","","",0.1335,,"",
"","100000007934785","NGC1","","",0.1135,,"",
"","100000007950848","NGC1","","",2.52,,"",
"","100000007950878","NGC1","","",2.62,,"",
"","100000007950890","NGC1","","",3.52,,"",
"","100000007950798","NGC1","","",3.92,,"",
"","100000007950812","NGC1","","",5.13,,"",
"","100000007950869","NGC1","","",9.61,,"",
"","100000007943337","NGC1","","",0.954,,"",
"","100000007943967","NGC1","","",2.15,,"",
"","100000007943981","NGC1","","",2.61,,"",
"","100000007944041","NGC1","","",2.87,,"",
"","100000007943945","NGC1","","",3.18,,"",
"","100000007943961","NGC1","","",3.69,,"",
"","100000007944006","NGC1","","",4.34,,"",
"","100000007943976","NGC1","","",0.648,,"",
"","100000007943955","NGC1","","",0.13,,"",
"","100000007943977","NGC1","","",0.1865,,"",
"","100000007943994","NGC1","","",0.1595,,"",
"","100000007944017","NGC1","","",0.1105,,"",
"","100000007944032","NGC1","","",0.2105,,"",
"","100000007936645","NAT1","","",72.1451,,"",
"","100000007936653","NAT1","","",67.5122,,"",
"","100000007938885","NAT1","","",165.9604,,"",
"","100000007953717","NGC1","","",0.2865,,"",
"","100000007953740","NGC1","","",0.375,,"",
"","100000007953765","NGC1","","",0.343,,"",
"","100000007953776","NGC1","","",0.2065,,"",
"","100000007953801","NGC1","","",0.442,,"",
"","100000007953832","NGC1","","",0.501,,"",
"","100000007953734","NGC1","","",0.631,,"",
"","100000007953357","NGC1","","",0.75,,"",
"","100000007953445","NGC1","","",0.2475,,"",
"","100000007946038","NGC1","","",2.62,,"",
"","100000007945942","NGC1","","",3.17,,"",
"","100000007945978","NGC1","","",4.97,,"",
"","100000007945937","NGC1","","",0.1835,,"",
"","100000007953645","NGC1","","",0.81,,"",
"","100000007953667","NGC1","","",0.96,,"",
"","100000007940177","NGC1","","",0.274,,"",
"","100000007940012","NGC1","","",0.161,,"",
"","100000007940032","NGC1","","",0.166,,"",
"","100000007935239","NGC1","","",0.176,,"",
"","100000007935603","NGC1","","",0.1515,,"",
"","100000007949367","NGC1","","",0.1975,,"",
"","100000007943267","NGC1","","",1.45,,"",
"","100000007943258","NGC1","","",0.726,,"",
"","100000007943999","NGC1","","",0.18,,"",
"","100000007944013","NGC1","","",0.238,,"",
"","100000007944036","NGC1","","",0.208,,"",
"","100000007943938","NGC1","","",0.291,,"",
"","100000007943949","NGC1","","",0.32,,"",
"","100000007943974","NGC1","","",0.411,,"",
"","100000007945472","NGC1","","",0.615,,"",
"","100000007943964","NGC1","","",0.251,,"",
"","100000007943984","NGC1","","",0.307,,"",
"","100000007943923","NGC1","","",0.358,,"",
"","100000007937449","NAT1","","",6.9791,,"",
"","100000007936356","NAT1","","",6.1844,,"",
"","100000007936392","NAT1","","",3.043,,"",
"","100000007936394","NAT1","","",16.9898,,"",
"","100000007936416","NAT1","","",3.6252,,"",
"","100000007936371","NAT1","","",3.289,,"",
"","100000007936385","NAT1","","",11.6789,,"",
"","100000007936427","NAT1","","",10.0913,,"",
"","100000007954981","NGC1","","",0.0995,,"",
"","100000007942950","NGC1","","",0.245,,"",
"","100000007942966","NGC1","","",0.298,,"",
"","100000007942991","NGC1","","",0.262,,"",
"","100000007953377","NGC1","","",5.75,,"",
"","100000007953392","NGC1","","",6.23,,"",
"","100000007953598","NGC1","","",1.26,,"",
"","100000007953472","NGC1","","",0.408,,"",
"","100000007953560","NGC1","","",3.21,,"",
"","100000007953481","NGC1","","",3.36,,"",
"","100000007953507","NGC1","","",3.74,,"",
"","100000007953532","NGC1","","",4.48,,"",
"","100000007932516","NGC1","","",0.04,,"",
"","100000007940083","NGC1","","",0.165,,"",
"","100000007939972","NGC1","","",0.202,,"",
"","100000007940004","NGC1","","",0.2045,,"",
"","100000007940022","NGC1","","",0.3125,,"",
"","100000007940052","NGC1","","",0.2455,,"",
"","100000007932388","NGC1","","",0.287,,"",
"","100000007932403","NGC1","","",0.354,,"",
"","100000007936069","NGC1","","",0.122,,"",
"","100000007949921","NGC1","","",2.88,,"",
"","100000007955270","NGC1","","",0.2285,,"",
"","100000007954639","NGC1","","",0.1595,,"",
"","100000007942864","NGC1","","",6.51,,"",
"","100000007942898","NGC1","","",7.5,,"",
"","100000007942800","NGC1","","",9.01,,"",
"","100000007945486","NGC1","","",0.746,,"",
"","100000007945506","NGC1","","",0.675,,"",
"","100000007945418","NGC1","","",0.802,,"",
"","100000007945432","NGC1","","",0.868,,"",
"","100000007945017","NGC1","","",1.03,,"",
"","100000007945031","NGC1","","",0.96,,"",
"","100000007945064","NGC1","","",1.19,,"",
"","100000007945083","NGC1","","",1.41,,"",
"","100000007935937","NAT1","","",30.6511,,"",
"","100000007935869","NAT1","","",17.2995,,"",
"","100000007935885","NAT1","","",70.2998,,"",
"","100000007937598","NAT1","","",64.7539,,"",
"","100000007954973","NGC1","","",0.2505,,"",
"","100000007954996","NGC1","","",0.317,,"",
"","100000007955017","NGC1","","",0.302,,"",
"","100000007955030","NGC1","","",0.202,,"",
"","100000007954958","NGC1","","",0.371,,"",
"","100000007943073","NGC1","","",0.234,,"",
"","100000007944618","NGC1","","",12.1,,"",
"","100000007943348","NGC1","","",0.443,,"",
"","100000007953467","NGC1","","",5.13,,"",
"","100000007953482","NGC1","","",6.17,,"",
"","100000007953546","NGC1","","",6.91,,"",
"","100000007953459","NGC1","","",8.69,,"",
"","100000007954258","NGC1","","",1.63,,"",
"","100000007932526","NGC1","","",0.0895,,"",
"","100000007932546","NGC1","","",0.135,,"",
"","100000007932361","NGC1","","",0.541,,"",
"","100000007935988","NGC1","","",0.1835,,"",
"","100000007936037","NGC1","","",0.147,,"",
"","100000007955264","NGC1","","",1.58,,"",
"","100000007954527","NGC1","","",0.201,,"",
"","100000007954541","NGC1","","",0.173,,"",
"","100000007954586","NGC1","","",0.1235,,"",
"","100000007954542","NGC1","","",0.257,,"",
"","100000007955340","NGC1","","",0.376,,"",
"","100000007955360","NGC1","","",0.454,,"",
"","100000007982820","FSD1","","",0.04071,,"",
"","100000007982848","FSD1","","",0.04014,,"",
"","100000007982986","FSD1","","",0.04465,,"",
"","100000007990440","FSD1","","",1.59899,,"",
"","100000007989892","FSD1","","",0.17893,,"",
"","100000008000560","FSD1","","",1.66567,,"",
"","100000007916100","FSD1","","",13.93069,,"",
"","100000007916092","FSD1","","",14.3369,,"",
"","100000007916149","FSD1","","",21.11649,,"",
"","100000007920054","FSD1","","",4.43933,,"",
"","100000007919939","FSD1","","",4.45028,,"",
"","100000007919958","FSD1","","",3.54641,,"",
"","100000007919985","FSD1","","",10.99725,,"",
"","100000007920003","FSD1","","",1.20237,,"",
"","100000007920045","FSD1","","",3.22307,,"",
"","100000007920014","FSD1","","",4.44265,,"",
"","100000007920023","FSD1","","",5.95299,,"",
"","100000007918719","FSD1","","",6.13868,,"",
"","100000007918710","FSD1","","",16.40474,,"",
"","100000007918730","FSD1","","",9.0186,,"",
"","100000007921059","FSD1","","",24.8135,,"",
"","100000007933630","FSD1","","",0.27045,,"",
"","100000007932653","FSD1","","",0.04953,,"",
"","100000007932583","FSD1","","",0.05017,,"",
"","100000007934948","FSD1","","",0.04394,,"",
"","100000007934765","FSD1","","",0.04817,,"",
"","100000007935587","FSD1","","",0.00702,,"",
"","100000007938835","FSD1","","",0.13843,,"",
"","100000007939741","FSD1","","",0.05237,,"",
"","100000007940602","FSD1","","",0.73214,,"",
"","100000007940630","FSD1","","",0.87108,,"",
"","100000007940652","FSD1","","",0.96799,,"",
"","100000007940683","FSD1","","",1.20544,,"",
"","100000007940703","FSD1","","",1.06391,,"",
"","100000007940568","FSD1","","",1.57146,,"",
"","100000007941656","FSD1","","",1.672,,"",
"","100000007940291","FSD1","","",0.19199,,"",
"","100000007940310","FSD1","","",0.23602,,"",
"","100000007941634","FSD1","","",0.52517,,"",
"","100000007941658","FSD1","","",0.61722,,"",
"","100000007941675","FSD1","","",0.65555,,"",
"","100000007941227","FSD1","","",0.15293,,"",
"","100000007941122","FSD1","","",0.18025,,"",
"","100000007938978","FSD1","","",4.89781,,"",
"","100000007942475","FSD1","","",0.2629,,"",
"","100000007943211","FSD1","","",0.35636,,"",
"","100000007943232","FSD1","","",0.29691,,"",
"","100000007943301","FSD1","","",0.44412,,"",
"","100000007943326","FSD1","","",0.54835,,"",
"","100000007952863","FSD1","","",0.53892,,"",
"","100000007952925","FSD1","","",0.66057,,"",
"","100000007952828","FSD1","","",0.80712,,"",
"","100000007952273","FSD1","","",5.59865,,"",
"","100000007952158","FSD1","","",8.25286,,"",
"","100000007952203","FSD1","","",8.83378,,"",
"","100000007951866","FSD1","","",0.29163,,"",
"","100000007949515","FSD1","","",0.24498,,"",
"","100000007949534","FSD1","","",0.29688,,"",
"","100000007949602","FSD1","","",0.34914,,"",
"","100000007949612","FSD1","","",0.4574,,"",
"","100000007960978","FSD1","","",0.18832,,"",
"","100000007961000","FSD1","","",0.28239,,"",
"","100000007958749","FSD1","","",0.03612,,"",
"","100000007958800","FSD1","","",0.03942,,"",
"","100000007968058","FSD1","","",0.08668,,"",
"","100000007986379","FSD1","","",0.4582,,"",
"","100000007990640","FSD1","","",0.49572,,"",
"","100000007916140","FSD1","","",1.76943,,"",
"","100000007916893","FSD1","","",4.0873,,"",
"","100000007916903","FSD1","","",3.50178,,"",
"","100000007916962","FSD1","","",7.75949,,"",
"","100000007919845","FSD1","","",6.18802,,"",
"","100000007919865","FSD1","","",15.9338,,"",
"","100000007919878","FSD1","","",5.36666,,"",
"","100000007919888","FSD1","","",7.11,,"",
"","100000007919889","FSD1","","",6.27537,,"",
"","100000007919723","FSD1","","",3.28451,,"",
"","100000007919759","FSD1","","",7.44463,,"",
"","100000007919781","FSD1","","",4.1237,,"",
"","100000007919829","FSD1","","",9.2124,,"",
"","100000007918711","FSD1","","",5.04756,,"",
"","100000007918731","FSD1","","",5.13192,,"",
"","100000007918748","FSD1","","",5.14504,,"",
"","100000007918698","FSD1","","",5.13419,,"",
"","100000007918360","FSD1","","",0.64407,,"",
"","100000007932603","FSD1","","",0.05222,,"",
"","100000007933516","FSD1","","",0.36742,,"",
"","100000007932516","FSD1","","",0.02067,,"",
"","100000007934775","FSD1","","",0.00871,,"",
"","100000007935535","FSD1","","",0.0113,,"",
"","100000007935553","FSD1","","",0.00669,,"",
"","100000007935605","FSD1","","",0.02475,,"",
"","100000007935519","FSD1","","",0.02323,,"",
"","100000007939932","FSD1","","",0.11406,,"",
"","100000007939992","FSD1","","",0.12946,,"",
"","100000007940041","FSD1","","",0.1775,,"",
"","100000007942950","FSD1","","",0.11534,,"",
"","100000007942966","FSD1","","",0.13692,,"",
"","100000007942991","FSD1","","",0.10549,,"",
"","100000007943348","FSD1","","",0.26128,,"",
"","100000007941140","FSD1","","",0.23416,,"",
"","100000007941162","FSD1","","",0.25855,,"",
"","100000007941177","FSD1","","",0.22652,,"",
"","100000007941203","FSD1","","",0.22571,,"",
"","100000007941218","FSD1","","",0.25929,,"",
"","100000007941114","FSD1","","",0.31983,,"",
"","100000007941130","FSD1","","",0.38288,,"",
"","100000007941154","FSD1","","",0.42615,,"",
"","100000007941178","FSD1","","",0.33777,,"",
"","100000007940142","FSD1","","",0.02897,,"",
"","100000007940167","FSD1","","",0.03117,,"",
"","100000007943293","FSD1","","",0.20965,,"",
"","100000007952879","FSD1","","",0.94934,,"",
"","100000007952905","FSD1","","",1.07108,,"",
"","100000007952843","FSD1","","",1.37605,,"",
"","100000007947900","FSD1","","",0.80241,,"",
"","100000007947921","FSD1","","",0.85313,,"",
"","100000007947941","FSD1","","",0.96704,,"",
"","100000007947972","FSD1","","",0.90328,,"",
"","100000007951786","FSD1","","",0.333,,"",
"","100000007951809","FSD1","","",0.29394,,"",
"","100000007951823","FSD1","","",0.37756,,"",
"","100000007951843","FSD1","","",0.41753,,"",
"","100000007951859","FSD1","","",0.49638,,"",
"","100000007951880","FSD1","","",0.49035,,"",
"","100000007951818","FSD1","","",0.65404,,"",
"","100000007951832","FSD1","","",0.58513,,"",
"","100000007951851","FSD1","","",0.66736,,"",
"","100000007950763","FSD1","","",4.04129,,"",
"","100000007950633","FSD1","","",4.77142,,"",
"","100000007950654","FSD1","","",4.3506,,"",
"","100000007950632","FSD1","","",5.42379,,"",
"","100000007950662","FSD1","","",6.21802,,"",
"","100000007950682","FSD1","","",6.73391,,"",
"","100000007949575","FSD1","","",0.47926,,"",
"","100000007949613","FSD1","","",0.77588,,"",
"","100000007965269","FSD1","","",0.02611,,"",
"","100000007965784","FSD1","","",0.03392,,"",
"","100000007962120","FSD1","","",0.07096,,"",
"","100000007964542","FSD1","","",0.062,,"",
"","100000007963663","FSD1","","",0.05494,,"",
"","100000007963693","FSD1","","",0.06275,,"",
"","100000007958522","FSD1","","",0.05079,,"",
"","100000007958622","FSD1","","",0.04085,,"",
"","100000007958694","FSD1","","",0.04181,,"",
"","100000007958376","FSD1","","",0.05092,,"",
"","100000007958437","FSD1","","",0.11668,,"",
"","100000007967702","FSD1","","",0.08294,,"",
"","100000007989244","FSD1","","",0.04969,,"",
"","100000007986187","FSD1","","",0.04458,,"",
"","100000007986344","FSD1","","",0.0553,,"",
"","100000007986397","FSD1","","",0.06495,,"",
"","100000007986072","FSD1","","",0.08318,,"",
"","100000007983748","FSD1","","",0.18139,,"",
"","100000007983392","FSD1","","",0.20207,,"",
"","100000007983441","FSD1","","",0.30711,,"",
"","100000007988693","FSD1","","",0.33531,,"",
"","100000007984686","FSD1","","",0.06467,,"",
"","100000007984561","FSD1","","",0.04559,,"",
"","100000007982554","FSD1","","",0.04999,,"",
"","100000007982603","FSD1","","",0.10988,,"",
"","100000007982731","FSD1","","",0.08231,,"",
"","100000007992569","FSD1","","",0.07309,,"",
"","100000007992666","FSD1","","",0.0897,,"",
"","100000007992722","FSD1","","",0.16195,,"",
"","100000007992755","FSD1","","",0.09286,,"",
"","100000007992522","FSD1","","",0.12849,,"",
"","100000007997602","FSD1","","",0.51059,,"",
"","100000008003508","FSD1","","",0.74652,,"",
"","100000007916969","FSD1","","",9.07927,,"",
"","100000007916867","FSD1","","",9.01444,,"",
"","100000007916892","FSD1","","",8.5016,,"",
"","100000007916912","FSD1","","",12.4536,,"",
"","100000007917150","FSD1","","",0.0624,,"",
"","100000007917173","FSD1","","",0.10667,,"",
"","100000007916975","FSD1","","",9.83941,,"",
"","100000007916850","FSD1","","",8.70062,,"",
"","100000007916479","FSD1","","",4.14881,,"",
"","100000007919830","FSD1","","",359.68339,,"",
"","100000007919853","FSD1","","",5.92788,,"",
"","100000007919866","FSD1","","",8.39406,,"",
"","100000007919724","FSD1","","",9.1429,,"",
"","300001553524190","FSD1","","",145.53028,,"",
"","100000007919761","FSD1","","",4.41694,,"",
"","100000007919802","FSD1","","",3.38026,,"",
"","100000007919529","FSD1","","",4.97941,,"",
"","100000007920810","FSD1","","",4.72781,,"",
"","100000007921739","FSD1","","",0.47548,,"",
"","100000007918915","FSD1","","",1.97359,,"",
"","100000007921516","FSD1","","",0.07793,,"",
"","100000007921847","FSD1","","",0.05913,,"",
"","100000007921868","FSD1","","",0.08656,,"",
"","100000007921838","FSD1","","",0.08442,,"",
"","100000007932192","FSD1","","",0.06346,,"",
"","100000007932206","FSD1","","",0.04747,,"",
"","100000007933531","FSD1","","",0.27704,,"",
"","100000007932223","FSD1","","",0.10014,,"",
"","100000007932107","FSD1","","",0.03121,,"",
"","100000007932018","FSD1","","",0.02166,,"",
"","100000007932075","FSD1","","",0.06321,,"",
"","100000007932098","FSD1","","",0.08206,,"",
"","100000007932000","FSD1","","",0.06073,,"",
"","100000007935545","FSD1","","",0.02364,,"",
"","100000007935570","FSD1","","",0.02433,,"",
"","100000007935588","FSD1","","",0.01436,,"",
"","100000007935495","FSD1","","",0.01056,,"",
"","100000007935524","FSD1","","",0.02967,,"",
"","100000007937526","FSD1","","",0.25951,,"",
"","100000007939760","FSD1","","",0.05864,,"",
"","100000007941034","FSD1","","",0.46525,,"",
"","100000007942646","FSD1","","",0.21124,,"",
"","100000007941193","FSD1","","",0.35849,,"",
"","100000007941219","FSD1","","",0.38343,,"",
"","100000007941237","FSD1","","",0.42083,,"",
"","100000007941131","FSD1","","",0.47293,,"",
"","100000007941147","FSD1","","",0.71335,,"",
"","100000007941191","FSD1","","",0.97626,,"",
"","100000007941235","FSD1","","",1.4312,,"",
"","100000007941137","FSD1","","",0.37407,,"",
"","100000007941159","FSD1","","",0.46393,,"",
"","100000007941174","FSD1","","",0.47355,,"",
"","100000007941200","FSD1","","",0.51085,,"",
"","100000007941215","FSD1","","",0.56845,,"",
"","100000007940233","FSD1","","",0.0227,,"",
"","100000007940118","FSD1","","",0.02017,,"",
"","100000007940153","FSD1","","",0.02127,,"",
"","100000007940168","FSD1","","",0.02494,,"",
"","100000007940206","FSD1","","",0.02659,,"",
"","100000007940224","FSD1","","",0.03429,,"",
"","100000007951663","FSD1","","",6.43101,,"",
"","100000007951655","FSD1","","",13.69394,,"",
"","100000007951670","FSD1","","",14.50952,,"",
"","100000007950518","FSD1","","",0.88586,,"",
"","100000007950535","FSD1","","",1.07537,,"",
"","100000007949305","FSD1","","",0.80197,,"",
"","100000007949320","FSD1","","",0.69809,,"",
"","100000007949338","FSD1","","",6.39299,,"",
"","100000007952099","FSD1","","",0.73427,,"",
"","100000007948825","FSD1","","",1.82558,,"",
"","100000007948875","FSD1","","",1.9475,,"",
"","100000007950713","FSD1","","",7.25153,,"",
"","100000007952105","FSD1","","",0.05483,,"",
"","100000007952117","FSD1","","",0.24119,,"",
"","100000007968510","FSD1","","",0.02773,,"",
"","100000007968374","FSD1","","",0.11881,,"",
"","100000007968447","FSD1","","",0.06823,,"",
"","100000007968305","FSD1","","",0.07839,,"",
"","100000007968193","FSD1","","",0.12579,,"",
"","100000007965350","FSD1","","",0.02598,,"",
"","100000007988548","FSD1","","",0.09928,,"",
"","100000007988720","FSD1","","",0.08325,,"",
"","100000007988547","FSD1","","",0.09841,,"",
"","100000007988609","FSD1","","",0.12165,,"",
"","100000007987429","FSD1","","",0.41667,,"",
"","100000007987479","FSD1","","",1.332,,"",
"","100000007985326","FSD1","","",0.06225,,"",
"","100000007985350","FSD1","","",0.07553,,"",
"","100000007991564","FSD1","","",0.1509,,"",
"","100000007991660","FSD1","","",0.15,,"",
"","100000007982263","FSD1","","",0.1899,,"",
"","100000007982317","FSD1","","",0.11499,,"",
"","100000007982353","FSD1","","",0.01003,,"",
"","100000007982375","FSD1","","",0.01439,,"",
"","100000008000723","FSD1","","",2.6256,,"",
"","100000008000956","FSD1","","",1.29535,,"",
"","100000008001127","FSD1","","",1.19657,,"",
"","100000008000045","FSD1","","",3.0632,,"",
"","100000008000231","FSD1","","",1.18512,,"",
"","100000008000478","FSD1","","",1.54314,,"",
"","100000008000645","FSD1","","",4.65075,,"",
"","100000007917212","FSD1","","",3.09578,,"",
"","100000007916530","FSD1","","",1.94979,,"",
"","100000007916436","FSD1","","",1.94027,,"",
"","100000007916470","FSD1","","",3.84466,,"",
"","100000007916493","FSD1","","",3.88845,,"",
"","100000007917630","FSD1","","",9.47372,,"",
"","100000007919854","FSD1","","",5.29334,,"",
"","100000007916757","FSD1","","",4.94991,,"",
"","100000007916777","FSD1","","",5.81472,,"",
"","100000007916797","FSD1","","",7.17115,,"",
"","100000007916717","FSD1","","",7.9099,,"",
"","100000007918993","FSD1","","",17.07613,,"",
"","100000007921763","FSD1","","",0.21217,,"",
"","100000007921811","FSD1","","",1.14031,,"",
"","100000007920834","FSD1","","",0.02949,,"",
"","100000007932250","FSD1","","",0.11299,,"",
"","100000007932268","FSD1","","",0.09918,,"",
"","100000007932292","FSD1","","",0.04806,,"",
"","100000007932334","FSD1","","",0.16841,,"",
"","100000007932021","FSD1","","",0.03359,,"",
"","100000007931959","FSD1","","",0.0492,,"",
"","100000007935287","FSD1","","",0.05455,,"",
"","100000007942209","FSD1","","",0.11846,,"",
"","100000007942227","FSD1","","",0.26581,,"",
"","100000007942153","FSD1","","",0.3143,,"",
"","100000007942194","FSD1","","",0.37041,,"",
"","100000007941059","FSD1","","",0.4003,,"",
"","100000007940550","FSD1","","",0.41753,,"",
"","100000007940433","FSD1","","",0.52536,,"",
"","100000007940463","FSD1","","",0.65421,,"",
"","100000007939561","FSD1","","",0.14596,,"",
"","100000007939582","FSD1","","",0.15843,,"",
"","100000007939611","FSD1","","",0.18777,,"",
"","100000007939632","FSD1","","",0.17347,,"",
"","100000007939536","FSD1","","",0.20134,,"",
"","100000007941112","FSD1","","",0.54204,,"",
"","100000007941185","FSD1","","",0.65463,,"",
"","100000007941225","FSD1","","",0.73073,,"",
"","100000007941120","FSD1","","",0.81416,,"",
"","100000007941138","FSD1","","",0.88384,,"",
"","100000007941128","FSD1","","",1.29441,,"",
"","100000007941459","FSD1","","",1.70956,,"",
"","100000007940201","FSD1","","",0.04364,,"",
"","100000007940131","FSD1","","",0.02641,,"",
"","100000007940171","FSD1","","",0.02659,,"",
"","100000007940177","FSD1","","",0.06766,,"",
"","100000007939944","FSD1","","",0.15806,,"",
"","100000007952340","FSD1","","",0.81403,,"",
"","100000007952633","FSD1","","",6.29925,,"",
"","100000007949376","FSD1","","",0.8007,,"",
"","100000007949306","FSD1","","",0.88087,,"",
"","100000007949367","FSD1","","",0.07368,,"",
"","100000007949284","FSD1","","",0.14156,,"",
"","100000007949296","FSD1","","",0.16098,,"",
"","100000007949318","FSD1","","",0.1952,,"",
"","100000007949329","FSD1","","",0.18157,,"",
"","100000007949350","FSD1","","",0.22584,,"",
"","100000007949373","FSD1","","",0.22186,,"",
"","100000007949275","FSD1","","",0.25593,,"",
"","100000007948775","FSD1","","",2.52578,,"",
"","100000007952039","FSD1","","",5.14929,,"",
"","100000007952058","FSD1","","",1.12195,,"",
"","100000007950957","FSD1","","",0.35873,,"",
"","100000007950993","FSD1","","",0.40378,,"",
"","100000007951907","FSD1","","",0.2212,,"",
"","100000007951927","FSD1","","",0.22683,,"",
"","100000007950798","FSD1","","",4.48998,,"",
"","100000007950812","FSD1","","",4.05741,,"",
"","100000007950869","FSD1","","",7.75827,,"",
"","100000007968303","FSD1","","",0.16817,,"",
"","100000007968168","FSD1","","",1.52468,,"",
"","100000007970303","FSD1","","",0.03506,,"",
"","100000007970344","FSD1","","",0.0434,,"",
"","100000007967446","FSD1","","",0.03647,,"",
"","100000007967489","FSD1","","",0.04815,,"",
"","100000007988716","FSD1","","",0.13375,,"",
"","100000007988166","FSD1","","",0.09772,,"",
"","100000007984312","FSD1","","",0.01186,,"",
"","100000007986840","FSD1","","",0.49921,,"",
"","100000008000851","FSD1","","",0.10291,,"",
"","100000007918636","FSD1","","",3.44581,,"",
"","100000007918605","FSD1","","",5.95944,,"",
"","100000007918593","FSD1","","",6.02925,,"",
"","100000007918626","FSD1","","",5.88997,,"",
"","100000007918570","FSD1","","",6.07846,,"",
"","100000007918794","FSD1","","",6.07415,,"",
"","100000007918818","FSD1","","",10.24944,,"",
"","100000007917839","FSD1","","",6.87802,,"",
"","100000007917774","FSD1","","",5.90239,,"",
"","100000007917790","FSD1","","",7.96532,,"",
"","300000892769364","FSD1","","",11.31984,,"",
"","100000007917800","FSD1","","",8.92141,,"",
"","100000007917814","FSD1","","",21.18804,,"",
"","100000007920830","FSD1","","",1.19038,,"",
"","100000007921292","FSD1","","",1.19933,,"",
"","100000007934545","FSD1","","",0.02961,,"",
"","100000007932872","FSD1","","",0.08231,,"",
"","100000007933862","FSD1","","",0.24537,,"",
"","100000007932109","FSD1","","",0.01498,,"",
"","100000007932526","FSD1","","",0.04007,,"",
"","100000007932546","FSD1","","",0.05717,,"",
"","100000007938639","FSD1","","",0.05593,,"",
"","100000007938553","FSD1","","",0.08686,,"",
"","100000007934858","FSD1","","",0.05745,,"",
"","100000007937342","FSD1","","",0.05464,,"",
"","100000007941758","FSD1","","",0.49895,,"",
"","100000007940560","FSD1","","",0.69778,,"",
"","100000007940412","FSD1","","",0.12671,,"",
"","100000007940432","FSD1","","",0.73348,,"",
"","100000007940920","FSD1","","",0.34602,,"",
"","100000007940782","FSD1","","",0.39938,,"",
"","100000007940817","FSD1","","",0.44926,,"",
"","100000007940881","FSD1","","",0.41918,,"",
"","100000007940908","FSD1","","",0.51399,,"",
"","100000007940769","FSD1","","",0.15852,,"",
"","100000007940770","FSD1","","",0.18608,,"",
"","100000007939475","FSD1","","",0.11534,,"",
"","100000007939366","FSD1","","",0.12506,,"",
"","100000007940284","FSD1","","",0.14055,,"",
"","100000007939118","FSD1","","",0.31741,,"",
"","100000007942470","FSD1","","",0.13866,,"",
"","100000007942473","FSD1","","",0.07559,,"",
"","100000007942394","FSD1","","",0.20989,,"",
"","100000007942406","FSD1","","",0.24836,,"",
"","100000007942428","FSD1","","",0.22791,,"",
"","100000007942130","FSD1","","",2.39335,,"",
"","100000007942202","FSD1","","",3.83674,,"",
"","100000007942233","FSD1","","",0.04658,,"",
"","100000007948589","FSD1","","",0.17356,,"",
"","100000007948483","FSD1","","",0.21062,,"",
"","100000007948509","FSD1","","",0.2124,,"",
"","100000007948557","FSD1","","",0.26128,,"",
"","100000007952632","FSD1","","",14.71898,,"",
"","100000007950313","FSD1","","",10.4844,,"",
"","100000007949971","FSD1","","",0.06911,,"",
"","100000007950020","FSD1","","",0.0454,,"",
"","100000007950067","FSD1","","",0.11345,,"",
"","100000007950096","FSD1","","",0.12451,,"",
"","100000007949923","FSD1","","",0.14422,,"",
"","100000007949959","FSD1","","",0.12524,,"",
"","100000007950105","FSD1","","",4.3451,,"",
"","100000007949934","FSD1","","",0.47805,,"",
"","100000007949957","FSD1","","",0.42995,,"",
"","100000007949993","FSD1","","",0.56315,,"",
"","100000007948664","FSD1","","",1.55945,,"",
"","100000007952780","FSD1","","",0.717,,"",
"","100000007952808","FSD1","","",0.61722,,"",
"","100000007952678","FSD1","","",0.73704,,"",
"","100000007952699","FSD1","","",0.90788,,"",
"","100000007952727","FSD1","","",0.74709,,"",
"","100000007952752","FSD1","","",1.07328,,"",
"","100000007952781","FSD1","","",0.94967,,"",
"","100000007952799","FSD1","","",1.3417,,"",
"","100000007962245","FSD1","","",0.11987,,"",
"","100000007962295","FSD1","","",0.14459,,"",
"","100000007962371","FSD1","","",0.23141,,"",
"","100000007962414","FSD1","","",0.16899,,"",
"","100000007962482","FSD1","","",0.22197,,"",
"","100000007970145","FSD1","","",0.02408,,"",
"","100000007967124","FSD1","","",0.03666,,"",
"","100000007966914","FSD1","","",0.05563,,"",
"","100000007966975","FSD1","","",0.06249,,"",
"","100000007967016","FSD1","","",0.10608,,"",
"","100000007983858","FSD1","","",0.01414,,"",
"","100000007984029","FSD1","","",0.01447,,"",
"","100000007984082","FSD1","","",0.0124,,"",
"","100000007993852","FSD1","","",1.09934,,"",
"","100000007980906","FSD1","","",0.08692,,"",
"","100000007980610","FSD1","","",0.10711,,"",
"","100000007980661","FSD1","","",0.06205,,"",
"","100000007989940","FSD1","","",7.24436,,"",
"","100000007919631","FSD1","","",3.79772,,"",
"","100000007919640","FSD1","","",9.29634,,"",
"","100000007919662","FSD1","","",10.85062,,"",
"","100000007918864","FSD1","","",45.2887,,"",
"","100000007918784","FSD1","","",7.93129,,"",
"","100000007918803","FSD1","","",7.89431,,"",
"","100000007918882","FSD1","","",12.05299,,"",
"","100000007918892","FSD1","","",7.6003,,"",
"","100000007917846","FSD1","","",17.31973,,"",
"","100000007917871","FSD1","","",17.85694,,"",
"","100000007917888","FSD1","","",11.53164,,"",
"","100000007917791","FSD1","","",20.47763,,"",
"","100000007918279","FSD1","","",1.04369,,"",
"","100000007918769","FSD1","","",0.69378,,"",
"","100000007918655","FSD1","","",0.65174,,"",
"","100000007918128","FSD1","","",0.06497,,"",
"","100000007918146","FSD1","","",0.08209,,"",
"","100000007918121","FSD1","","",0.0523,,"",
"","100000007921166","FSD1","","",4.07855,,"",
"","100000007921223","FSD1","","",4.62811,,"",
"","100000007932388","FSD1","","",0.10597,,"",
"","100000007932403","FSD1","","",0.15566,,"",
"","100000007933873","FSD1","","",0.09607,,"",
"","100000007932474","FSD1","","",0.02123,,"",
"","100000007932465","FSD1","","",0.03737,,"",
"","100000007934860","FSD1","","",0.02464,,"",
"","100000007934875","FSD1","","",0.01463,,"",
"","100000007934932","FSD1","","",0.01902,,"",
"","100000007934964","FSD1","","",0.04192,,"",
"","100000007934848","FSD1","","",0.12486,,"",
"","100000007938223","FSD1","","",0.17884,,"",
"","100000007938117","FSD1","","",0.17935,,"",
"","100000007938134","FSD1","","",0.2245,,"",
"","100000007937159","FSD1","","",0.02494,,"",
"","100000007935988","FSD1","","",0.01014,,"",
"","100000007942976","FSD1","","",0.05653,,"",
"","100000007940757","FSD1","","",0.21361,,"",
"","100000007940795","FSD1","","",0.22987,,"",
"","100000007940821","FSD1","","",0.25349,,"",
"","100000007940885","FSD1","","",0.30538,,"",
"","100000007940691","FSD1","","",0.38587,,"",
"","100000007940608","FSD1","","",0.20585,,"",
"","100000007940629","FSD1","","",0.30328,,"",
"","100000007940661","FSD1","","",0.29369,,"",
"","100000007940305","FSD1","","",0.11314,,"",
"","100000007940315","FSD1","","",0.12011,,"",
"","100000007940345","FSD1","","",0.14572,,"",
"","100000007941681","FSD1","","",1.53202,,"",
"","100000007941583","FSD1","","",1.71007,,"",
"","100000007941623","FSD1","","",0.06266,,"",
"","100000007940338","FSD1","","",0.30623,,"",
"","100000007940385","FSD1","","",0.26644,,"",
"","100000007940282","FSD1","","",0.29688,,"",
"","100000007940328","FSD1","","",0.35775,,"",
"","100000007940346","FSD1","","",0.38079,,"",
"","100000007942487","FSD1","","",0.09535,,"",
"","100000007942142","FSD1","","",0.03649,,"",
"","100000007942160","FSD1","","",0.04089,,"",
"","100000007942203","FSD1","","",0.06634,,"",
"","100000007942218","FSD1","","",0.07381,,"",
"","100000007942108","FSD1","","",0.07025,,"",
"","100000007942124","FSD1","","",0.08068,,"",
"","100000007942152","FSD1","","",0.08233,,"",
"","100000007942169","FSD1","","",0.09113,,"",
"","100000007942193","FSD1","","",0.08875,,"",
"","100000007948579","FSD1","","",0.27977,,"",
"","100000007948456","FSD1","","",0.3112,,"",
"","100000007949412","FSD1","","",0.36639,,"",
"","100000007949426","FSD1","","",0.42833,,"",
"","100000007949447","FSD1","","",0.39729,,"",
"","100000007949742","FSD1","","",0.32246,,"",
"","100000007952435","FSD1","","",62.73557,,"",
"","100000007949394","FSD1","","",0.04421,,"",
"","100000007949408","FSD1","","",0.06242,,"",
"","100000007949431","FSD1","","",0.05221,,"",
"","100000007949453","FSD1","","",0.03625,,"",
"","100000007949465","FSD1","","",0.06431,,"",
"","100000007949488","FSD1","","",0.07892,,"",
"","100000007949387","FSD1","","",0.10038,,"",
"","100000007953292","FSD1","","",4.02224,,"",
"","100000007951867","FSD1","","",7.29719,,"",
"","100000007951111","FSD1","","",4.36648,,"",
"","100000007950065","FSD1","","",0.67227,,"",
"","100000007950106","FSD1","","",0.68382,,"",
"","100000007949920","FSD1","","",0.84273,,"",
"","100000007950018","FSD1","","",0.94529,,"",
"","100000007950066","FSD1","","",0.97109,,"",
"","100000007950093","FSD1","","",1.13326,,"",
"","100000007948680","FSD1","","",1.72533,,"",
"","100000007948686","FSD1","","",1.57568,,"",
"","100000007948714","FSD1","","",1.4749,,"",
"","100000007952300","FSD1","","",1.19141,,"",
"","100000007952324","FSD1","","",1.36084,,"",
"","100000007952336","FSD1","","",1.44376,,"",
"","100000007952360","FSD1","","",1.68099,,"",
"","100000007952372","FSD1","","",1.81661,,"",
"","100000007952397","FSD1","","",2.38561,,"",
"","100000007967073","FSD1","","",0.05512,,"",
"","100000007967109","FSD1","","",0.12724,,"",
"","100000007969069","FSD1","","",0.02452,,"",
"","100000007968850","FSD1","","",0.01485,,"",
"","100000007983836","FSD1","","",0.01709,,"",
"","100000007983953","FSD1","","",0.02736,,"",
"","100000007984030","FSD1","","",0.02147,,"",
"","100000007998216","FHS1","","",0.4209,,"",
"","100000007997121","FHS1","","",0.5204,,"",
"","100000007925301","FHS1","","",0.2189,,"",
"","100000007925336","FHS1","","",0.1719,,"",
"","100000007926494","FHS1","","",0.8321,,"",
"","100000007927638","FHS1","","",0.2115,,"",
"","100000007927701","FHS1","","",0.3668,,"",
"","100000007927642","FHS1","","",0.7374,,"",
"","100000007928517","FHS1","","",13.2643,,"",
"","100000007928532","FHS1","","",11.6692,,"",
"","100000007928569","FHS1","","",16.2026,,"",
"","100000007928588","FHS1","","",16.2026,,"",
"","100000007927454","FHS1","","",0.7828,,"",
"","100000007927300","FHS1","","",0.6792,,"",
"","100000007927040","FHS1","","",0.3623,,"",
"","100000007927072","FHS1","","",0.3598,,"",
"","100000007927018","FHS1","","",0.5951,,"",
"","100000008004042","FHS1","","",22.7987,,"",
"","100000008004125","FHS1","","",405.5368,,"",
"","100000008004378","FHS1","","",307.8615,,"",
"","100000008004560","FHS1","","",346.6666,,"",
"","100000007926457","FHS1","","",0.2028,,"",
"","100000007926495","FHS1","","",0.7096,,"",
"","100000007926536","FHS1","","",0.2868,,"",
"","100000007926068","FHS1","","",0.7219,,"",
"","100000007927070","FHS1","","",1.2057,,"",
"","100000007925383","FHS1","","",1.7651,,"",
"","100000007925405","FHS1","","",1.5594,,"",
"","100000007925499","FHS1","","",0.2258,,"",
"","100000007928601","FHS1","","",6.8723,,"",
"","100000007928564","FHS1","","",2.467,,"",
"","100000007928158","FHS1","","",9.1791,,"",
"","100000008009455","FHS1","","",1.7628,,"",
"","100000008008297","FHS1","","",1.7628,,"",
"","100000007995089","FHS1","","",10.4242,,"",
"","100000007995112","FHS1","","",33.6223,,"",
"","100000007995158","FHS1","","",31.1387,,"",
"","100000007994989","FHS1","","",38.5357,,"",
"","100000007999986","FHS1","","",5.6604,,"",
"","100000008000265","FHS1","","",35.7498,,"",
"","100000008000838","FHS1","","",207.6653,,"",
"","100000007999892","FHS1","","",57.2306,,"",
"","100000008006938","FHS1","","",0.703,,"",
"","100000008001016","FHS1","","",103.2,,"",
"","100000007926743","FHS1","","",0.8081,,"",
"","100000007926767","FHS1","","",1.5323,,"",
"","100000007927886","FHS1","","",2.434,,"",
"","100000007927904","FHS1","","",25.4283,,"",
"","100000007926076","FHS1","","",0.3411,,"",
"","100000007925974","FHS1","","",0.2943,,"",
"","100000007926589","FHS1","","",1.1262,,"",
"","100000007925258","FHS1","","",0.2492,,"",
"","100000007925271","FHS1","","",0.3111,,"",
"","100000007925293","FHS1","","",0.62,,"",
"","100000007926029","FHS1","","",0.4417,,"",
"","100000007926054","FHS1","","",0.4864,,"",
"","100000007926094","FHS1","","",0.296,,"",
"","100000007925981","FHS1","","",0.5947,,"",
"","100000007924859","FHS1","","",1.5877,,"",
"","100000007928119","FHS1","","",9.724,,"",
"","100000007928129","FHS1","","",6.3715,,"",
"","100000007927320","FHS1","","",1.0049,,"",
"","100000007927263","FHS1","","",0.8266,,"",
"","100000007927281","FHS1","","",1.047,,"",
"","100000008002742","FHS1","","",99.7962,,"",
"","100000008002886","FHS1","","",6.2151,,"",
"","100000008003106","FHS1","","",6.2151,,"",
"","100000008002757","FHS1","","",236.44,,"",
"","100000008009076","FHS1","","",0.9009,,"",
"","100000008008517","FHS1","","",0.9009,,"",
"","100000008008706","FHS1","","",0.9009,,"",
"","100000008008999","FHS1","","",0.9009,,"",
"","100000008009483","FHS1","","",0.9009,,"",
"","100000008008227","FHS1","","",0.9009,,"",
"","100000007995045","FHS1","","",38.5413,,"",
"","100000008000761","FHS1","","",7.0881,,"",
"","100000007927969","FHS1","","",0.5355,,"",
"","100000007927860","FHS1","","",3.9408,,"",
"","100000007927876","FHS1","","",0.2083,,"",
"","100000007927918","FHS1","","",0.4628,,"",
"","100000007927942","FHS1","","",4.5472,,"",
"","100000007927844","FHS1","","",2.6021,,"",
"","100000007927594","FHS1","","",0.9528,,"",
"","100000007927607","FHS1","","",0.9811,,"",
"","100000007927502","FHS1","","",1.2147,,"",
"","100000007927520","FHS1","","",2.7557,,"",
"","100000007927531","FHS1","","",2.3621,,"",
"","100000007927559","FHS1","","",2.3208,,"",
"","100000007928063","FHS1","","",0.5585,,"",
"","100000007927972","FHS1","","",0.5096,,"",
"","100000007928056","FHS1","","",0.3438,,"",
"","100000007928008","FHS1","","",0.2942,,"",
"","100000007926046","FHS1","","",0.5336,,"",
"","100000007926085","FHS1","","",0.4908,,"",
"","100000007926037","FHS1","","",0.6647,,"",
"","100000007926055","FHS1","","",0.2651,,"",
"","100000007924926","FHS1","","",1.1855,,"",
"","100000007924853","FHS1","","",1.8511,,"",
"","100000007924875","FHS1","","",1.1526,,"",
"","100000007924893","FHS1","","",1.3202,,"",
"","100000007924823","FHS1","","",0.0864,,"",
"","100000007928169","FHS1","","",13.6136,,"",
"","100000007928192","FHS1","","",13.6136,,"",
"","100000007928211","FHS1","","",13.6136,,"",
"","100000007928550","FHS1","","",4.5083,,"",
"","100000007928590","FHS1","","",7.5064,,"",
"","100000008009408","FHS1","","",9.3436,,"",
"","100000008008954","FHS1","","",1.1975,,"",
"","100000008009253","FHS1","","",1.3151,,"",
"","100000008000234","FHS1","","",8.3713,,"",
"","100000008000823","FHS1","","",121.3383,,"",
"","100000007927861","FHS1","","",2.8092,,"",
"","100000007927887","FHS1","","",2.6021,,"",
"","100000007927906","FHS1","","",4.2196,,"",
"","100000007927772","FHS1","","",4.2194,,"",
"","100000007927492","FHS1","","",0.8513,,"",
"","100000007927542","FHS1","","",1.8015,,"",
"","100000007927599","FHS1","","",0.7547,,"",
"","100000007927466","FHS1","","",1.717,,"",
"","100000007928050","FHS1","","",0.1983,,"",
"","100000007928074","FHS1","","",0.9049,,"",
"","100000007928093","FHS1","","",0.3928,,"",
"","100000007927668","FHS1","","",0.8004,,"",
"","100000007926379","FHS1","","",1.0221,,"",
"","100000007926309","FHS1","","",0.3868,,"",
"","100000007926361","FHS1","","",0.0674,,"",
"","100000007925228","FHS1","","",0.1113,,"",
"","100000007925091","FHS1","","",0.1179,,"",
"","100000007925113","FHS1","","",0.0847,,"",
"","100000008009433","FHS1","","",5.7696,,"",
"","100000008009681","FHS1","","",4.3917,,"",
"","100000008008370","FHS1","","",8.2504,,"",
"","100000007996655","FHS1","","",7.0349,,"",
"","100000008003428","FHS1","","",7.8279,,"",
"","100000008003667","FHS1","","",7.8279,,"",
"","100000008002957","FHS1","","",9.9915,,"",
"","100000007927754","FHS1","","",4.0262,,"",
"","100000007927767","FHS1","","",3.8958,,"",
"","100000007927787","FHS1","","",4.7149,,"",
"","100000007927777","FHS1","","",4.6587,,"",
"","100000007927789","FHS1","","",5.327,,"",
"","100000007927810","FHS1","","",5.1119,,"",
"","100000007924295","FHS1","","",0.1428,,"",
"","100000007927496","FHS1","","",1.4511,,"",
"","100000007926277","FHS1","","",0.3609,,"",
"","100000007925092","FHS1","","",0.2011,,"",
"","100000007924958","FHS1","","",0.2743,,"",
"","100000007925018","FHS1","","",0.3853,,"",
"","100000007925046","FHS1","","",0.4674,,"",
"","100000007999817","FHS1","","",88.8183,,"",
"","100000007998397","FHS1","","",110.7187,,"",
"","100000007999069","FHS1","","",23.5998,,"",
"","100000007999283","FHS1","","",33.8726,,"",
"","100000008008493","FHS1","","",5.2364,,"",
"","100000008008522","FHS1","","",1.9004,,"",
"","100000008008614","FHS1","","",7.2294,,"",
"","100000008007692","FHS1","","",7.9679,,"",
"","100000008007434","FHS1","","",7.5404,,"",
"","100000007993877","FHS1","","",52.6989,,"",
"","100000008000901","FHS1","","",21.2785,,"",
"","100000007993146","FHS1","","",5.9696,,"",
"","100000008003348","FHS1","","",5.2319,,"",
"","100000008003585","FHS1","","",92.1949,,"",
"","100000008003748","FHS1","","",5.7432,,"",
"","100000007998745","FHS1","","",29.9913,,"",
"","100000007924468","FHS1","","",0.2551,,"",
"","100000007924312","FHS1","","",0.2794,,"",
"","100000007924419","FHS1","","",0.1745,,"",
"","100000007924453","FHS1","","",0.2066,,"",
"","100000007927732","FHS1","","",5.4442,,"",
"","100000007927724","FHS1","","",5.85,,"",
"","100000007927744","FHS1","","",5.7698,,"",
"","100000007927759","FHS1","","",6.3292,,"",
"","100000007927792","FHS1","","",7.8226,,"",
"","100000007927813","FHS1","","",8.2025,,"",
"","100000007924235","FHS1","","",0.7642,,"",
"","100000007924275","FHS1","","",0.2679,,"",
"","100000007927187","FHS1","","",1.5896,,"",
"","100000007927128","FHS1","","",1.3736,,"",
"","100000007927146","FHS1","","",1.7075,,"",
"","100000007927162","FHS1","","",1.5787,,"",
"","100000007927189","FHS1","","",0.8491,,"",
"","100000007927196","FHS1","","",0.5208,,"",
"","100000007927209","FHS1","","",0.7019,,"",
"","100000007927745","FHS1","","",6.2964,,"",
"","100000007927752","FHS1","","",6.2964,,"",
"","100000007927108","FHS1","","",1.2172,,"",
"","100000007927124","FHS1","","",0.1679,,"",
"","100000007927148","FHS1","","",1.5323,,"",
"","100000007926276","FHS1","","",0.8089,,"",
"","100000007926257","FHS1","","",0.5549,,"",
"","100000007925070","FHS1","","",0.4508,,"",
"","100000007924982","FHS1","","",0.1334,,"",
"","100000007924955","FHS1","","",0.4025,,"",
"","100000007999614","FHS1","","",14.9479,,"",
"","100000007998323","FHS1","","",39.7047,,"",
"","100000007998574","FHS1","","",2.1428,,"",
"","100000007995434","FHS1","","",11.973,,"",
"","100000307430359","FHS1","","",18.53,,"",
"","100000007995602","FHS1","","",0.1972,,"",
"","100000008008009","FHS1","","",36.434,,"",
"","100000008006693","FHS1","","",44.6906,,"",
"","100000008007160","FHS1","","",2.0038,,"",
"","100000008007613","FHS1","","",4.8319,,"",
"","100000008008010","FHS1","","",4.9411,,"",
"","100000008006694","FHS1","","",4.4089,,"",
"","100000007993227","FHS1","","",3.5485,,"",
"","100000007993275","FHS1","","",3.5483,,"",
"","100000007993341","FHS1","","",3.5485,,"",
"","100000007993403","FHS1","","",3.3794,,"",
"","100000007993122","FHS1","","",1.1664,,"",
"","100000007993276","FHS1","","",1.3849,,"",
"","100000007993317","FHS1","","",1.7492,,"",
"","100000007993381","FHS1","","",2.2596,,"",
"","100000007993448","FHS1","","",2.6968,,"",
"","100000007926394","FHS1","","",0.3804,,"",
"","100000007926525","FHS1","","",0.4077,,"",
"","100000007927733","FHS1","","",6.2964,,"",
"","100000007925256","FHS1","","",0.2802,,"",
"","100000007925270","FHS1","","",0.2709,,"",
"","100000007925279","FHS1","","",0.1066,,"",
"","100000007925292","FHS1","","",0.1817,,"",
"","100000007924296","FHS1","","",0.8151,,"",
"","100000007927764","FHS1","","",6.8,,"",
"","100000007927771","FHS1","","",6.8419,,"",
"","100000007927784","FHS1","","",7.2615,,"",
"","100000007927799","FHS1","","",7.1775,,"",
"","100000007927805","FHS1","","",7.5975,,"",
"","100000007927820","FHS1","","",7.5975,,"",
"","100000007927725","FHS1","","",9.1087,,"",
"","100000007927734","FHS1","","",9.1087,,"",
"","100000007928535","FHS1","","",9.4868,,"",
"","100000007928545","FHS1","","",9.4868,,"",
"","100000007927194","FHS1","","",0.5304,,"",
"","100000007927159","FHS1","","",0.5704,,"",
"","100000007927175","FHS1","","",0.4806,,"",
"","100000007927199","FHS1","","",2.1487,,"",
"","100000007927215","FHS1","","",0.5885,,"",
"","100000007927069","FHS1","","",0.7096,,"",
"","100000007927082","FHS1","","",0.4785,,"",
"","100000007927101","FHS1","","",0.7385,,"",
"","100000007927024","FHS1","","",0.8968,,"",
"","100000007927042","FHS1","","",0.6281,,"",
"","100000007927055","FHS1","","",0.2996,,"",
"","100000007927075","FHS1","","",0.6281,,"",
"","100000007927088","FHS1","","",0.6458,,"",
"","100000007995358","FHS1","","",15.0613,,"",
"","100000007995465","FHS1","","",4.9789,,"",
"","100000007994514","FHS1","","",38.653,,"",
"","100000007994309","FHS1","","",32.3985,,"",
"","100000307430361","FHS1","","",1.3625,,"",
"","100000007999840","FHS1","","",41.8708,,"",
"","100000007998686","FHS1","","",74.4791,,"",
"","100000007999196","FHS1","","",74.4791,,"",
"","100000008006983","FHS1","","",5.6619,,"",
"","100000008004918","FHS1","","",363.2075,,"",
"","100000008005356","FHS1","","",9.8708,,"",
"","100000008005009","FHS1","","",233.7925,,"",
"","100000008007446","FHS1","","",0.6236,,"",
"","100000008007622","FHS1","","",0.6236,,"",
"","100000008006914","FHS1","","",1.2085,,"",
"","100000007895702","DTR1","","",166.66056,,"",
"","100000007933873","DTR1","","",0.16691,,"",
"","100000007934545","DTR1","","",0.04745,,"",
"","100000008032462","B4U1","","",15.16471429,,"",
"","100000008032994","B4U1","","",10.58571429,,"",
"","100000007892252","B4U1","","",0.819142857,,"",
"","100000007892234","B4U1","","",1.134857143,,"",
"","100000007892238","B4U1","","",0.808428571,,"",
"","100000007892248","B4U1","","",0.187428571,,"",
"","100000007893003","B4U1","","",0.294142857,,"",
"","100000007893007","B4U1","","",0.383857143,,"",
"","100000007893015","B4U1","","",0.381428571,,"",
"","100000007892996","B4U1","","",0.614714286,,"",
"","100000007893042","B4U1","","",0.453,,"",
"","100000007893331","B4U1","","",0.115142857,,"",
"","100000007893343","B4U1","","",0.114571429,,"",
"","100000007893376","B4U1","","",0.079714286,,"",
"","100000007893295","B4U1","","",0.177571429,,"",
"","100000007893974","B4U1","","",0.819142857,,"",
"","100000007893978","B4U1","","",0.945,,"",
"","100000007893981","B4U1","","",1.004857143,,"",
"","100000007894395","B4U1","","",1.041428571,,"",
"","100000007894403","B4U1","","",1.078142857,,"",
"","100000007894563","B4U1","","",1.146714286,,"",
"","100000007894472","B4U1","","",1.184714286,,"",
"","100000007894498","B4U1","","",0.852857143,,"",
"","100000007894515","B4U1","","",0.744857143,,"",
"","100000007894829","B4U1","","",32.98828571,,"",
"","100000007894833","B4U1","","",6.199,,"",
"","100000007894849","B4U1","","",32.03128571,,"",
"","100000007895056","B4U1","","",5.556142857,,"",
"","100000007895081","B4U1","","",7.978571429,,"",
"","100000307430403","DTR1","","",19.38845,,"",
"","100000007895905","DTR1","","",25.95576,,"",
"","100000007895917","DTR1","","",18.96048,,"",
"","100000007896137","DTR1","","",19.40904,,"",
"","100000007934942","DTR1","","",0.075,,"",
"","100000007934950","DTR1","","",0.04391,,"",
"","100000007934849","DTR1","","",0.08891,,"",
"","100000007934876","DTR1","","",0.09927,,"",
"","100000007934760","DTR1","","",0.093,,"",
"","100000007934777","DTR1","","",0.05864,,"",
"","100000007934792","DTR1","","",0.13064,,"",
"","100000007934812","DTR1","","",0.16964,,"",
"","100000007935553","DTR1","","",0.01064,,"",
"","100000007935605","DTR1","","",0.03982,,"",
"","100000007935519","DTR1","","",0.03736,,"",
"","100000007935545","DTR1","","",0.03791,,"",
"","100000007935570","DTR1","","",0.039,,"",
"","100000007935588","DTR1","","",0.02318,,"",
"","100000007935495","DTR1","","",0.01691,,"",
"","100000007935524","DTR1","","",0.04773,,"",
"","100000007895668","B4U1","","",161.0132857,,"",
"","100000007895701","B4U1","","",30.848,,"",
"","100000007895713","B4U1","","",28.61957143,,"",
"","100000007895943","B4U1","","",40.5,,"",
"","100000007896584","B4U1","","",16.45842857,,"",
"","100000007896588","B4U1","","",16.30828571,,"",
"","100000007896567","B4U1","","",10.69442857,,"",
"","100000007896579","B4U1","","",16.90357143,,"",
"","100000007896583","B4U1","","",6.842142857,,"",
"","100000007896587","B4U1","","",6.866714286,,"",
"","100000007896591","B4U1","","",6.505428571,,"",
"","100000007896569","B4U1","","",11.72385714,,"",
"","100000007896919","B4U1","","",1.017142857,,"",
"","100000007896857","B4U1","","",1.703285714,,"",
"","100000007896884","B4U1","","",1.677142857,,"",
"","100000007897186","B4U1","","",2.553,,"",
"","100000007897192","B4U1","","",7.674,,"",
"","100000007897440","B4U1","","",28.676,,"",
"","100000007897790","B4U1","","",7.932857143,,"",
"","100000007897795","B4U1","","",7.977857143,,"",
"","100000007897975","B4U1","","",7.924857143,,"",
"","100000007897856","B4U1","","",23.964,,"",
"","100000007898218","B4U1","","",8.247142857,,"",
"","100000007898212","B4U1","","",122.619,,"",
"","100000007894864","B4U1","","",7.313428571,,"",
"","100000007894808","B4U1","","",43.53514286,,"",
"","100000007895999","DTR1","","",1.48656,,"",
"","100000007895943","DTR1","","",70.10064,,"",
"","100000007934723","DTR1","","",0.19909,,"",
"","100000007934765","DTR1","","",0.07227,,"",
"","100000007934775","DTR1","","",0.01391,,"",
"","100000007934828","DTR1","","",0.01691,,"",
"","100000007935501","DTR1","","",0.02945,,"",
"","100000007935517","DTR1","","",0.01964,,"",
"","100000007935568","DTR1","","",0.02536,,"",
"","100000007935477","DTR1","","",0.05018,,"",
"","100000007935502","DTR1","","",0.06818,,"",
"","100000007935544","DTR1","","",0.02945,,"",
"","100000007956780","CKJ1","","",4.88,,"",
"","100000007956688","CKJ1","","",4.04,,"",
"","100000007895716","B4U1","","",29.07328571,,"",
"","100000007895691","B4U1","","",25.02642857,,"",
"","100000007895688","B4U1","","",27.33514286,,"",
"","100000007895694","B4U1","","",31.43385714,,"",
"","100000007895697","B4U1","","",72.78428571,,"",
"","100000007895702","B4U1","","",99.20271429,,"",
"","100000007895951","B4U1","","",1.498714286,,"",
"","100000007895935","B4U1","","",1.514571429,,"",
"","100000007896585","B4U1","","",26.86,,"",
"","100000007896692","B4U1","","",3.174,,"",
"","100000007896665","B4U1","","",8.483571429,,"",
"","100000007897202","B4U1","","",10.76571429,,"",
"","100000007897188","B4U1","","",28.69871429,,"",
"","100000007897193","B4U1","","",34.02971429,,"",
"","100000007897203","B4U1","","",30.20542857,,"",
"","100000007837286","B4U1","","",3.363285714,,"",
"","100000007897402","B4U1","","",7.782142857,,"",
"","100000007897409","B4U1","","",3.719714286,,"",
"","100000007897412","B4U1","","",8.621428571,,"",
"","100000007897421","B4U1","","",7.199571429,,"",
"","100000007897823","B4U1","","",9.950714286,,"",
"","100000007897830","B4U1","","",184.475,,"",
"","100000007897805","B4U1","","",92.56485714,,"",
"","100000007897812","B4U1","","",77.37585714,,"",
"","100000007898181","B4U1","","",61.30857143,,"",
"","100000007898192","B4U1","","",23.92942857,,"",
"","100000007898201","B4U1","","",49.05885714,,"",
"","100000007898182","B4U1","","",29.32214286,,"",
"","100000007894437","DTR1","","",2.2656,,"",
"","100000007894441","DTR1","","",2.1612,,"",
"","100000007894419","DTR1","","",2.05488,,"",
"","100000007894432","DTR1","","",1.9716,,"",
"","100000007900071","DTR1","","",101.49055,,"",
"","100000007900083","DTR1","","",277.61591,,"",
"","100000007932763","DTR1","","",0.16418,,"",
"","100000007932799","DTR1","","",0.15,,"",
"","100000007933023","DTR1","","",0.08945,,"",
"","100000007956713","CKJ1","","",3.91,,"",
"","100000007956727","CKJ1","","",4.833,,"",
"","100000007956770","CKJ1","","",8.89,,"",
"","100000007957499","CKJ1","","",0.2129,,"",
"","100000007957526","CKJ1","","",0.3512,,"",
"","100000007957438","CKJ1","","",6.01,,"",
"","100000007957478","CKJ1","","",15.932,,"",
"","100000007957010","CKJ1","","",4.38,,"",
"","100000008032649","B4U1","","",11.76528571,,"",
"","100000007837400","B4U1","","",6.615571429,,"",
"","100000007837628","B4U1","","",3.378857143,,"",
"","100000007837631","B4U1","","",5.928571429,,"",
"","100000007890666","B4U1","","",7.173714286,,"",
"","100000008037624","B4U1","","",83.19342857,,"",
"","100000008036375","B4U1","","",92.87114286,,"",
"","100000008036458","B4U1","","",81.262,,"",
"","100000007897409","DTR1","","",4.46366,,"",
"","100000007897412","DTR1","","",10.34571,,"",
"","100000007897421","DTR1","","",8.63949,,"",
"","100000007897823","DTR1","","",11.94086,,"",
"","100000007897830","DTR1","","",221.37,,"",
"","100000007897805","DTR1","","",111.07783,,"",
"","100000007897812","DTR1","","",92.85103,,"",
"","100000007894440","DTR1","","",1.9152,,"",
"","100000007894430","DTR1","","",2.91696,,"",
"","100000007894434","DTR1","","",2.59728,,"",
"","100000007894654","DTR1","","",2.56248,,"",
"","100000007900087","DTR1","","",91.63664,,"",
"","100000007900058","DTR1","","",217.30064,,"",
"","100000007902259","DTR1","","",77.457,,"",
"","100000007957057","CKJ1","","",4.01,,"",
"","100000007957011","CKJ1","","",7.08,,"",
"","100000007957035","CKJ1","","",7.52,,"",
"","100000007957102","CKJ1","","",10.11,,"",
"","100000007956983","CKJ1","","",12.14,,"",
"","100000007957375","CKJ1","","",10.34,,"",
"","100000007957345","CKJ1","","",17.36,,"",
"","100000007957376","CKJ1","","",8.31,,"",
"","100000007957405","CKJ1","","",12.47,,"",
"","100000007957334","CKJ1","","",6.17,,"",
"","100000008032440","B4U1","","",20.418,,"",
"","100000007837648","B4U1","","",35.78957143,,"",
"","100000007891005","B4U1","","",5.850428571,,"",
"","100000007891009","B4U1","","",6.658,,"",
"","100000007891011","B4U1","","",5.038857143,,"",
"","100000008034260","B4U1","","",0.814428571,,"",
"","100000008037714","B4U1","","",122.6571429,,"",
"","100000008036540","B4U1","","",37.72285714,,"",
"","100000008037072","B4U1","","",40.51542857,,"",
"","100000008037528","B4U1","","",65.00242857,,"",
"","100000007897821","DTR1","","",7.66509,,"",
"","100000007897831","DTR1","","",13.6452,,"",
"","100000007897817","DTR1","","",37.4052,,"",
"","100000007897824","DTR1","","",25.05034,,"",
"","100000007897832","DTR1","","",29.6148,,"",
"","100000007932157","DTR1","","",0.07527,,"",
"","100000007932192","DTR1","","",0.102,,"",
"","100000007932206","DTR1","","",0.07636,,"",
"","100000008037275","B4U1","","",38.18085714,,"",
"","100000008037547","B4U1","","",49.36628571,,"",
"","100000008036647","B4U1","","",33.59842857,,"",
"","100000008036817","B4U1","","",91.58228571,,"",
"","100000008037096","B4U1","","",116.6531429,,"",
"","100000008037276","B4U1","","",130.1295714,,"",
"","100000008036924","B4U1","","",71.44414286,,"",
"","100000008037112","B4U1","","",94.12757143,,"",
"","100000008037382","B4U1","","",212.2368571,,"",
"","100000008033813","B4U1","","",0.786714286,,"",
"","100000008034084","B4U1","","",0.939428571,,"",
"","100000008033576","B4U1","","",3.703285714,,"",
"","100000008034692","B4U1","","",8.545857143,,"",
"","100000008034598","B4U1","","",0.536142857,,"",
"","100000008034444","B4U1","","",0.481,,"",
"","100000008034621","B4U1","","",0.526142857,,"",
"","100000008034720","B4U1","","",0.369714286,,"",
"","100000008033625","B4U1","","",0.441571429,,"",
"","100000008034447","B4U1","","",0.453428571,,"",
"","100000008034625","B4U1","","",1.308857143,,"",
"","100000008034723","B4U1","","",1.448857143,,"",
"","100000008033466","B4U1","","",0.565142857,,"",
"","100000008033629","B4U1","","",0.649,,"",
"","100000008033808","B4U1","","",0.195142857,,"",
"","100000008034834","B4U1","","",1.051428571,,"",
"","100000008033411","B4U1","","",0.477142857,,"",
"","100000008033495","B4U1","","",0.279,,"",
"","100000008033663","B4U1","","",0.385142857,,"",
"","100000008033578","B4U1","","",0.767714286,,"",
"","100000008033754","B4U1","","",0.559857143,,"",
"","100000008033496","B4U1","","",0.916571429,,"",
"","100000008033664","B4U1","","",1.631571429,,"",
"","100000008036093","B4U1","","",21.98514286,,"",
"","100000008034891","B4U1","","",15.41314286,,"",
"","100000008035374","B4U1","","",11.232,,"",
"","100000008036376","B4U1","","",34.23685714,,"",
"","100000008036792","B4U1","","",52.14357143,,"",
"","100000008035575","B4U1","","",22.012,,"",
"","100000008035847","B4U1","","",15.41314286,,"",
"","100000307438641","DTR1","","",22.38327,,"",
"","100000307438645","DTR1","","",35.91164,,"",
"","100000307438645","DTR1","","",35.91164,,"",
"","100000007895679","DTR1","","",211.61952,,"",
"","100000007895685","DTR1","","",208.63608,,"",
"","100000307430568","DTR1","","",10.96582,,"",
"","100000307430569","DTR1","","",16.602,,"",
"","100000007895986","DTR1","","",2.6676,,"",
"","100000007896049","DTR1","","",1.52832,,"",
"","100000007896111","DTR1","","",2.83296,,"",
"","100000007932108","DTR1","","",0.02482,,"",
"","100000007932038","DTR1","","",0.02127,,"",
"","100000008037569","B4U1","","",0.762857143,,"",
"","100000008036836","B4U1","","",0.403,,"",
"","100000008033408","B4U1","","",2.687714286,,"",
"","100000008033838","B4U1","","",4.106714286,,"",
"","100000008034693","B4U1","","",0.59,,"",
"","100000008033436","B4U1","","",0.670428571,,"",
"","100000008033524","B4U1","","",0.737428571,,"",
"","100000008034070","B4U1","","",0.164571429,,"",
"","100000008034265","B4U1","","",0.114142857,,"",
"","100000008034534","B4U1","","",0.289714286,,"",
"","100000008034724","B4U1","","",0.180571429,,"",
"","100000008033840","B4U1","","",1.391142857,,"",
"","100000008033579","B4U1","","",1.732714286,,"",
"","100000008033755","B4U1","","",0.713,,"",
"","100000008033929","B4U1","","",1.302285714,,"",
"","100000008033497","B4U1","","",0.661857143,,"",
"","100000008034021","B4U1","","",0.678571429,,"",
"","100000008033665","B4U1","","",0.897857143,,"",
"","100000008036069","B4U1","","",75.55842857,,"",
"","100000008035251","B4U1","","",279.2417143,,"",
"","100000008036000","B4U1","","",8.393142857,,"",
"","100000008035192","B4U1","","",8.515142857,,"",
"","100000008035639","B4U1","","",64.07485714,,"",
"","100000008036001","B4U1","","",30.65242857,,"",
"","100000008035193","B4U1","","",21.75671429,,"",
"","100000008035375","B4U1","","",213.244,,"",
"","100000008035731","B4U1","","",14.99914286,,"",
"","100000008035017","B4U1","","",11.232,,"",
"","100000008035594","B4U1","","",8.393142857,,"",
"","100000008035507","B4U1","","",22.04771429,,"",
"","100000008035775","B4U1","","",15.52071429,,"",
"","100000007901002","DTR1","","",243.57764,,"",
"","100000007901005","DTR1","","",226.74736,,"",
"","100000007933744","DTR1","","",0.17591,,"",
"","100000007891913","B4U1","","",0.199714286,,"",
"","100000007891891","B4U1","","",0.346285714,,"",
"","100000007891901","B4U1","","",0.387428571,,"",
"","100000007891905","B4U1","","",0.449142857,,"",
"","100000007891912","B4U1","","",0.343142857,,"",
"","100000007892206","B4U1","","",0.668285714,,"",
"","100000007893010","B4U1","","",0.057285714,,"",
"","100000007893013","B4U1","","",0.7,,"",
"","100000007892990","B4U1","","",0.087,,"",
"","100000007892999","B4U1","","",0.378428571,,"",
"","100000007893006","B4U1","","",0.380285714,,"",
"","100000007893321","B4U1","","",0.153285714,,"",
"","100000008035519","B4U1","","",59.68771429,,"",
"","100000007894445","B4U1","","",1.265142857,,"",
"","100000007894463","B4U1","","",1.108428571,,"",
"","100000008036184","B4U1","","",67.61071429,,"",
"","100000008034894","B4U1","","",11.232,,"",
"","100000007895184","B4U1","","",48.76342857,,"",
"","100000007895163","B4U1","","",52.59714286,,"",
"","100000007895167","B4U1","","",80.00485714,,"",
"","100000007895172","B4U1","","",12.61628571,,"",
"","100000007895173","B4U1","","",30.17771429,,"",
"","100000008036139","B4U1","","",70.23085714,,"",
"","100000008036331","B4U1","","",11.90571429,,"",
"","100000007893990","DTR1","","",92.48136,,"",
"","100000307430527","DTR1","","",150.984,,"",
"","100000307430528","DTR1","","",172.61536,,"",
"","100000307430529","DTR1","","",207.18764,,"",
"","100000307430530","DTR1","","",222.02236,,"",
"","100000307430531","DTR1","","",251.61627,,"",
"","100000307430532","DTR1","","",269.92964,,"",
"","100000307430533","DTR1","","",142.27582,,"",
"","100000307430534","DTR1","","",153.78955,,"",
"","100000307430535","DTR1","","",163.49345,,"",
"","100000307430536","DTR1","","",177.51327,,"",
"","100000307430537","DTR1","","",185.90209,,"",
"","100000007924067","DTR1","","",85.6376,,"",
"","100000007924107","DTR1","","",119.2826,,"",
"","100000007924131","DTR1","","",91.8648,,"",
"","100000007957465","DTR1","","",22.13645,,"",
"","100000007957466","DTR1","","",61.12418,,"",
"","100000007957481","DTR1","","",44.79764,,"",
"","100000007957485","DTR1","","",38.19109,,"",
"","100000007957033","DTR1","","",7.51827,,"",
"","100000007957048","DTR1","","",20.76545,,"",
"","100000007957056","DTR1","","",123.70909,,"",
"","100000007925066","DTR1","","",11.1752,,"",
"","100000007923301","DTR1","","",91.8648,,"",
"","100000007923320","DTR1","","",226.608,,"",
"","100000007923361","DTR1","","",5.8242,,"",
"","100000007923311","DTR1","","",2.7488,,"",
"","100000007923333","DTR1","","",3.2522,,"",
"","100000007924061","DTR1","","",10.6748,,"",
"","100000007956489","DTR1","","",35.52873,,"",
"","100000007957295","DTR1","","",54.49091,,"",
"","100000007955964","DTR1","","",36.47373,,"",
"","100000007957098","DTR1","","",33.42518,,"",
"","100000007955957","DTR1","","",28.19673,,"",
"","100000007955958","DTR1","","",37.56873,,"",
"","100000007957064","DTR1","","",8.42782,,"",
"","100000007957082","DTR1","","",20.76545,,"",
"","100000007957100","DTR1","","",123.70909,,"",
"","100000007955790","DTR1","","",197.14445,,"",
"","100000007955805","DTR1","","",25.38055,,"",
"","100000007955822","DTR1","","",9.34036,,"",
"","100000007921562","DTR1","","",137.65555,,"",
"","100000007921581","DTR1","","",121.08491,,"",
"","100000007921576","DTR1","","",14.71391,,"",
"","100000007921594","DTR1","","",17.55982,,"",
"","100000007921699","DTR1","","",93.17264,,"",
"","100000007923359","DTR1","","",122.472,,"",
"","100000007923382","DTR1","","",91.8648,,"",
"","100000007925613","DTR1","","",19.691,,"",
"","100000007925522","DTR1","","",16.774,,"",
"","100000007956384","DTR1","","",10.94864,,"",
"","100000007957363","DTR1","","",14.61982,,"",
"","100000007957117","DTR1","","",7.18909,,"",
"","100000007957171","DTR1","","",8.05745,,"",
"","100000007955818","DTR1","","",729.53509,,"",
"","100000007955846","DTR1","","",26.478,,"",
"","100000007955866","DTR1","","",18.03545,,"",
"","100000007955734","DTR1","","",1216.10536,,"",
"","100000007955743","DTR1","","",7.776,,"",
"","100000007955736","DTR1","","",855.87436,,"",
"","100000007956970","DTR1","","",27.71973,,"",
"","100000007956907","DTR1","","",9.87791,,"",
"","100000007956923","DTR1","","",7.36773,,"",
"","100000007921554","DTR1","","",152.81018,,"",
"","100000007921502","DTR1","","",72.13418,,"",
"","100000007921514","DTR1","","",79.32109,,"",
"","100000007921535","DTR1","","",91.13236,,"",
"","100000007921549","DTR1","","",166.88945,,"",
"","100000007921683","DTR1","","",185.74036,,"",
"","100000007922513","DTR1","","",52.056,,"",
"","100000007956469","DTR1","","",303.41127,,"",
"","100000007957279","DTR1","","",101.79491,,"",
"","100000007957310","DTR1","","",25.06555,,"",
"","100000007957247","DTR1","","",7.32655,,"",
"","100000007957127","DTR1","","",22.16018,,"",
"","100000007958014","DTR1","","",122.79764,,"",
"","100000007958031","DTR1","","",19.98109,,"",
"","100000007958053","DTR1","","",183.74564,,"",
"","100000007957643","DTR1","","",11.56391,,"",
"","100000007955763","DTR1","","",8.14691,,"",
"","100000007955772","DTR1","","",8.50691,,"",
"","100000007959161","DTR1","","",14.05036,,"",
"","100000007956827","DTR1","","",10.86055,,"",
"","100000007922000","DTR1","","",279.07255,,"",
"","100000007922024","DTR1","","",159.41236,,"",
"","100000007921953","DTR1","","",186.98345,,"",
"","100000007921969","DTR1","","",149.75864,,"",
"","100000007922009","DTR1","","",183.45136,,"",
"","100000007921538","DTR1","","",30.30873,,"",
"","100000007924543","DTR1","","",33.4584,,"",
"","100000008026907","DTR1","","",1.91945,,"",
"","100000007957219","DTR1","","",61.48340078,,"",
"","100000007957991","DTR1","","",11.23745,,"",
"","100000007958060","DTR1","","",755.244,,"",
"","100000007957564","DTR1","","",18.35945,,"",
"","100000007957938","DTR1","","",127.81391,,"",
"","100000007957801","DTR1","","",260.05936,,"",
"","100000007959199","DTR1","","",206.27018,,"",
"","100000007956447","DTR1","","",7.57664,,"",
"","100000007956457","DTR1","","",28.28264,,"",
"","100000007923951","DTR1","","",11.2968,,"",
"","100000007923975","DTR1","","",19.4184,,"",
"","100000007923912","DTR1","","",2.2664,,"",
"","100000007923930","DTR1","","",3.018,,"",
"","100000007923880","DTR1","","",23.9008,,"",
"","100000007923894","DTR1","","",26.4348,,"",
"","100000007923792","DTR1","","",35.5974,,"",
"","100000007923828","DTR1","","",18.25,,"",
"","100000007932192","FHS1","","",0.1366,,"",
"","100000007932206","FHS1","","",0.1187,,"",
"","100000007923843","DTR1","","",169.1936,,"",
"","100000007923791","DTR1","","",99.2146,,"",
"","100000007924951","DTR1","","",30.8458,,"",
"","100000007924963","DTR1","","",53.171,,"",
"","100000007925866","DTR1","","",22.0836,,"",
"","100000007925950","DTR1","","",23.9542,,"",
"","100000007925374","DTR1","","",16.7768,,"",
"","100000007925397","DTR1","","",17.3222,,"",
"","100000007925721","DTR1","","",33.3204,,"",
"","100000007925339","DTR1","","",0.4848,,"",
"","100000007925246","DTR1","","",0.5746,,"",
"","100000007925261","DTR1","","",0.6618,,"",
"","100000007932516","FHS1","","",0.0391,,"",
"","100000007956385","DTR1","","",37.03445,,"",
"","100000007956428","DTR1","","",47.56773,,"",
"","100000007956445","DTR1","","",109.94564,,"",
"","100000007932108","FHS1","","",0.0647,,"",
"","100000007932038","FHS1","","",0.0551,,"",
"","100000007932107","FHS1","","",0.0962,,"",
"","100000007932018","FHS1","","",0.063,,"",
"","100000007932075","FHS1","","",0.1345,,"",
"","100000007932098","FHS1","","",0.1649,,"",
"","100000007932000","FHS1","","",0.1502,,"",
"","100000007932603","FHS1","","",0.1106,,"",
"","100000007924978","DTR1","","",16.3916,,"",
"","100000007925013","DTR1","","",16.2724,,"",
"","100000007925027","DTR1","","",16.7988,,"",
"","100000007925072","DTR1","","",18.505,,"",
"","100000007924949","DTR1","","",47.91,,"",
"","100000007925801","DTR1","","",25.6952,,"",
"","100000007925890","DTR1","","",18.6898,,"",
"","100000007925380","DTR1","","",24.8538,,"",
"","100000007925442","DTR1","","",23.3866,,"",
"","100000007925477","DTR1","","",31.6414,,"",
"","100000007925445","DTR1","","",19.5054,,"",
"","100000007925717","DTR1","","",19.182,,"",
"","100000007925737","DTR1","","",32.58,,"",
"","100000007925766","DTR1","","",18.2458,,"",
"","100000007925784","DTR1","","",21.2958,,"",
"","100000007925793","DTR1","","",47.7542,,"",
"","100000008010644","DTR1","","",2.13218,,"",
"","100000007932526","FHS1","","",0.0958,,"",
"","100000007932546","FHS1","","",0.1242,,"",
"","100000007956491","DTR1","","",528.92836,,"",
"","100000007956376","DTR1","","",133.08218,,"",
"","100000007956389","DTR1","","",243,,"",
"","100000007956718","DTR1","","",14.63891,,"",
"","100000007956611","DTR1","","",46.81691,,"",
"","100000007932109","FHS1","","",0.0543,,"",
"","100000007957044","DTR1","","",701.46,,"",
"","100000007932021","FHS1","","",0.0985,,"",
"","100000007956979","DTR1","","",8.15891,,"",
"","100000007956980","DTR1","","",67.03855,,"",
"","100000007925181","DTR1","","",29.7952,,"",
"","100000007924975","DTR1","","",70.318,,"",
"","100000007925034","DTR1","","",21.5584,,"",
"","100000007925058","DTR1","","",23.315,,"",
"","100000007925966","DTR1","","",33.158,,"",
"","100000007925364","DTR1","","",39.0948,,"",
"","100000007925692","DTR1","","",56.8498,,"",
"","100000007985044","INN1","","",16.63792877,,"",
"","100000007984938","INN1","","",30.2789,,"",
"","100000007985018","INN1","","",3.56913216,,"",
"","100000007985260","INN1","","",2.805035616,,"",
"","100000007989029","INN1","","",5.41189448,,"",
"","100000007895676","INN1","","",8.475577588,,"",
"","100000007895680","INN1","","",4.022273928,,"",
"","100000007895946","INN1","","",2.945593653,,"",
"","100000007895954","INN1","","",5.867770286,,"",
"","100000007896332","INN1","","",12.64866016,,"",
"","100000007896294","INN1","","",1.790763532,,"",
"","100000007897182","INN1","","",36.51581423,,"",
"","100000007897141","INN1","","",31.90463704,,"",
"","100000007896991","INN1","","",36.34547739,,"",
"","100000007897085","INN1","","",30.55352947,,"",
"","100000007894432","INN1","","",1.317131008,,"",
"","100000007898182","INN1","","",32.85618931,,"",
"","100000007898194","INN1","","",1.869047452,,"",
"","100000008033634","INN1","","",0.519611,,"",
"","100000008033994","INN1","","",0.4257508,,"",
"","100000008032217","INN1","","",25.21975306,,"",
"","100000008032418","INN1","","",18.00061618,,"",
"","100000008032500","INN1","","",13.04920966,,"",
"","100000008036050","INN1","","",31.12595731,,"",
"","100000008036233","INN1","","",20.87515736,,"",
"","100000008035966","INN1","","",71.64488138,,"",
"","100000008036234","INN1","","",15.70334254,,"",
"","100000008036051","INN1","","",57.3845381,,"",
"","100000008036333","INN1","","",12.33655141,,"",
"","100000007989159","INN1","","",8.495781984,,"",
"","100000007989200","INN1","","",5.897526624,,"",
"","100000007989267","INN1","","",6.3620532,,"",
"","100000007991286","INN1","","",6.381619776,,"",
"","100000007991359","INN1","","",7.312363344,,"",
"","100000007990298","INN1","","",4.326157296,,"",
"","100000007989997","INN1","","",4.655408256,,"",
"","100000007990065","INN1","","",4.829817024,,"",
"","100000007990112","INN1","","",6.78913704,,"",
"","100000007990171","INN1","","",6.90484608,,"",
"","100000007990299","INN1","","",8.321373216,,"",
"","100000007990041","INN1","","",3.646398384,,"",
"","100000007992720","INN1","","",8.001878032,,"",
"","100000007992492","INN1","","",8.282240064,,"",
"","100000007991936","INN1","","",8.534915136,,"",
"","100000007987902","INN1","","",20.63965277,,"",
"","100000007987950","INN1","","",18.60206645,,"",
"","100000007987657","INN1","","",18.5629333,,"",
"","100000007989961","INN1","","",5.012058816,,"",
"","100000007989847","INN1","","",13.44653093,,"",
"","100000007989899","INN1","","",16.18355874,,"",
"","100000007989920","INN1","","",14.07588005,,"",
"","100000007989932","INN1","","",17.2431245,,"",
"","100000007989953","INN1","","",9.463066272,,"",
"","100000307430403","INN1","","",11.7256,,"",
"","100000007896137","INN1","","",13.57439972,,"",
"","100000007895986","INN1","","",2.00010954,,"",
"","100000007896703","INN1","","",15.25831409,,"",
"","100000007896635","INN1","","",24.30542822,,"",
"","100000307430438","INN1","","",15.1039,,"",
"","100000307430438","INN1","","",0.151,,"",
"","100000307430439","INN1","","",16.1986,,"",
"","100000007897821","INN1","","",8.043269492,,"",
"","100000007897831","INN1","","",14.30748981,,"",
"","100000007897817","INN1","","",39.21661299,,"",
"","100000007897824","INN1","","",28.88420092,,"",
"","100000007897832","INN1","","",27.66087103,,"",
"","100000007923213","INN1","","",0.256039936,,"",
"","100000007923241","INN1","","",0.531906041,,"",
"","100000007923149","INN1","","",0.4000068,,"",
"","100000007923188","INN1","","",0.268785,,"",
"","100000008032440","INN1","","",23.86265458,,"",
"","100000007892613","INN1","","",0.376636,,"",
"","100000007895661","INN1","","",4.56660266,,"",
"","100000007895663","INN1","","",2.561430872,,"",
"","100000007895673","INN1","","",3.527427848,,"",
"","100000007993827","INN1","","",4.9226,,"",
"","100000007993878","INN1","","",5.5798,,"",
"","100000007993595","INN1","","",27.3996,,"",
"","100000007993618","INN1","","",109.5984,,"",
"","100000307430358","INN1","","",6.5844,,"",
"","100000007995395","INN1","","",5.983178352,,"",
"","100000007995434","INN1","","",7.278796498,,"",
"","100000307430359","INN1","","",11.5627,,"",
"","100000007995602","INN1","","",0.1063426,,"",
"","100000007995358","INN1","","",11.85688541,,"",
"","100000007991563","INN1","","",3.471989616,,"",
"","100000007991658","INN1","","",3.432856464,,"",
"","100000007989860","INN1","","",13.59614462,,"",
"","100000007989877","INN1","","",15.38799923,,"",
"","100000008034356","INN1","","",0.9730404,,"",
"","100000008034535","INN1","","",1.1279866,,"",
"","100000008034626","INN1","","",1.1498166,,"",
"","100000008034817","INN1","","",1.8021534,,"",
"","100000008033468","INN1","","",2.5949576,,"",
"","100000008033897","INN1","","",0.458484,,"",
"","100000307430485","INN1","","",10.7182,,"",
"","100000307430485","INN1","","",0.1072,,"",
"","100000307430486","INN1","","",13.6031,,"",
"","100000307430486","INN1","","",0.136,,"",
"","100000307430487","INN1","","",13.9975,,"",
"","100000307430487","INN1","","",0.14,,"",
"","100000307430488","INN1","","",17.7143,,"",
"","100000307430488","INN1","","",0.1771,,"",
"","100000307430489","INN1","","",19.6688,,"",
"","100000307430489","INN1","","",0.1967,,"",
"","100000307430439","INN1","","",0.162,,"",
"","100000307430440","INN1","","",20.4419,,"",
"","100000307430440","INN1","","",0.2044,,"",
"","100000307430441","INN1","","",23.637,,"",
"","100000307430441","INN1","","",0.2364,,"",
"","100000307430442","INN1","","",24.9229,,"",
"","100000307430442","INN1","","",0.2492,,"",
"","100000307430443","INN1","","",26.7038,,"",
"","100000008033838","INN1","","",4.780967108,,"",
"","100000008034109","INN1","","",3.756193635,,"",
"","100000008034303","INN1","","",3.343579376,,"",
"","100000008033409","INN1","","",0.593193758,,"",
"","100000007924757","INN1","","",0.381411938,,"",
"","100000007924758","INN1","","",0.579058392,,"",
"","100000007895677","INN1","","",3.527427848,,"",
"","100000007895668","INN1","","",192.4674217,,"",
"","100000007895701","INN1","","",84.904848,,"",
"","100000007993596","INN1","","",1.68315408,,"",
"","100000007993620","INN1","","",2.0805,,"",
"","100000007993711","INN1","","",4.133078352,,"",
"","100000007993777","INN1","","",6.231926619,,"",
"","100000007993830","INN1","","",7.630298496,,"",
"","100000007993573","INN1","","",0.377387148,,"",
"","100000007993273","INN1","","",0.322731116,,"",
"","100000007995465","INN1","","",3.63866472,,"",
"","100000007994514","INN1","","",27.88072272,,"",
"","100000007994309","INN1","","",19.83564763,,"",
"","100000307430361","INN1","","",0.8925,,"",
"","100000007994422","INN1","","",16.69907642,,"",
"","100000007995006","INN1","","",19.62611914,,"",
"","100000007995134","INN1","","",21.93780845,,"",
"","100000007992336","INN1","","",4.004,,"",
"","100000008034552","INN1","","",3.6203508,,"",
"","100000008034642","INN1","","",2.4611448,,"",
"","100000008034894","INN1","","",15.22791852,,"",
"","100000008035194","INN1","","",120.3995245,,"",
"","100000008035286","INN1","","",51.00960191,,"",
"","100000008035548","INN1","","",11.35434104,,"",
"","100000307430448","INN1","","",7.6963,,"",
"","100000307430448","INN1","","",0.077,,"",
"","100000307430449","INN1","","",11.5665,,"",
"","100000307430449","INN1","","",0.1157,,"",
"","100000307430450","INN1","","",12.5272,,"",
"","100000307430450","INN1","","",0.1253,,"",
"","100000008033493","INN1","","",0.604468163,,"",
"","100000008033661","INN1","","",0.519662933,,"",
"","100000008033753","INN1","","",0.5502026,,"",
"","100000007925837","INN1","","",0.441231,,"",
"","100000007922081","INN1","","",0.3752248,,"",
"","100000007922126","INN1","","",0.16021,,"",
"","100000007922397","INN1","","",0.086200945,,"",
"","100000007893390","INN1","","",0.425126,,"",
"","100000007896612","INN1","","",41.36910883,,"",
"","100000007896576","INN1","","",12.70199634,,"",
"","100000007896580","INN1","","",12.0859235,,"",
"","100000007896584","INN1","","",19.61994157,,"",
"","100000007896588","INN1","","",19.93057648,,"",
"","100000007896567","INN1","","",12.70183082,,"",
"","100000007895713","INN1","","",30.02827118,,"",
"","100000007895716","INN1","","",61.858335,,"",
"","100000007895691","INN1","","",29.18004449,,"",
"","100000007895688","INN1","","",37.22568875,,"",
"","100000007895694","INN1","","",37.22434894,,"",
"","100000008034168","INN1","","",1.7754702,,"",
"","100000008034260","INN1","","",1.6571488,,"",
"","100000008034444","INN1","","",0.9728456,,"",
"","100000008034621","INN1","","",1.18133,,"",
"","100000008034720","INN1","","",0.734392,,"",
"","100000008033625","INN1","","",0.9256406,,"",
"","100000008034447","INN1","","",0.9268414,,"",
"","100000008034625","INN1","","",1.8451132,,"",
"","100000008034723","INN1","","",1.922976,,"",
"","100000007996774","INN1","","",10.19496797,,"",
"","100000007996826","INN1","","",13.4069433,,"",
"","100000007991940","INN1","","",5.619861297,,"",
"","100000007992053","INN1","","",2.8084116,,"",
"","100000008034832","INN1","","",1.8145188,,"",
"","100000008034743","INN1","","",2.265744,,"",
"","100000008035015","INN1","","",9.432455262,,"",
"","100000008035484","INN1","","",84.09103208,,"",
"","100000008035845","INN1","","",43.841574,,"",
"","100000008034914","INN1","","",29.75139294,,"",
"","100000008035573","INN1","","",19.70380978,,"",
"","100000008035938","INN1","","",78.05690037,,"",
"","100000008036207","INN1","","",14.56754094,,"",
"","100000008032649","INN1","","",14.08319517,,"",
"","100000007837316","INN1","","",16.72858461,,"",
"","100000007837286","INN1","","",4.091734098,,"",
"","100000007922338","INN1","","",0.467537,,"",
"","100000007922377","INN1","","",0.4662648,,"",
"","100000007922307","INN1","","",0.808690388,,"",
"","100000007896579","INN1","","",19.9170418,,"",
"","100000007896583","INN1","","",7.402598855,,"",
"","100000007896587","INN1","","",8.014017464,,"",
"","100000007896591","INN1","","",8.171840972,,"",
"","100000007896569","INN1","","",13.79389772,,"",
"","100000007896585","INN1","","",32.13507797,,"",
"","100000007896692","INN1","","",3.748440476,,"",
"","100000007900083","INN1","","",181.4439846,,"",
"","100000008033466","INN1","","",1.3688632,,"",
"","100000008033629","INN1","","",1.7421502,,"",
"","100000008033808","INN1","","",0.62044,,"",
"","100000008034070","INN1","","",0.4535858,,"",
"","100000008034265","INN1","","",0.4336052,,"",
"","100000008034534","INN1","","",0.813587,,"",
"","100000008034724","INN1","","",0.6183476,,"",
"","100000007998216","INN1","","",0.1975849,,"",
"","100000007997121","INN1","","",0.267881392,,"",
"","100000007997960","INN1","","",18.51469488,,"",
"","100000007998183","INN1","","",7.074636,,"",
"","100000008008710","INN1","","",0.786423099,,"",
"","100000008009001","INN1","","",0.775427832,,"",
"","100000007891471","INN1","","",140.1883261,,"",
"","100000008035121","INN1","","",50.14967323,,"",
"","100000008035306","INN1","","",11.38540806,,"",
"","100000007892997","INN1","","",3.35278188,,"",
"","100000007892945","INN1","","",0.3118328,,"",
"","100000007892956","INN1","","",0.541622,,"",
"","100000007893064","INN1","","",0.480099076,,"",
"","100000007837400","INN1","","",7.796792212,,"",
"","100000007837628","INN1","","",4.251271824,,"",
"","100000007837631","INN1","","",6.238892271,,"",
"","100000007837648","INN1","","",36.86107435,,"",
"","100000007925799","INN1","","",0.2578142,,"",
"","100000007897440","INN1","","",30.52321972,,"",
"","100000007897402","INN1","","",9.4331089,,"",
"","100000007900087","INN1","","",57.12360131,,"",
"","100000007900058","INN1","","",142.0439859,,"",
"","100000007900071","INN1","","",62.36406638,,"",
"","100000008036093","INN1","","",26.01243321,,"",
"","100000008034891","INN1","","",21.11134941,,"",
"","100000007985881","INN1","","",18.12195893,,"",
"","100000007985918","INN1","","",23.49190876,,"",
"","100000007985789","INN1","","",23.91948965,,"",
"","100000007985935","INN1","","",10.374848,,"",
"","100000007986542","INN1","","",1.56107641,,"",
"","100000007986678","INN1","","",1.656316304,,"",
"","100000007986807","INN1","","",6.744342096,,"",
"","100000007986517","INN1","","",8.210964998,,"",
"","100000007986594","INN1","","",6.693966576,,"",
"","100000007986652","INN1","","",6.470792352,,"",
"","100000007986730","INN1","","",9.225943925,,"",
"","100000007986783","INN1","","",9.16383888,,"",
"","100000007986343","INN1","","",7.68002904,,"",
"","100000007986211","INN1","","",15.1636739,,"",
"","100000007988501","INN1","","",2.427227424,,"",
"","100000007988549","INN1","","",2.52473112,,"",
"","100000007988612","INN1","","",16.02736718,,"",
"","100000008009101","INN1","","",2.888481,,"",
"","100000008008424","INN1","","",2.805485224,,"",
"","100000008008616","INN1","","",2.743764466,,"",
"","100000008008830","INN1","","",2.916607785,,"",
"","100000008009029","INN1","","",2.843366209,,"",
"","100000007984663","INN1","","",6.695212896,,"",
"","100000007895168","INN1","","",10.96063564,,"",
"","100000007893044","INN1","","",0.565235127,,"",
"","100000007893058","INN1","","",27.43654818,,"",
"","100000007925964","INN1","","",0.398526,,"",
"","100000007925847","INN1","","",0.298976,,"",
"","100000007897409","INN1","","",4.153800896,,"",
"","100000007897412","INN1","","",10.78405012,,"",
"","100000008034282","INN1","","",0.297694,,"",
"","100000008033813","INN1","","",0.953690067,,"",
"","100000008034084","INN1","","",1.246782251,,"",
"","100000008035374","INN1","","",14.01457075,,"",
"","100000008036000","INN1","","",10.64904576,,"",
"","100000008035192","INN1","","",9.389837004,,"",
"","100000008035639","INN1","","",84.3788897,,"",
"","100000008036001","INN1","","",35.51133474,,"",
"","100000007985864","INN1","","",46.52985946,,"",
"","100000007985900","INN1","","",57.07762502,,"",
"","100000007985952","INN1","","",32.89631141,,"",
"","100000007985992","INN1","","",35.3836391,,"",
"","100000007986051","INN1","","",8.475042096,,"",
"","100000007986460","INN1","","",8.396610848,,"",
"","100000007986499","INN1","","",9.014225184,,"",
"","100000007986622","INN1","","",1.470155616,,"",
"","100000007986704","INN1","","",1.477435248,,"",
"","100000007986756","INN1","","",3.153853152,,"",
"","100000007986341","INN1","","",3.010975632,,"",
"","100000007986375","INN1","","",3.702938976,,"",
"","100000007986436","INN1","","",4.106181216,,"",
"","100000007986121","INN1","","",13.03509326,,"",
"","100000007986204","INN1","","",13.37172408,,"",
"","100000007988694","INN1","","",6.152863248,,"",
"","100000007988401","INN1","","",12.41793677,,"",
"","100000007985340","INN1","","",10.34204674,,"",
"","100000007985290","INN1","","",11.06715384,,"",
"","100000007985331","INN1","","",4.670441861,,"",
"","100000007895056","INN1","","",6.966544352,,"",
"","100000007895081","INN1","","",9.225944664,,"",
"","100000007892252","INN1","","",1.2710082,,"",
"","100000007896049","INN1","","",1.051991852,,"",
"","100000007896111","INN1","","",2.129695256,,"",
"","100000007895999","INN1","","",1.051991852,,"",
"","100000007893065","INN1","","",33.17368238,,"",
"","100000007896856","INN1","","",41.41350148,,"",
"","100000007896874","INN1","","",37.23203809,,"",
"","100000007896883","INN1","","",41.52581521,,"",
"","100000007893995","INN1","","",0.845937852,,"",
"","100000007893977","INN1","","",0.812884476,,"",
"","100000007893975","INN1","","",0.85730562,,"",
"","100000007893983","INN1","","",0.86543556,,"",
"","100000007893991","INN1","","",0.849532186,,"",
"","100000007893974","INN1","","",0.976576952,,"",
"","100000007893978","INN1","","",1.131870704,,"",
"","100000007893981","INN1","","",1.198513044,,"",
"","100000007923247","INN1","","",0.7765098,,"",
"","100000007924743","INN1","","",0.5562576,,"",
"","100000008033576","INN1","","",4.245115449,,"",
"","100000008032727","INN1","","",20.91844062,,"",
"","100000008033317","INN1","","",15.82080287,,"",
"","100000008032548","INN1","","",10.6189357,,"",
"","100000008032462","INN1","","",19.9189495,,"",
"","100000008035193","INN1","","",28.79716186,,"",
"","100000008035375","INN1","","",207.7855647,,"",
"","100000008035731","INN1","","",19.80317829,,"",
"","100000008036184","INN1","","",72.78136094,,"",
"","100000007894829","INN1","","",38.59259993,,"",
"","100000007894833","INN1","","",8.757622761,,"",
"","100000007894849","INN1","","",35.76179712,,"",
"","100000007894864","INN1","","",13.0539068,,"",
"","100000007894808","INN1","","",43.55429299,,"",
"","100000007895184","INN1","","",61.56848777,,"",
"","100000007991384","INN1","","",7.739447184,,"",
"","100000007990150","INN1","","",3.99521592,,"",
"","100000007990278","INN1","","",5.06292552,,"",
"","100000007989978","INN1","","",7.876711167,,"",
"","100000007990151","INN1","","",4.500566064,,"",
"","100000007990236","INN1","","",3.181871808,,"",
"","100000007927160","FSD1","","",6.93471,,"",
"","100000007927176","FSD1","","",10.0102,,"",
"","100000007927177","FSD1","","",11.92683,,"",
"","100000007891386","EQU1","","",1.0669,,"",
"","100000007891359","EQU1","","",2.3261,,"",
"","100000007892582","EQU1","","",0.3822,,"",
"","100000007892591","EQU1","","",0.15105,,"",
"","100000008011080","EQU1","","",5.31,,"",
"","100000008011225","EQU1","","",5.32875,,"",
"","100000008011935","EQU1","","",5.335,,"",
"","100000008011008","EQU1","","",7.1619,,"",
"","100000008010319","EQU1","","",2.4045,,"",
"","100000008010691","EQU1","","",2.2821,,"",
"","100000008009836","EQU1","","",2.95185,,"",
"","100000008010237","EQU1","","",3.40945,,"",
"","100000008009754","EQU1","","",5.9261,,"",
"","100000008022727","EQU1","","",38.60605,,"",
"","100000008023473","EQU1","","",40.3081,,"",
"","100000008018047","EQU1","","",55.762,,"",
"","100000008016327","EQU1","","",16.26625,,"",
"","100000008016611","EQU1","","",28.221,,"",
"","100000008016136","EQU1","","",9.7915,,"",
"","100000008016328","EQU1","","",18.4799,,"",
"","100000008016612","EQU1","","",19.8443,,"",
"","100000007958549","EQU1","","",0.83315,,"",
"","100000007958623","EQU1","","",0.9018,,"",
"","100000007957751","EQU1","","",0.6585,,"",
"","100000007965269","EQU1","","",0.1781,,"",
"","100000007957084","EQU1","","",1.3712,,"",
"","100000007950035","EQU1","","",0.7431,,"",
"","100000007950105","EQU1","","",18.5348,,"",
"","100000007949934","EQU1","","",0.9387,,"",
"","100000007952649","EQU1","","",6.4573,,"",
"","100000007952550","EQU1","","",6.7099,,"",
"","100000007952604","EQU1","","",8.93065,,"",
"","100000007953876","EQU1","","",0.9709,,"",
"","100000007951867","EQU1","","",18.5811,,"",
"","100000007951078","EQU1","","",4.8131,,"",
"","100000007951100","EQU1","","",6.13595,,"",
"","100000007951111","EQU1","","",11.0516,,"",
"","100000007953209","EQU1","","",4.25735,,"",
"","100000007949612","EQU1","","",0.8315,,"",
"","100000007949575","EQU1","","",0.8144,,"",
"","100000007949613","EQU1","","",1.80655,,"",
"","100000007934545","EQU1","","",0.1786,,"",
"","100000007932075","EQU1","","",0.298,,"",
"","100000007932098","EQU1","","",0.37685,,"",
"","100000007932000","EQU1","","",0.25515,,"",
"","100000007932021","EQU1","","",0.17485,,"",
"","100000007935603","EQU1","","",0.1548,,"",
"","100000007935494","EQU1","","",0.2197,,"",
"","100000007935534","EQU1","","",0.0882,,"",
"","100000007932157","EQU1","","",0.2977,,"",
"","100000007932909","EQU1","","",0.77725,,"",
"","100000007927136","FSD1","","",4.6566,,"",
"","100000007927161","FSD1","","",1.41634,,"",
"","100000007928259","FSD1","","",50.42815,,"",
"","100000307493596","FSD1","","",432.39543,,"",
"","100000007891379","EQU1","","",2.7056,,"",
"","100000007891427","EQU1","","",1.394,,"",
"","100000008016652","EQU1","","",8.2279,,"",
"","100000008016892","EQU1","","",10.0609,,"",
"","100000008011386","EQU1","","",10.74795,,"",
"","100000008011647","EQU1","","",4.9703,,"",
"","100000008011936","EQU1","","",4.9599,,"",
"","100000008012145","EQU1","","",5.15285,,"",
"","100000008011009","EQU1","","",21.9031,,"",
"","100000008011387","EQU1","","",4.8165,,"",
"","100000008011552","EQU1","","",5.00975,,"",
"","100000008012350","EQU1","","",1.6509,,"",
"","100000008030517","EQU1","","",17.52355,,"",
"","100000008029909","EQU1","","",11.97665,,"",
"","100000008025510","EQU1","","",4.005,,"",
"","100000008015936","EQU1","","",39.7713,,"",
"","100000008017806","EQU1","","",13.0127,,"",
"","100000007955340","EQU1","","",0.3088,,"",
"","100000007955360","EQU1","","",0.3964,,"",
"","100000007955386","EQU1","","",0.3184,,"",
"","100000007949957","EQU1","","",1.48595,,"",
"","100000007953445","EQU1","","",0.21135,,"",
"","100000007951899","EQU1","","",2.27165,,"",
"","100000007950518","EQU1","","",2.2563,,"",
"","100000007950535","EQU1","","",2.3643,,"",
"","100000007952624","EQU1","","",38.0427,,"",
"","100000007951880","EQU1","","",1.0546,,"",
"","100000007951818","EQU1","","",1.3323,,"",
"","100000007951832","EQU1","","",1.4413,,"",
"","100000007949367","EQU1","","",0.3168,,"",
"","100000007949284","EQU1","","",0.4227,,"",
"","100000007949296","EQU1","","",0.5408,,"",
"","100000007949318","EQU1","","",0.59365,,"",
"","100000007949329","EQU1","","",0.42295,,"",
"","100000007949350","EQU1","","",0.46185,,"",
"","100000007949373","EQU1","","",0.71415,,"",
"","100000007951655","EQU1","","",31.24035,,"",
"","100000007951670","EQU1","","",36.0626,,"",
"","100000007931976","EQU1","","",0.24755,,"",
"","100000007932694","EQU1","","",0.467,,"",
"","100000007932601","EQU1","","",0.27735,,"",
"","100000007932388","EQU1","","",1.0207,,"",
"","100000007932403","EQU1","","",1.0785,,"",
"","100000007932361","EQU1","","",1.22285,,"",
"","100000007935587","EQU1","","",0.1259,,"",
"","100000007932922","EQU1","","",1.04085,,"",
"","100000007932885","EQU1","","",0.34645,,"",
"","100000007932871","EQU1","","",0.89885,,"",
"","100000007915622","TPT1","","",0.0531,,"",
"","100000007915577","TPT1","","",0,,"",
"","100000007915549","TPT1","","",0.2229,,"",
"","100000007915550","TPT1","","",0.5,,"",
"","100000007917643","TPT1","","",11.77191,,"",
"","100000007918882","TPT1","","",18.3427,,"",
"","100000007893813","TPT1","","",1.37479,,"",
"","100000007945568","TPT1","","",1.09268,,"",
"","100000007945624","TPT1","","",1.1739,,"",
"","100000007945530","TPT1","","",1.4971,,"",
"","100000007945583","TPT1","","",0.34737,,"",
"","100000007945635","TPT1","","",1.6604,,"",
"","100000007945868","TPT1","","",2.9675,,"",
"","100000007945850","TPT1","","",0.3495,,"",
"","100000007945869","TPT1","","",0.581,,"",
"","100000007945814","TPT1","","",0.75939,,"",
"","100000007945841","TPT1","","",0.8707,,"",
"","100000008035868","TPT1","","",1.1348,,"",
"","100000008010685","TPT1","","",2.72388,,"",
"","100000007899409","TPT1","","",0.8889,,"",
"","100000008010761","TPT1","","",4.35289,,"",
"","100000008010315","TPT1","","",3.4918,,"",
"","100000008009913","TPT1","","",2.08616,,"",
"","100000008010914","TPT1","","",5.9878,,"",
"","100000008010569","TPT1","","",6.7282,,"",
"","100000008010423","TPT1","","",2.0062,,"",
"","100000008010203","TPT1","","",2.72388,,"",
"","100000008010517","TPT1","","",4.6716,,"",
"","100000007957989","TPT1","","",55.9817,,"",
"","100000007957610","TPT1","","",0.4178,,"",
"","100000007957631","TPT1","","",0.70331,,"",
"","100000007901499","TPT1","","",0.6725,,"",
"","100000007960010","TPT1","","",5.7857,,"",
"","100000007960042","TPT1","","",1.443,,"",
"","100000007959850","TPT1","","",2.0242,,"",
"","100000007959886","TPT1","","",2.0275,,"",
"","100000007959908","TPT1","","",3.1737,,"",
"","100000007959877","TPT1","","",2.2978,,"",
"","100000007961882","TPT1","","",3.8315,,"",
"","100000007955270","ULS1","","",0.27141,,"",
"","100000007956403","ULS1","","",0.20099,,"",
"","100000007956812","ULS1","","",0.2351,,"",
"","100000007957532","ULS1","","",0.21599,,"",
"","100000007907790","ULS1","","",0.6584,,"",
"","100000007908231","ULS1","","",2.99549,,"",
"","100000007908317","ULS1","","",1.93096,,"",
"","100000007908359","ULS1","","",3.4968,,"",
"","100000007908295","ULS1","","",0.5012,,"",
"","100000007908338","ULS1","","",0.4458,,"",
"","100000007907253","ULS1","","",0.5818,,"",
"","100000007907304","ULS1","","",0.35263,,"",
"","100000007913739","ULS1","","",0.1858,,"",
"","100000007913757","ULS1","","",0.0442,,"",
"","100000007913744","ULS1","","",0.50884,,"",
"","100000007949684","ULS1","","",13.1576,,"",
"","100000007949707","ULS1","","",4.4912,,"",
"","100000007949720","ULS1","","",5.4624,,"",
"","100000007949633","ULS1","","",17.66773,,"",
"","100000007949656","ULS1","","",4.7966,,"",
"","100000007949670","ULS1","","",6.3262,,"",
"","100000007949692","ULS1","","",2.7459,,"",
"","100000007949708","ULS1","","",7.0877,,"",
"","100000007915120","ULS1","","",0.50622,,"",
"","100000007949741","ULS1","","",8.327,,"",
"","100000007917335","ULS1","","",1.63074,,"",
"","100000007963703","ULS1","","",1.2795,,"",
"","100000007963745","ULS1","","",2.4431,,"",
"","100000007963769","ULS1","","",4.2984,,"",
"","100000007963674","ULS1","","",2.8622,,"",
"","100000007963770","ULS1","","",2.8965,,"",
"","100000007963615","ULS1","","",3.562,,"",
"","100000007963644","ULS1","","",5.65469,,"",
"","100000007963730","ULS1","","",4.7015,,"",
"","100000007963771","ULS1","","",5.8498,,"",
"","100000007963728","ULS1","","",7.5653,,"",
"","100000008033461","ULS1","","",4.14882,,"",
"","100000008033719","ULS1","","",4.0298,,"",
"","100000008035193","ULS1","","",73.56525,,"",
"","100000008035731","ULS1","","",42.19268,,"",
"","100000008035548","ULS1","","",23.65076,,"",
"","100000008034914","ULS1","","",67.4349,,"",
"","100000007918628","ULS1","","",8.59874,,"",
"","100000008035573","ULS1","","",42.19312,,"",
"","100000008035306","ULS1","","",23.65076,,"",
"","100000008035847","ULS1","","",42.2273,,"",
"","100000008035594","ULS1","","",24.497,,"",
"","100000007931014","ULS1","","",6.7344,,"",
"","100000007931049","ULS1","","",1.0745,,"",
"","100000007930984","ULS1","","",12.2003,,"",
"","100000007930859","ULS1","","",1.2022,,"",
"","100000007930880","ULS1","","",16.0533,,"",
"","100000008032505","ULS1","","",0.1247,,"",
"","100000007930909","ULS1","","",1.3293,,"",
"","100000007930926","ULS1","","",17.2618,,"",
"","100000007930964","ULS1","","",5.0723,,"",
"","100000007930835","ULS1","","",0.5208,,"",
"","100000008026907","ULS1","","",5.86375,,"",
"","100000008027027","ULS1","","",5.68446,,"",
"","100000008027544","ULS1","","",8.8906,,"",
"","100000008027828","ULS1","","",8.39006,,"",
"","100000008026518","ULS1","","",8.39012,,"",
"","100000008026751","ULS1","","",8.26684,,"",
"","100000007893843","ULS1","","",1.37407,,"",
"","100000008027941","ULS1","","",9.64845,,"",
"","100000008027664","ULS1","","",11.68574,,"",
"","100000007919411","ULS1","","",22.44,,"",
"","100000007919332","ULS1","","",16.36293,,"",
"","100000007920054","ULS1","","",7.0911,,"",
"","100000007919761","ULS1","","",11.1036,,"",
"","100000007920619","ULS1","","",31.0959,,"",
"","100000007920561","ULS1","","",17.2095,,"",
"","100000007920526","ULS1","","",14.2077,,"",
"","100000007921461","ULS1","","",19.0195,,"",
"","100000007920888","ULS1","","",18.6573,,"",
"","100000007921170","ULS1","","",22.13591,,"",
"","100000007898426","ULS1","","",1.8035,,"",
"","100000007901128","ULS1","","",0.2412,,"",
"","100000007942122","ULS1","","",0.6229,,"",
"","100000007942167","ULS1","","",0.7058,,"",
"","100000007903203","ULS1","","",0.77851,,"",
"","100000007942207","ULS1","","",0.7823,,"",
"","100000007942225","ULS1","","",0.9266,,"",
"","100000007941725","ULS1","","",0.94732,,"",
"","100000007941766","ULS1","","",1.32603,,"",
"","100000007918892","TPT1","","",13.60451,,"",
"","100000007918804","TPT1","","",12.52565,,"",
"","100000007918795","TPT1","","",18.3885,,"",
"","100000007918698","TPT1","","",9.74415,,"",
"","100000007893806","TPT1","","",0.8905,,"",
"","100000007897783","TPT1","","",0.3192,,"",
"","100000007945888","TPT1","","",0.82338,,"",
"","100000007945908","TPT1","","",1.14428,,"",
"","100000007945936","TPT1","","",1.10247,,"",
"","100000007945870","TPT1","","",0.3185,,"",
"","100000007945682","TPT1","","",1.8779,,"",
"","100000007945728","TPT1","","",2.2339,,"",
"","100000007945751","TPT1","","",2.3333,,"",
"","100000007945770","TPT1","","",2.671,,"",
"","100000007945717","TPT1","","",3.32402,,"",
"","100000007945745","TPT1","","",2.73464,,"",
"","100000008010044","TPT1","","",0.6445,,"",
"","100000007899434","TPT1","","",0.2932,,"",
"","100000008035331","TPT1","","",0.41664,,"",
"","100000007894329","TPT1","","",0.0686,,"",
"","100000007894439","TPT1","","",0.151,,"",
"","100000007894784","TPT1","","",0.08206,,"",
"","100000007894759","TPT1","","",0.09905,,"",
"","100000007900631","TPT1","","",0.1953,,"",
"","100000007962122","TPT1","","",6.2806,,"",
"","100000007961981","TPT1","","",6.28735,,"",
"","100000007962053","TPT1","","",6.30926,,"",
"","100000007901444","TPT1","","",0.60498,,"",
"","100000007962098","TPT1","","",1.2956,,"",
"","100000007962215","TPT1","","",1.6525,,"",
"","100000007961957","TPT1","","",2.785,,"",
"","100000007962029","TPT1","","",2.4195,,"",
"","100000007962193","TPT1","","",1.9036,,"",
"","100000007960958","TPT1","","",2.263,,"",
"","100000007957299","ULS1","","",0.515,,"",
"","100000007957318","ULS1","","",0.4528,,"",
"","100000007957373","ULS1","","",0.4171,,"",
"","100000007907466","ULS1","","",1.4297,,"",
"","100000007957280","ULS1","","",0.4515,,"",
"","100000007957311","ULS1","","",0.4034,,"",
"","100000007957348","ULS1","","",0.306,,"",
"","100000007957394","ULS1","","",0.4686,,"",
"","100000007913773","ULS1","","",0.094,,"",
"","100000007913790","ULS1","","",0.0536,,"",
"","100000007913819","ULS1","","",0.374,,"",
"","100000007913846","ULS1","","",0.1055,,"",
"","100000007913745","ULS1","","",0.22217,,"",
"","100000007916707","ULS1","","",0.56596,,"",
"","100000007916806","ULS1","","",0.0609,,"",
"","100000007916819","ULS1","","",0.08658,,"",
"","100000007916708","ULS1","","",0.10023,,"",
"","100000007949647","ULS1","","",11.27588,,"",
"","100000007949662","ULS1","","",11.4986,,"",
"","100000007949685","ULS1","","",13.61929,,"",
"","100000007949698","ULS1","","",196.42645,,"",
"","100000007949657","ULS1","","",18.53768,,"",
"","100000007949676","ULS1","","",3.8682,,"",
"","100000007949693","ULS1","","",18.67941,,"",
"","100000007950546","ULS1","","",2.3995,,"",
"","100000007950561","ULS1","","",12.4086,,"",
"","100000007915732","ULS1","","",0.39062,,"",
"","100000007950588","ULS1","","",8.0361,,"",
"","100000007917267","ULS1","","",2.44727,,"",
"","100000007963614","ULS1","","",2.7865,,"",
"","100000007963623","ULS1","","",2.6435,,"",
"","100000007963652","ULS1","","",2.8958,,"",
"","100000007964227","ULS1","","",3.4755,,"",
"","100000007964183","ULS1","","",11.9817,,"",
"","100000007966556","ULS1","","",2.8306,,"",
"","100000008036233","ULS1","","",39.2111,,"",
"","100000008036333","ULS1","","",24.497,,"",
"","100000008032727","ULS1","","",42.61157,,"",
"","100000008032548","ULS1","","",24.497,,"",
"","100000008032462","ULS1","","",42.61174,,"",
"","100000007837363","ULS1","","",26.6722,,"",
"","100000007918553","ULS1","","",6.54923,,"",
"","100000007837355","ULS1","","",17.99231,,"",
"","100000007837361","ULS1","","",10.7151,,"",
"","100000007926076","ULS1","","",0.61182,,"",
"","100000007930860","ULS1","","",6.0817,,"",
"","100000007930890","ULS1","","",0.6607,,"",
"","100000007930910","ULS1","","",10.5755,,"",
"","100000007930938","ULS1","","",0.7082,,"",
"","100000007930985","ULS1","","",12.2715,,"",
"","100000008032675","ULS1","","",0.2716,,"",
"","100000007930845","ULS1","","",0.9375,,"",
"","100000007930881","ULS1","","",22.9422,,"",
"","100000007930901","ULS1","","",0.935,,"",
"","100000008027992","ULS1","","",18.5214,,"",
"","100000008027902","ULS1","","",24.0221,,"",
"","100000008027903","ULS1","","",16.2459,,"",
"","100000008023040","ULS1","","",0.6778,,"",
"","100000008023258","ULS1","","",0.8367,,"",
"","100000008023482","ULS1","","",12.6684,,"",
"","100000008022601","ULS1","","",0.8209,,"",
"","100000008022839","ULS1","","",0.77249,,"",
"","100000007934103","ULS1","","",0.5058,,"",
"","100000007934015","ULS1","","",0.8745,,"",
"","100000007933719","ULS1","","",0.5293,,"",
"","100000007934302","ULS1","","",1.11147,,"",
"","100000007934768","ULS1","","",14.2647,,"",
"","100000007934729","ULS1","","",12.564,,"",
"","100000007934816","ULS1","","",143.752,,"",
"","100000007935538","ULS1","","",31.8163,,"",
"","100000007898728","ULS1","","",0.5238,,"",
"","100000007901075","ULS1","","",0.15957,,"",
"","100000007944547","ULS1","","",1.2392,,"",
"","100000007944796","ULS1","","",4.90133,,"",
"","100000007903321","ULS1","","",2.65778,,"",
"","100000007944758","ULS1","","",7.22546,,"",
"","100000007944673","ULS1","","",0.37457,,"",
"","100000007945448","ULS1","","",0.7511,,"",
"","100000007945441","ULS1","","",0.3726,,"",
"","100000007945431","ULS1","","",4.50714,,"",
"","100000007945486","ULS1","","",0.9338,,"",
"","100000007945989","ULS1","","",2.03734,,"",
"","100000007946016","ULS1","","",3.7911,,"",
"","100000007919575","TPT1","","",18.65171,,"",
"","100000007919580","TPT1","","",18.66686,,"",
"","100000007893811","TPT1","","",0.19898,,"",
"","100000007898728","TPT1","","",0.4576,,"",
"","100000007945694","TPT1","","",3.8078,,"",
"","100000007945718","TPT1","","",5.8471,,"",
"","100000007945753","TPT1","","",6.03647,,"",
"","100000007945771","TPT1","","",5.83589,,"",
"","100000007945661","TPT1","","",7.16944,,"",
"","100000007945677","TPT1","","",8.6922,,"",
"","100000007945762","TPT1","","",0.77391,,"",
"","100000007945649","TPT1","","",0.8958,,"",
"","100000007945711","TPT1","","",1.161,,"",
"","100000007945737","TPT1","","",1.45231,,"",
"","100000007900635","TPT1","","",0.1872,,"",
"","100000007899727","TPT1","","",0.6385,,"",
"","100000007900640","TPT1","","",0.4347,,"",
"","100000007900637","TPT1","","",0.1174,,"",
"","100000007900641","TPT1","","",0.1416,,"",
"","100000007908152","TPT1","","",2.24404,,"",
"","100000007908181","TPT1","","",0.8345,,"",
"","100000007908295","TPT1","","",0.4177,,"",
"","100000007908338","TPT1","","",0.3741,,"",
"","100000007907202","TPT1","","",0.6452,,"",
"","100000007909581","TPT1","","",1.7069,,"",
"","100000007961003","TPT1","","",4.0495,,"",
"","100000007960700","TPT1","","",6.7225,,"",
"","100000007960850","TPT1","","",1.02,,"",
"","100000007901500","TPT1","","",0.6633,,"",
"","100000007961004","TPT1","","",1.3606,,"",
"","100000007960701","TPT1","","",1.9073,,"",
"","100000007960775","TPT1","","",2.8608,,"",
"","100000007963328","TPT1","","",6.7394,,"",
"","100000007963419","TPT1","","",3.5375,,"",
"","100000007963463","TPT1","","",4.11483,,"",
"","100000007963548","TPT1","","",4.7094,,"",
"","100000007957125","ULS1","","",0.6241,,"",
"","100000007957170","ULS1","","",0.69035,,"",
"","100000007957190","ULS1","","",0.7054,,"",
"","100000007907670","ULS1","","",0.09967,,"",
"","100000007958622","ULS1","","",0.6778,,"",
"","100000007958694","ULS1","","",0.615,,"",
"","100000007958376","ULS1","","",0.70719,,"",
"","100000007958623","ULS1","","",0.9244,,"",
"","100000007916697","ULS1","","",0.10443,,"",
"","100000007916688","ULS1","","",0.12008,,"",
"","100000007916719","ULS1","","",0.33619,,"",
"","100000007916610","ULS1","","",0.04979,,"",
"","100000007916619","ULS1","","",0.0915,,"",
"","100000007916600","ULS1","","",0.25235,,"",
